"ID"	"GeneID"	"geneSymbol"	"chr"	"strand"	"riExonStart_0base"	"riExonEnd"	"upstreamES"	"upstreamEE"	"downstreamES"	"downstreamEE"	"ID.1"	"IJC_SAMPLE_1"	"SJC_SAMPLE_1"	"IJC_SAMPLE_2"	"SJC_SAMPLE_2"	"IncFormLen"	"SkipFormLen"	"PValue"	"FDR"	"IncLevel1"	"IncLevel2"	"IncLevelDifference"
6547	"CASP1"	"CASP1"	chr11	-	105025507	105026356	105025507	105025600	105026225	105026356	6547	25,12,6	0,0,0	11,9,9	3,2,5	724	99	3.65152352799e-13	3.24894305903e-10	1.0,1.0,1.0	0.334,0.381,0.198	0.696
1557	"OGT"	"OGT"	chrX	+	71544566	71548023	71544566	71544635	71547906	71548023	1557	554,453,427	28,16,16	364,315,325	48,45,56	3370	99	4.81281681175e-13	3.33817621693e-10	0.368,0.454,0.439	0.182,0.171,0.146	0.254
2979	"ACAD11"	"ACAD11"	chr3	-	132578795	132579558	132578795	132579056	132579491	132579558	2979	6,3,2	0,0,0	4,5,7	3,1,5	534	99	5.62772051182e-13	3.33817621693e-10	1.0,1.0,1.0	0.198,0.481,0.206	0.705
2907	"RPL8"	"RPL8"	chr8	-	144791276	144791495	144791276	144791307	144791370	144791495	2907	11271,7883,6294	0,0,0	10168,7609,8646	1,0,473	162	99	2.97473157218e-12	1.51243852363e-09	1.0,1.0,1.0	1.0,1.0,0.918	0.027
3414	"FLII"	"FLII"	chr17	-	18245743	18246062	18245743	18245850	18245933	18246062	3414	15,16,12	141,103,98	4,0,2	196,119,147	182	99	2.21065943329e-10	9.83467115385e-08	0.055,0.078,0.062	0.011,0.0,0.007	0.059
5577	"EFCAB12"	"EFCAB12"	chr3	-	129411157	129415401	129411157	129411354	129415244	129415401	5577	15,7,6	0,0,0	16,13,6	0,6,2	3989	99	2.11919037874e-09	8.38022061993e-07	1.0,1.0,1.0	1.0,0.051,0.069	0.627
3833	"SPINT2"	"SPINT2"	chr19	+	38290536	38292468	38290536	38290575	38291839	38292468	3833	246,172,145	1185,823,649	320,225,300	859,607,748	1363	99	1.51902086465e-08	5.40619525729e-06	0.015,0.015,0.016	0.026,0.026,0.028	-0.011
4380	"TAB3"	"TAB3"	chrX	-	30842965	30846644	30842965	30843049	30846550	30846644	4380	62,52,55	67,30,29	37,13,33	55,42,79	3600	99	3.41431296569e-08	1.10468544044e-05	0.025,0.045,0.05	0.018,0.008,0.011	0.028
49	"NELL2"	"NELL2"	chr12	-	44875814	44876315	44875814	44875900	44876293	44876315	49	3,1,6	1,0,0	0,0,1	1,1,2	492	99	4.3177764808e-08	1.28058054126e-05	0.376,1.0,1.0	0.0,0.0,0.091	0.762
4646	"N6AMT1"	"N6AMT1"	chr21	-	28872190	28876491	28872190	28872739	28876311	28876491	4646	220,167,161	0,0,0	243,187,258	6,1,3	3671	99	7.95541410525e-08	2.12380797381e-05	1.0,1.0,1.0	0.522,0.835,0.699	0.315
6128	"AMT"	"AMT"	chr3	-	49419709	49420342	49419709	49419788	49420210	49420342	6128	8,5,6	0,2,0	0,1,0	1,1,1	521	99	8.35440057134e-08	2.12380797381e-05	1.0,0.322,1.0	0.0,0.16,0.0	0.721
4728	"AQP3"	"AQP3"	chr9	-	33442851	33443458	33442851	33442970	33443178	33443458	4728	29,17,14	4,11,1	6,5,2	0,0,0	307	99	1.18013783634e-07	2.80007370636e-05	0.7,0.333,0.819	1.0,1.0,1.0	-0.383
4161	"HTRA2"	"HTRA2"	chr2	+	74531338	74531702	74531338	74531411	74531596	74531702	4161	25,23,17	0,1,0	28,22,13	9,3,4	284	99	1.32084456816e-07	2.9380536363e-05	1.0,0.889,1.0	0.52,0.719,0.531	0.373
5764	"PFKM"	"PFKM"	chr12	+	48134942	48135383	48134942	48135038	48135290	48135383	5764	0,5,1	53,50,36	15,7,13	57,31,30	351	99	1.62574065543e-07	3.40353587804e-05	0.0,0.027,0.008	0.069,0.06,0.109	-0.068
5756	"C5orf45"	"C5orf45"	chr5	-	179853196	179853437	179853196	179853276	179853377	179853437	5756	5,3,0	4,8,6	5,3,2	0,1,0	200	99	2.31641356652e-07	4.58006437958e-05	0.382,0.157,0.0	1.0,0.598,1.0	-0.686
4820	"CSRP1"	"CSRP1"	chr1	-	201485282	201488984	201485282	201485376	201488854	201488984	4820	363,353,194	672,487,363	115,77,70	360,290,273	3577	99	2.56407734822e-07	4.80292172753e-05	0.015,0.02,0.015	0.009,0.007,0.007	0.009
2455	"CYP1A1"	"CYP1A1"	chr15	-	74720719	74721053	74720719	74720774	74720966	74721053	2455	68,43,50	217,128,126	0,0,0	9,11,4	291	99	6.03027996871e-07	0.000107308832043	0.096,0.103,0.119	0.0,0.0,0.0	0.106
5029	"ANKZF1"	"ANKZF1"	chr2	+	219234132	219235312	219234132	219234288	219234825	219235312	5029	68,42,51	37,31,31	41,28,30	58,47,53	636	99	1.12088461957e-06	0.000189963255288	0.222,0.174,0.204	0.099,0.085,0.081	0.112
1143	"SLC52A3"	"SLC52A3"	chr20	-	760079	761824	760079	761238	761700	761824	1143	47,31,33	7,8,4	38,26,35	0,1,1	561	99	1.44729286522e-06	0.000223952839449	0.542,0.406,0.593	1.0,0.821,0.861	-0.38
3653	"ACADVL"	"ACADVL"	chr17	+	7223812	7224069	7223812	7223875	7223967	7224069	3653	39,41,19	592,435,374	15,9,21	621,449,541	191	99	1.42909621392e-06	0.000223952839449	0.033,0.047,0.026	0.012,0.01,0.02	0.021
952	"ANKRD52"	"ANKRD52"	chr12	-	56237806	56243392	56237806	56237968	56243237	56243392	952	2420,1838,1572	4,3,8	2853,1971,2701	0,0,1	5368	99	1.62085749633e-06	0.00024035965956	0.918,0.919,0.784	1.0,1.0,0.98	-0.12
1620	"ICOSLG"	"ICOSLG"	chr21	-	44226833	44230089	44226833	44229044	44230053	44230089	1620	7,5,6	3,2,0	6,4,2	0,0,0	1108	99	2.20075700763e-06	0.000313299767606	0.173,0.183,1.0	1.0,1.0,1.0	-0.548
3276	"SLC25A3"	"SLC25A3"	chr12	+	98593624	98594135	98593624	98593740	98593974	98594135	3276	116,105,74	794,549,568	182,156,189	724,508,781	333	99	2.35181899655e-06	0.000321927838797	0.042,0.054,0.037	0.07,0.084,0.067	-0.029
1084	"PTK7"	"PTK7"	chr6	+	43142171	43143620	43142171	43142299	43143416	43143620	1084	48,44,39	137,73,87	100,48,62	79,59,78	1216	99	2.54565476576e-06	0.000335555011531	0.028,0.047,0.035	0.093,0.062,0.061	-0.035
3190	"PNPLA7"	"PNPLA7"	chr9	-	137478033	137479238	137478033	137478152	137479055	137479238	3190	1,3,2	1,3,0	2,5,1	0,0,0	1002	99	3.04647911997e-06	0.000383901202936	0.09,0.09,1.0	1.0,1.0,1.0	-0.607
3912	"BRAT1"	"BRAT1"	chr7	-	2539785	2541052	2539785	2539888	2540978	2541052	3912	93,60,66	184,132,102	162,94,128	153,90,143	1189	99	3.12816377779e-06	0.000383901202936	0.04,0.036,0.051	0.081,0.08,0.069	-0.034
4934	"RBM39"	"RBM39"	chr20	-	35738967	35740887	35738967	35739017	35740823	35740887	4934	224,121,112	257,181,169	114,86,98	259,210,246	1905	99	3.43072817022e-06	0.000406998718594	0.043,0.034,0.033	0.022,0.021,0.02	0.016
298	"CPNE1"	"CPNE1"	chr20	-	35626043	35626803	35626043	35626381	35626566	35626803	298	3,0,0	84,50,59	11,3,6	27,30,50	284	99	3.95032761891e-06	0.000453523096636	0.012,0.0,0.0	0.124,0.034,0.04	-0.062
1986	"OGFOD2"	"OGFOD2"	chr12	+	122975810	122976767	122975810	122975867	122976600	122976767	1986	22,7,9	0,1,0	13,2,20	2,3,6	832	99	4.29306011029e-06	0.000477468779141	1.0,0.454,1.0	0.436,0.073,0.284	0.554
5556	"CD46"	"CD46"	chr1	+	207767012	207770362	207767012	207767195	207770320	207770362	5556	309,209,156	124,89,78	132,111,128	122,72,104	3224	99	5.05532635009e-06	0.000545209287272	0.071,0.067,0.058	0.032,0.045,0.036	0.028
552	"PABPC4"	"PABPC4"	chr1	-	39560815	39562203	39560815	39561122	39562072	39562203	552	50,59,30	1,0,0	31,46,46	2,1,4	1049	99	5.76593780222e-06	0.000603558018768	0.825,1.0,1.0	0.594,0.813,0.52	0.299
5118	"KLF8"	"KLF8"	chrX	+	56265179	56269489	56265179	56265744	56269377	56269489	5118	36,41,29	48,24,21	58,43,61	26,14,9	3732	99	5.98490491777e-06	0.000608579331496	0.02,0.043,0.035	0.056,0.075,0.152	-0.062
2596	"TPCN1"	"TPCN1"	chr12	+	113291873	113293073	113291873	113291958	113292933	113293073	2596	25,29,19	25,20,17	7,5,2	13,13,22	1074	99	6.42627796144e-06	0.000635308979577	0.084,0.118,0.093	0.047,0.034,0.008	0.069
390	"MOK"	"MOK"	chr14	-	102232534	102233789	102232534	102232671	102233687	102233789	390	57,35,21	0,1,0	34,40,35	8,2,1	1115	99	7.3237638204e-06	0.000673931941483	1.0,0.757,1.0	0.274,0.64,0.757	0.362
4018	"ANKRD13D"	"ANKRD13D"	chr11	+	67299057	67299611	67299057	67299124	67299529	67299611	4018	20,10,12	75,48,30	29,35,40	44,46,50	504	99	7.15470462664e-06	0.000673931941483	0.05,0.039,0.073	0.115,0.13,0.136	-0.073
5612	"TMEM191A"	"TMEM191A"	chr22	+	20703632	20704040	20703632	20703692	20703967	20704040	5612	3,3,2	0,0,0	1,0,1	0,2,1	374	99	7.38503672881e-06	0.000673931941483	1.0,1.0,1.0	1.0,0.0,0.209	0.597
2164	"PPOX"	"PPOX"	chr1	+	161167099	161167486	161167099	161167234	161167338	161167486	2164	3,1,1	4,2,0	3,1,2	0,0,0	203	99	9.20937790472e-06	0.000819404399072	0.268,0.196,1.0	1.0,1.0,1.0	-0.512
310	"NEK8"	"NEK8"	chr17	+	28737305	28737736	28737305	28737514	28737674	28737736	310	5,3,0	4,5,2	1,5,4	1,0,0	259	99	9.67362395787e-06	0.00083623854887	0.323,0.187,0.0	0.277,1.0,1.0	-0.589
5636	"HMGN1"	"HMGN1"	chr21	-	39345145	39348339	39345145	39345274	39348291	39348339	5636	695,530,463	1420,1100,927	452,359,431	1356,1098,1460	3116	99	9.86850774165e-06	0.00083623854887	0.015,0.015,0.016	0.01,0.01,0.009	0.006
3382	"ARSA"	"ARSA"	chr22	-	50627555	50628170	50627555	50627792	50627945	50628170	3382	53,28,23	6,3,5	27,17,18	0,0,1	252	99	1.01745409646e-05	0.000842120727744	0.776,0.786,0.644	1.0,1.0,0.876	-0.223
3585	"HNRNPH1"	"HNRNPH1"	chr5	-	179617798	179618060	179617798	179617932	179617988	179618060	3585	65,56,45	1330,1016,906	108,94,118	1381,1034,1195	155	99	1.1983632164e-05	0.000969312428902	0.03,0.034,0.031	0.048,0.055,0.059	-0.022
2585	"KRI1"	"KRI1"	chr19	-	10564928	10565790	10564928	10565034	10565716	10565790	2585	43,37,36	128,105,77	23,32,19	176,113,148	781	99	1.58170730349e-05	0.00119772261556	0.041,0.043,0.056	0.016,0.035,0.016	0.024
4076	"AUP1"	"AUP1"	chr2	-	74528750	74529282	74528750	74528935	74529131	74529282	4076	113,85,94	298,182,208	104,52,87	366,286,333	295	99	1.54985298666e-05	0.00119772261556	0.113,0.135,0.132	0.087,0.058,0.081	0.051
6330	"HMGA1"	"HMGA1"	chr6	+	34236872	34237317	34236872	34236963	34237203	34237317	6330	51,33,30	87,89,86	57,81,95	89,49,93	339	99	1.56169036347e-05	0.00119772261556	0.146,0.098,0.092	0.158,0.326,0.23	-0.126
2198	"GAS5"	"GAS5"	chr1	-	173863900	173864304	173863900	173864075	173864256	173864304	2198	60,28,39	526,437,274	80,80,90	470,359,513	280	99	1.7881531474e-05	0.00127850355798	0.039,0.022,0.048	0.057,0.073,0.058	-0.026
3861	"CHI3L1"	"CHI3L1"	chr1	-	203178930	203179877	203178930	203179585	203179760	203179877	3861	10,7,0	45,23,21	0,0,0	49,21,28	274	99	1.79615560267e-05	0.00127850355798	0.074,0.099,0.0	0.0,0.0,0.0	0.058
6477	"IFT80"	"IFT80"	chr3	-	160383436	160384646	160383436	160383504	160384405	160384646	6477	53,36,43	4,2,4	29,28,23	1,0,0	1000	99	1.73656945841e-05	0.00127850355798	0.567,0.641,0.516	0.742,1.0,1.0	-0.339
6379	"CHTOP"	"CHTOP"	chr1	+	153636571	153638448	153636571	153636653	153638294	153638448	6379	277,224,182	227,173,141	169,157,134	243,146,218	1740	99	1.88473864535e-05	0.00131525192918	0.065,0.069,0.068	0.038,0.058,0.034	0.024
1047	"VEGFA"	"VEGFA"	chr6	+	43778888	43786484	43778888	43778918	43784540	43786484	1047	576,480,375	63,64,44	367,238,383	74,65,72	5721	99	1.95858893871e-05	0.00133072849761	0.137,0.115,0.129	0.079,0.06,0.084	0.053
2322	"PRMT5"	"PRMT5"	chr14	-	22928125	22928615	22928125	22928241	22928496	22928615	2322	22,11,7	0,1,0	17,9,5	3,3,1	354	99	1.98169739739e-05	0.00133072849761	1.0,0.755,1.0	0.613,0.456,0.583	0.368
2553	"PSMD11"	"PSMD11"	chr17	+	32479250	32480197	32479250	32479376	32480145	32480197	2553	10,8,1	1,0,0	4,9,3	1,3,2	868	99	2.61183564845e-05	0.00169009510415	0.533,1.0,1.0	0.313,0.255,0.146	0.606
5579	"CAD"	"CAD"	chr2	+	27233311	27233808	27233311	27233536	27233625	27233808	5579	14,7,5	83,59,44	2,3,3	89,82,97	188	99	2.57150559868e-05	0.00169009510415	0.082,0.059,0.056	0.012,0.019,0.016	0.05
583	"MOV10"	"MOV10"	chr1	+	112698286	112699810	112698286	112698789	112699684	112699810	583	42,30,51	57,55,44	93,51,65	45,31,47	994	99	2.67530829995e-05	0.00170025397134	0.068,0.052,0.103	0.171,0.141,0.121	-0.07
2335	"TONSL"	"TONSL"	chr8	-	144432284	144433759	144432284	144432460	144433587	144433759	2335	30,21,10	59,45,30	50,26,33	33,32,31	1226	99	3.20429670299e-05	0.00200071788876	0.039,0.036,0.026	0.109,0.062,0.079	-0.05
2207	"GAS5"	"GAS5"	chr1	-	173866527	173866796	173866527	173866567	173866760	173866796	2207	81,66,73	1164,797,699	138,121,136	996,935,952	292	99	3.67940597649e-05	0.00225775963282	0.023,0.027,0.034	0.045,0.042,0.046	-0.016
2250	"NSD1"	"NSD1"	chr5	+	177135086	177136030	177135086	177135200	177135940	177136030	2250	101,65,62	26,21,29	163,137,196	27,20,20	839	99	3.75834352081e-05	0.00226710925264	0.314,0.268,0.201	0.416,0.447,0.536	-0.205
4651	"ACP6"	"ACP6"	chr1	-	147647367	147648411	147647367	147647566	147648245	147648411	4651	12,11,6	52,34,40	25,19,21	41,18,39	778	99	4.23531320346e-05	0.00251224661519	0.029,0.04,0.019	0.072,0.118,0.064	-0.055
1876	"CLK4"	"CLK4"	chr5	-	178616881	178618778	178616881	178616948	178617343	178618778	1876	22,22,14	3,0,1	24,16,18	13,19,5	494	99	4.57331786298e-05	0.00266826856956	0.595,1.0,0.737	0.27,0.144,0.419	0.5
3296	"C21orf33"	"C21orf33"	chr21	+	44144820	44145723	44144820	44144916	44145570	44145723	3296	57,49,45	6,3,0	76,51,57	0,0,1	753	99	5.08159594851e-05	0.00291699999689	0.555,0.682,1.0	1.0,1.0,0.882	-0.215
1998	"GPAA1"	"GPAA1"	chr8	+	144083388	144083861	144083388	144083500	144083713	144083861	1998	22,16,31	281,202,171	28,41,35	181,119,169	312	99	5.22359623493e-05	0.00295091730161	0.024,0.025,0.054	0.047,0.099,0.062	-0.035
3840	"SEC24C"	"SEC24C"	chr10	+	73770279	73770798	73770279	73770471	73770708	73770798	3840	11,13,18	179,121,107	7,2,7	182,142,182	336	99	5.5248483847e-05	0.00307233365643	0.018,0.031,0.047	0.011,0.004,0.011	0.023
5433	"PIN1"	"PIN1"	chr19	+	9849089	9849682	9849089	9849201	9849532	9849682	5433	996,762,669	43,0,0	953,620,948	9,0,0	430	99	5.68094225144e-05	0.00311053438044	0.842,1.0,1.0	0.961,1.0,1.0	-0.04
5889	"ORMDL1"	"ORMDL1"	chr2	-	189782421	189783123	189782421	189782602	189783013	189783123	5889	36,43,34	37,27,18	33,28,20	59,39,45	510	99	5.80877976261e-05	0.00313234048108	0.159,0.236,0.268	0.098,0.122,0.079	0.121
706	"ZWINT"	"ZWINT"	chr10	-	56359686	56360383	56359686	56359853	56360017	56360383	706	28,33,24	392,295,266	22,11,9	391,305,354	263	99	6.06068044691e-05	0.00317336111207	0.026,0.04,0.033	0.021,0.013,0.009	0.019
3847	"AP1G2"	"AP1G2"	chr14	-	23561511	23562415	23561511	23561635	23561961	23562415	3847	16,8,13	49,26,23	25,19,24	14,23,22	425	99	6.12616132241e-05	0.00317336111207	0.071,0.067,0.116	0.294,0.161,0.203	-0.135
5408	"RSRP1"	"RSRP1"	chr1	-	25243549	25245301	25243549	25243633	25245149	25245301	5408	398,281,287	5,2,3	273,231,325	18,8,9	1615	99	6.15234382503e-05	0.00317336111207	0.83,0.896,0.854	0.482,0.639,0.689	0.257
950	"ARHGAP4"	"ARHGAP4"	chrX	-	153913217	153913600	153913217	153913302	153913408	153913600	950	2,1,1	2,3,1	10,2,4	0,2,0	205	99	6.32144151916e-05	0.00321400148096	0.326,0.139,0.326	1.0,0.326,1.0	-0.512
3651	"ACADVL"	"ACADVL"	chr17	+	7222666	7223237	7222666	7222865	7223132	7223237	3651	160,164,107	465,292,278	146,65,97	436,327,394	366	99	6.84749931984e-05	0.00343242958864	0.085,0.132,0.094	0.083,0.051,0.062	0.038
3871	"MARCH6"	"MARCH6"	chr5	+	10400783	10402139	10400783	10400842	10402058	10402139	3871	265,215,169	100,54,57	142,113,113	76,63,69	1315	99	7.90872058595e-05	0.00390932452297	0.166,0.231,0.182	0.123,0.119,0.11	0.076
1854	"SNHG1"	"SNHG1"	chr11	-	62853800	62854064	62853800	62853833	62854017	62854064	1854	83,79,78	102,81,63	168,119,142	269,209,277	283	99	8.60922357575e-05	0.0041972913296	0.222,0.254,0.302	0.179,0.166,0.152	0.094
2616	"XBP1"	"XBP1"	chr22	-	28796046	28796192	28796046	28796121	28796147	28796192	2616	206,186,108	15,17,11	107,132,107	4,4,1	125	99	8.84154798542e-05	0.00425230665947	0.916,0.897,0.886	0.955,0.963,0.988	-0.069
1596	"PIGO"	"PIGO"	chr9	-	35091239	35092767	35091239	35091291	35092542	35092767	1596	473,335,287	5,3,3	405,302,327	1,0,0	1350	99	9.72954388687e-05	0.00461699289245	0.874,0.891,0.875	0.967,1.0,1.0	-0.109
777	"CCNK"	"CCNK"	chr14	+	99500765	99502376	99500765	99500871	99502206	99502376	777	14,7,5	0,1,0	6,5,10	4,1,0	1434	99	0.000103344582617	0.00483951802018	1.0,0.326,1.0	0.094,0.257,1.0	0.325
4308	"ABCC5"	"ABCC5"	chr3	-	183983752	183987917	183983752	183984894	183987769	183987917	4308	217,173,172	2,0,5	129,120,137	1,0,0	2974	99	0.000104866970407	0.00484703308673	0.783,1.0,0.534	0.811,1.0,1.0	-0.165
4797	"SIRT7"	"SIRT7"	chr17	-	81914293	81915512	81914293	81914702	81915439	81915512	4797	44,33,32	50,27,25	39,16,12	67,39,36	836	99	0.000106698423375	0.00486845754861	0.094,0.126,0.132	0.064,0.046,0.038	0.068
