"ID"	"GeneID"	"geneSymbol"	"chr"	"strand"	"riExonStart_0base"	"riExonEnd"	"upstreamES"	"upstreamEE"	"downstreamES"	"downstreamEE"	"ID.1"	"IJC_SAMPLE_1"	"SJC_SAMPLE_1"	"IJC_SAMPLE_2"	"SJC_SAMPLE_2"	"IncFormLen"	"SkipFormLen"	"PValue"	"FDR"	"IncLevel1"	"IncLevel2"	"IncLevelDifference"
2907	"RPL8"	"RPL8"	chr8	-	144791276	144791495	144791276	144791307	144791370	144791495	2907	11271,7883,6294	0,0,0	10168,7609,8646	1,0,473	161	99	3.09563485956e-12	8.07410271974e-09	1.0,1.0,1.0	1.0,1.0,0.918	0.027
6547	"CASP1"	"CASP1"	chr11	-	105025507	105026356	105025507	105025600	105026225	105026356	6547	3,1,2	0,0,0	2,4,2	3,2,5	198	99	4.63895588609e-12	8.07410271974e-09	1.0,1.0,1.0	0.25,0.5,0.167	0.694
49	"NELL2"	"NELL2"	chr12	-	44875814	44876315	44875814	44875900	44876293	44876315	49	2,1,5	1,0,0	0,0,0	1,1,2	198	99	4.74518202509e-11	5.50599287645e-08	0.5,1.0,1.0	0.0,0.0,0.0	0.833
2458	"CD55"	"CD55"	chr1	+	207336692	207337409	207336692	207336818	207337328	207337409	2458	10,8,12	526,355,262	14,14,13	94,86,98	198	99	1.87589388467e-10	1.48496708263e-07	0.009,0.011,0.022	0.069,0.075,0.062	-0.055
3414	"FLII"	"FLII"	chr17	-	18245743	18246062	18245743	18245850	18245933	18246062	3414	15,16,12	141,103,98	4,0,2	196,119,147	181	99	2.13296047491e-10	1.48496708263e-07	0.055,0.078,0.063	0.011,0.0,0.007	0.059
4960	"CAPN2"	"CAPN2"	chr1	+	223769840	223770525	223769840	223769909	223770446	223770525	4960	35,17,31	241,139,153	12,7,12	273,219,278	198	99	5.06298447611e-10	2.93737482689e-07	0.068,0.058,0.092	0.022,0.016,0.021	0.053
1557	"OGT"	"OGT"	chrX	+	71544566	71548023	71544566	71544635	71547906	71548023	1557	37,32,23	28,16,16	23,15,11	48,45,56	198	99	6.23434526226e-10	3.10025083685e-07	0.398,0.5,0.418	0.193,0.143,0.089	0.297
1986	"OGFOD2"	"OGFOD2"	chr12	+	122975810	122976767	122975810	122975867	122976600	122976767	1986	10,3,4	0,1,0	1,0,3	2,3,6	198	99	2.02472738575e-09	8.81009503724e-07	1.0,0.6,1.0	0.2,0.0,0.2	0.733
6128	"AMT"	"AMT"	chr3	-	49419709	49420342	49419709	49419788	49420210	49420342	6128	1,4,3	0,2,0	0,0,0	1,1,1	198	99	2.7840283412e-09	1.07680029508e-06	1.0,0.5,1.0	0.0,0.0,0.0	0.833
5480	"RBM25"	"RBM25"	chr14	+	73099666	73103478	73099666	73099750	73103191	73103478	5480	23,28,10	97,93,69	13,11,19	229,176,206	198	99	1.30278230426e-07	4.53498520113e-05	0.106,0.131,0.068	0.028,0.03,0.044	0.068
952	"ANKRD52"	"ANKRD52"	chr12	-	56237806	56243392	56237806	56237968	56243237	56243392	952	38,30,33	4,3,8	46,31,58	0,0,1	198	99	2.47624389771e-07	6.8247419476e-05	0.826,0.833,0.673	1.0,1.0,0.967	-0.212
4161	"HTRA2"	"HTRA2"	chr2	+	74531338	74531702	74531338	74531411	74531596	74531702	4161	11,10,9	0,1,0	16,9,9	9,3,4	198	99	2.54874017003e-07	6.8247419476e-05	1.0,0.833,1.0	0.471,0.6,0.529	0.411
5756	"C5orf45"	"C5orf45"	chr5	-	179853196	179853437	179853196	179853276	179853377	179853437	5756	5,3,0	4,8,6	5,3,2	0,1,0	198	99	2.27092414429e-07	6.8247419476e-05	0.385,0.158,0.0	1.0,0.6,1.0	-0.686
4646	"N6AMT1"	"N6AMT1"	chr21	-	28872190	28876491	28872190	28872739	28876311	28876491	4646	14,4,10	0,0,0	7,15,14	6,1,3	198	99	6.15627718137e-07	0.000153071434774	1.0,1.0,1.0	0.368,0.882,0.7	0.35
2455	"CYP1A1"	"CYP1A1"	chr15	-	74720719	74721053	74720719	74720774	74720966	74721053	2455	55,35,46	217,128,126	0,0,0	9,11,4	198	99	7.18293476587e-07	0.0001666919728	0.112,0.12,0.154	0.0,0.0,0.0	0.129
4728	"AQP3"	"AQP3"	chr9	-	33442851	33443458	33442851	33442970	33443178	33443458	4728	27,16,14	4,11,1	5,4,2	0,0,0	198	99	8.17747956572e-07	0.000177911289802	0.771,0.421,0.875	1.0,1.0,1.0	-0.311
3653	"ACADVL"	"ACADVL"	chr17	+	7223812	7224069	7223812	7223875	7223967	7224069	3653	39,41,19	592,435,374	15,9,21	621,449,541	190	99	1.4282345826e-06	0.000286325683249	0.033,0.047,0.026	0.012,0.01,0.02	0.021
5764	"PFKM"	"PFKM"	chr12	+	48134942	48135383	48134942	48135038	48135290	48135383	5764	0,2,1	53,50,36	11,5,7	57,31,30	198	99	1.48056946236e-06	0.000286325683249	0.0,0.02,0.014	0.088,0.075,0.104	-0.078
6462	"RAD52"	"RAD52"	chr12	-	916343	916820	916343	916483	916638	916820	6462	1,0,0	9,7,3	3,3,4	0,4,2	198	99	2.6306984432e-06	0.000481971646357	0.053,0.0,0.0	1.0,0.273,0.5	-0.573
1143	"SLC52A3"	"SLC52A3"	chr20	-	760079	761824	760079	761238	761700	761824	1143	15,6,11	7,8,4	13,9,9	0,1,1	198	99	3.09133929088e-06	0.000538047603578	0.517,0.273,0.579	1.0,0.818,0.818	-0.422
2124	"CLPP"	"CLPP"	chr19	+	6361868	6362542	6361868	6361940	6362445	6362542	2124	6,8,3	247,153,128	16,26,11	192,121,175	198	99	4.51555140268e-06	0.000748506401559	0.012,0.025,0.012	0.04,0.097,0.03	-0.039
4729	"AQP3"	"AQP3"	chr9	-	33442851	33443458	33442851	33442970	33443320	33443458	4729	30,22,14	459,347,268	3,5,4	280,199,231	198	99	5.59814593437e-06	0.000885779363525	0.032,0.031,0.025	0.005,0.012,0.009	0.021
6477	"IFT80"	"IFT80"	chr3	-	160383436	160384646	160383436	160383504	160384405	160384646	6477	11,2,4	4,2,4	7,2,4	1,0,0	198	99	7.69775476406e-06	0.00116503844929	0.579,0.333,0.333	0.778,1.0,1.0	-0.511
3382	"ARSA"	"ARSA"	chr22	-	50627555	50628170	50627555	50627792	50627945	50628170	3382	45,22,20	6,3,5	26,13,17	0,0,1	198	99	8.52036515275e-06	0.00123580796236	0.789,0.786,0.667	1.0,1.0,0.895	-0.218
2198	"GAS5"	"GAS5"	chr1	-	173863900	173864304	173863900	173864075	173864256	173864304	2198	48,24,32	526,437,274	70,73,72	470,359,513	198	99	1.00008959919e-05	0.00139252475791	0.044,0.027,0.055	0.069,0.092,0.066	-0.034
2164	"PPOX"	"PPOX"	chr1	+	161167099	161167486	161167099	161167234	161167338	161167486	2164	3,1,1	4,2,0	3,1,2	0,0,0	198	99	1.05096871557e-05	0.00140708542265	0.273,0.2,1.0	1.0,1.0,1.0	-0.509
3585	"HNRNPH1"	"HNRNPH1"	chr5	-	179617798	179618060	179617798	179617932	179617988	179618060	3585	65,56,45	1330,1016,906	108,94,118	1381,1034,1195	154	99	1.19777286485e-05	0.0015442397565	0.03,0.034,0.031	0.048,0.055,0.06	-0.023
78	"YBX2"	"YBX2"	chr17	-	7291092	7292059	7291092	7291182	7292025	7292059	78	23,7,11	26,16,18	2,2,0	18,7,9	198	99	1.341454255e-05	0.00166771509345	0.307,0.179,0.234	0.053,0.125,0.0	0.181
552	"PABPC4"	"PABPC4"	chr1	-	39560815	39562203	39560815	39561122	39562072	39562203	552	13,10,4	1,0,0	5,4,8	2,1,4	198	99	1.50993313113e-05	0.00175202574315	0.867,1.0,1.0	0.556,0.667,0.5	0.381
706	"ZWINT"	"ZWINT"	chr10	-	56359686	56360383	56359686	56359853	56360017	56360383	706	27,31,21	392,295,266	17,9,9	391,305,354	198	99	1.48620027371e-05	0.00175202574315	0.033,0.05,0.038	0.021,0.015,0.013	0.024
581	"MOV10"	"MOV10"	chr1	+	112698286	112698789	112698286	112698478	112698714	112698789	581	5,11,2	65,63,43	14,19,11	42,32,43	198	99	1.86838961261e-05	0.00209802072306	0.037,0.08,0.023	0.143,0.229,0.113	-0.115
5705	"CC2D1B"	"CC2D1B"	chr1	-	52357780	52358461	52357780	52357898	52358330	52358461	5705	4,11,4	50,33,25	3,0,0	47,39,40	198	99	1.99524962243e-05	0.0021704574799	0.038,0.143,0.074	0.031,0.0,0.0	0.075
5579	"CAD"	"CAD"	chr2	+	27233311	27233808	27233311	27233536	27233625	27233808	5579	14,7,5	83,59,44	2,3,3	89,82,97	187	99	2.5702977145e-05	0.00271127464975	0.082,0.059,0.057	0.012,0.019,0.016	0.05
390	"MOK"	"MOK"	chr14	-	102232534	102233789	102232534	102232671	102233687	102233789	390	3,8,3	0,1,0	3,13,6	8,2,1	198	99	4.81044336117e-05	0.00492504510007	1.0,0.8,1.0	0.158,0.765,0.75	0.376
1688	"FAM57A"	"FAM57A"	chr17	+	732411	733181	732411	732769	733097	733181	1688	0,1,0	10,8,10	1,3,6	3,7,11	198	99	4.97146917766e-05	0.00494448120212	0.0,0.059,0.0	0.143,0.176,0.214	-0.158
