"ID"	"GeneID"	"geneSymbol"	"chr"	"strand"	"riExonStart_0base"	"riExonEnd"	"upstreamES"	"upstreamEE"	"downstreamES"	"downstreamEE"	"ID.1"	"IJC_SAMPLE_1"	"SJC_SAMPLE_1"	"IJC_SAMPLE_2"	"SJC_SAMPLE_2"	"IncFormLen"	"SkipFormLen"	"PValue"	"FDR"	"IncLevel1"	"IncLevel2"	"IncLevelDifference"
6547	"CASP1"	"CASP1"	chr11	-	105025507	105026356	105025507	105025600	105026225	105026356	6547	25,12,6	0,0,0	11,9,9	3,2,5	724	99	3.65152352799e-13	3.24894305903e-10	1.0,1.0,1.0	0.334,0.381,0.198	0.696
1557	"OGT"	"OGT"	chrX	+	71544566	71548023	71544566	71544635	71547906	71548023	1557	554,453,427	28,16,16	364,315,325	48,45,56	3370	99	4.81281681175e-13	3.33817621693e-10	0.368,0.454,0.439	0.182,0.171,0.146	0.254
2979	"ACAD11"	"ACAD11"	chr3	-	132578795	132579558	132578795	132579056	132579491	132579558	2979	6,3,2	0,0,0	4,5,7	3,1,5	534	99	5.62772051182e-13	3.33817621693e-10	1.0,1.0,1.0	0.198,0.481,0.206	0.705
2907	"RPL8"	"RPL8"	chr8	-	144791276	144791495	144791276	144791307	144791370	144791495	2907	11271,7883,6294	0,0,0	10168,7609,8646	1,0,473	162	99	2.97473157218e-12	1.51243852363e-09	1.0,1.0,1.0	1.0,1.0,0.918	0.027
3414	"FLII"	"FLII"	chr17	-	18245743	18246062	18245743	18245850	18245933	18246062	3414	15,16,12	141,103,98	4,0,2	196,119,147	182	99	2.21065943329e-10	9.83467115385e-08	0.055,0.078,0.062	0.011,0.0,0.007	0.059
5577	"EFCAB12"	"EFCAB12"	chr3	-	129411157	129415401	129411157	129411354	129415244	129415401	5577	15,7,6	0,0,0	16,13,6	0,6,2	3989	99	2.11919037874e-09	8.38022061993e-07	1.0,1.0,1.0	1.0,0.051,0.069	0.627
3833	"SPINT2"	"SPINT2"	chr19	+	38290536	38292468	38290536	38290575	38291839	38292468	3833	246,172,145	1185,823,649	320,225,300	859,607,748	1363	99	1.51902086465e-08	5.40619525729e-06	0.015,0.015,0.016	0.026,0.026,0.028	-0.011
4380	"TAB3"	"TAB3"	chrX	-	30842965	30846644	30842965	30843049	30846550	30846644	4380	62,52,55	67,30,29	37,13,33	55,42,79	3600	99	3.41431296569e-08	1.10468544044e-05	0.025,0.045,0.05	0.018,0.008,0.011	0.028
49	"NELL2"	"NELL2"	chr12	-	44875814	44876315	44875814	44875900	44876293	44876315	49	3,1,6	1,0,0	0,0,1	1,1,2	492	99	4.3177764808e-08	1.28058054126e-05	0.376,1.0,1.0	0.0,0.0,0.091	0.762
4646	"N6AMT1"	"N6AMT1"	chr21	-	28872190	28876491	28872190	28872739	28876311	28876491	4646	220,167,161	0,0,0	243,187,258	6,1,3	3671	99	7.95541410525e-08	2.12380797381e-05	1.0,1.0,1.0	0.522,0.835,0.699	0.315
6128	"AMT"	"AMT"	chr3	-	49419709	49420342	49419709	49419788	49420210	49420342	6128	8,5,6	0,2,0	0,1,0	1,1,1	521	99	8.35440057134e-08	2.12380797381e-05	1.0,0.322,1.0	0.0,0.16,0.0	0.721
4728	"AQP3"	"AQP3"	chr9	-	33442851	33443458	33442851	33442970	33443178	33443458	4728	29,17,14	4,11,1	6,5,2	0,0,0	307	99	1.18013783634e-07	2.80007370636e-05	0.7,0.333,0.819	1.0,1.0,1.0	-0.383
4161	"HTRA2"	"HTRA2"	chr2	+	74531338	74531702	74531338	74531411	74531596	74531702	4161	25,23,17	0,1,0	28,22,13	9,3,4	284	99	1.32084456816e-07	2.9380536363e-05	1.0,0.889,1.0	0.52,0.719,0.531	0.373
5764	"PFKM"	"PFKM"	chr12	+	48134942	48135383	48134942	48135038	48135290	48135383	5764	0,5,1	53,50,36	15,7,13	57,31,30	351	99	1.62574065543e-07	3.40353587804e-05	0.0,0.027,0.008	0.069,0.06,0.109	-0.068
5756	"C5orf45"	"C5orf45"	chr5	-	179853196	179853437	179853196	179853276	179853377	179853437	5756	5,3,0	4,8,6	5,3,2	0,1,0	200	99	2.31641356652e-07	4.58006437958e-05	0.382,0.157,0.0	1.0,0.598,1.0	-0.686
4820	"CSRP1"	"CSRP1"	chr1	-	201485282	201488984	201485282	201485376	201488854	201488984	4820	363,353,194	672,487,363	115,77,70	360,290,273	3577	99	2.56407734822e-07	4.80292172753e-05	0.015,0.02,0.015	0.009,0.007,0.007	0.009
2455	"CYP1A1"	"CYP1A1"	chr15	-	74720719	74721053	74720719	74720774	74720966	74721053	2455	68,43,50	217,128,126	0,0,0	9,11,4	291	99	6.03027996871e-07	0.000107308832043	0.096,0.103,0.119	0.0,0.0,0.0	0.106
5029	"ANKZF1"	"ANKZF1"	chr2	+	219234132	219235312	219234132	219234288	219234825	219235312	5029	68,42,51	37,31,31	41,28,30	58,47,53	636	99	1.12088461957e-06	0.000189963255288	0.222,0.174,0.204	0.099,0.085,0.081	0.112
1143	"SLC52A3"	"SLC52A3"	chr20	-	760079	761824	760079	761238	761700	761824	1143	47,31,33	7,8,4	38,26,35	0,1,1	561	99	1.44729286522e-06	0.000223952839449	0.542,0.406,0.593	1.0,0.821,0.861	-0.38
3653	"ACADVL"	"ACADVL"	chr17	+	7223812	7224069	7223812	7223875	7223967	7224069	3653	39,41,19	592,435,374	15,9,21	621,449,541	191	99	1.42909621392e-06	0.000223952839449	0.033,0.047,0.026	0.012,0.01,0.02	0.021
952	"ANKRD52"	"ANKRD52"	chr12	-	56237806	56243392	56237806	56237968	56243237	56243392	952	2420,1838,1572	4,3,8	2853,1971,2701	0,0,1	5368	99	1.62085749633e-06	0.00024035965956	0.918,0.919,0.784	1.0,1.0,0.98	-0.12
1620	"ICOSLG"	"ICOSLG"	chr21	-	44226833	44230089	44226833	44229044	44230053	44230089	1620	7,5,6	3,2,0	6,4,2	0,0,0	1108	99	2.20075700763e-06	0.000313299767606	0.173,0.183,1.0	1.0,1.0,1.0	-0.548
3276	"SLC25A3"	"SLC25A3"	chr12	+	98593624	98594135	98593624	98593740	98593974	98594135	3276	116,105,74	794,549,568	182,156,189	724,508,781	333	99	2.35181899655e-06	0.000321927838797	0.042,0.054,0.037	0.07,0.084,0.067	-0.029
1084	"PTK7"	"PTK7"	chr6	+	43142171	43143620	43142171	43142299	43143416	43143620	1084	48,44,39	137,73,87	100,48,62	79,59,78	1216	99	2.54565476576e-06	0.000335555011531	0.028,0.047,0.035	0.093,0.062,0.061	-0.035
3190	"PNPLA7"	"PNPLA7"	chr9	-	137478033	137479238	137478033	137478152	137479055	137479238	3190	1,3,2	1,3,0	2,5,1	0,0,0	1002	99	3.04647911997e-06	0.000383901202936	0.09,0.09,1.0	1.0,1.0,1.0	-0.607
3912	"BRAT1"	"BRAT1"	chr7	-	2539785	2541052	2539785	2539888	2540978	2541052	3912	93,60,66	184,132,102	162,94,128	153,90,143	1189	99	3.12816377779e-06	0.000383901202936	0.04,0.036,0.051	0.081,0.08,0.069	-0.034
4934	"RBM39"	"RBM39"	chr20	-	35738967	35740887	35738967	35739017	35740823	35740887	4934	224,121,112	257,181,169	114,86,98	259,210,246	1905	99	3.43072817022e-06	0.000406998718594	0.043,0.034,0.033	0.022,0.021,0.02	0.016
298	"CPNE1"	"CPNE1"	chr20	-	35626043	35626803	35626043	35626381	35626566	35626803	298	3,0,0	84,50,59	11,3,6	27,30,50	284	99	3.95032761891e-06	0.000453523096636	0.012,0.0,0.0	0.124,0.034,0.04	-0.062
1986	"OGFOD2"	"OGFOD2"	chr12	+	122975810	122976767	122975810	122975867	122976600	122976767	1986	22,7,9	0,1,0	13,2,20	2,3,6	832	99	4.29306011029e-06	0.000477468779141	1.0,0.454,1.0	0.436,0.073,0.284	0.554
5556	"CD46"	"CD46"	chr1	+	207767012	207770362	207767012	207767195	207770320	207770362	5556	309,209,156	124,89,78	132,111,128	122,72,104	3224	99	5.05532635009e-06	0.000545209287272	0.071,0.067,0.058	0.032,0.045,0.036	0.028
552	"PABPC4"	"PABPC4"	chr1	-	39560815	39562203	39560815	39561122	39562072	39562203	552	50,59,30	1,0,0	31,46,46	2,1,4	1049	99	5.76593780222e-06	0.000603558018768	0.825,1.0,1.0	0.594,0.813,0.52	0.299
5118	"KLF8"	"KLF8"	chrX	+	56265179	56269489	56265179	56265744	56269377	56269489	5118	36,41,29	48,24,21	58,43,61	26,14,9	3732	99	5.98490491777e-06	0.000608579331496	0.02,0.043,0.035	0.056,0.075,0.152	-0.062
2596	"TPCN1"	"TPCN1"	chr12	+	113291873	113293073	113291873	113291958	113292933	113293073	2596	25,29,19	25,20,17	7,5,2	13,13,22	1074	99	6.42627796144e-06	0.000635308979577	0.084,0.118,0.093	0.047,0.034,0.008	0.069
390	"MOK"	"MOK"	chr14	-	102232534	102233789	102232534	102232671	102233687	102233789	390	57,35,21	0,1,0	34,40,35	8,2,1	1115	99	7.3237638204e-06	0.000673931941483	1.0,0.757,1.0	0.274,0.64,0.757	0.362
4018	"ANKRD13D"	"ANKRD13D"	chr11	+	67299057	67299611	67299057	67299124	67299529	67299611	4018	20,10,12	75,48,30	29,35,40	44,46,50	504	99	7.15470462664e-06	0.000673931941483	0.05,0.039,0.073	0.115,0.13,0.136	-0.073
5612	"TMEM191A"	"TMEM191A"	chr22	+	20703632	20704040	20703632	20703692	20703967	20704040	5612	3,3,2	0,0,0	1,0,1	0,2,1	374	99	7.38503672881e-06	0.000673931941483	1.0,1.0,1.0	1.0,0.0,0.209	0.597
2164	"PPOX"	"PPOX"	chr1	+	161167099	161167486	161167099	161167234	161167338	161167486	2164	3,1,1	4,2,0	3,1,2	0,0,0	203	99	9.20937790472e-06	0.000819404399072	0.268,0.196,1.0	1.0,1.0,1.0	-0.512
310	"NEK8"	"NEK8"	chr17	+	28737305	28737736	28737305	28737514	28737674	28737736	310	5,3,0	4,5,2	1,5,4	1,0,0	259	99	9.67362395787e-06	0.00083623854887	0.323,0.187,0.0	0.277,1.0,1.0	-0.589
5636	"HMGN1"	"HMGN1"	chr21	-	39345145	39348339	39345145	39345274	39348291	39348339	5636	695,530,463	1420,1100,927	452,359,431	1356,1098,1460	3116	99	9.86850774165e-06	0.00083623854887	0.015,0.015,0.016	0.01,0.01,0.009	0.006
3382	"ARSA"	"ARSA"	chr22	-	50627555	50628170	50627555	50627792	50627945	50628170	3382	53,28,23	6,3,5	27,17,18	0,0,1	252	99	1.01745409646e-05	0.000842120727744	0.776,0.786,0.644	1.0,1.0,0.876	-0.223
3585	"HNRNPH1"	"HNRNPH1"	chr5	-	179617798	179618060	179617798	179617932	179617988	179618060	3585	65,56,45	1330,1016,906	108,94,118	1381,1034,1195	155	99	1.1983632164e-05	0.000969312428902	0.03,0.034,0.031	0.048,0.055,0.059	-0.022
2585	"KRI1"	"KRI1"	chr19	-	10564928	10565790	10564928	10565034	10565716	10565790	2585	43,37,36	128,105,77	23,32,19	176,113,148	781	99	1.58170730349e-05	0.00119772261556	0.041,0.043,0.056	0.016,0.035,0.016	0.024
4076	"AUP1"	"AUP1"	chr2	-	74528750	74529282	74528750	74528935	74529131	74529282	4076	113,85,94	298,182,208	104,52,87	366,286,333	295	99	1.54985298666e-05	0.00119772261556	0.113,0.135,0.132	0.087,0.058,0.081	0.051
6330	"HMGA1"	"HMGA1"	chr6	+	34236872	34237317	34236872	34236963	34237203	34237317	6330	51,33,30	87,89,86	57,81,95	89,49,93	339	99	1.56169036347e-05	0.00119772261556	0.146,0.098,0.092	0.158,0.326,0.23	-0.126
2198	"GAS5"	"GAS5"	chr1	-	173863900	173864304	173863900	173864075	173864256	173864304	2198	60,28,39	526,437,274	80,80,90	470,359,513	280	99	1.7881531474e-05	0.00127850355798	0.039,0.022,0.048	0.057,0.073,0.058	-0.026
3861	"CHI3L1"	"CHI3L1"	chr1	-	203178930	203179877	203178930	203179585	203179760	203179877	3861	10,7,0	45,23,21	0,0,0	49,21,28	274	99	1.79615560267e-05	0.00127850355798	0.074,0.099,0.0	0.0,0.0,0.0	0.058
6477	"IFT80"	"IFT80"	chr3	-	160383436	160384646	160383436	160383504	160384405	160384646	6477	53,36,43	4,2,4	29,28,23	1,0,0	1000	99	1.73656945841e-05	0.00127850355798	0.567,0.641,0.516	0.742,1.0,1.0	-0.339
6379	"CHTOP"	"CHTOP"	chr1	+	153636571	153638448	153636571	153636653	153638294	153638448	6379	277,224,182	227,173,141	169,157,134	243,146,218	1740	99	1.88473864535e-05	0.00131525192918	0.065,0.069,0.068	0.038,0.058,0.034	0.024
1047	"VEGFA"	"VEGFA"	chr6	+	43778888	43786484	43778888	43778918	43784540	43786484	1047	576,480,375	63,64,44	367,238,383	74,65,72	5721	99	1.95858893871e-05	0.00133072849761	0.137,0.115,0.129	0.079,0.06,0.084	0.053
2322	"PRMT5"	"PRMT5"	chr14	-	22928125	22928615	22928125	22928241	22928496	22928615	2322	22,11,7	0,1,0	17,9,5	3,3,1	354	99	1.98169739739e-05	0.00133072849761	1.0,0.755,1.0	0.613,0.456,0.583	0.368
2553	"PSMD11"	"PSMD11"	chr17	+	32479250	32480197	32479250	32479376	32480145	32480197	2553	10,8,1	1,0,0	4,9,3	1,3,2	868	99	2.61183564845e-05	0.00169009510415	0.533,1.0,1.0	0.313,0.255,0.146	0.606
5579	"CAD"	"CAD"	chr2	+	27233311	27233808	27233311	27233536	27233625	27233808	5579	14,7,5	83,59,44	2,3,3	89,82,97	188	99	2.57150559868e-05	0.00169009510415	0.082,0.059,0.056	0.012,0.019,0.016	0.05
583	"MOV10"	"MOV10"	chr1	+	112698286	112699810	112698286	112698789	112699684	112699810	583	42,30,51	57,55,44	93,51,65	45,31,47	994	99	2.67530829995e-05	0.00170025397134	0.068,0.052,0.103	0.171,0.141,0.121	-0.07
2335	"TONSL"	"TONSL"	chr8	-	144432284	144433759	144432284	144432460	144433587	144433759	2335	30,21,10	59,45,30	50,26,33	33,32,31	1226	99	3.20429670299e-05	0.00200071788876	0.039,0.036,0.026	0.109,0.062,0.079	-0.05
2207	"GAS5"	"GAS5"	chr1	-	173866527	173866796	173866527	173866567	173866760	173866796	2207	81,66,73	1164,797,699	138,121,136	996,935,952	292	99	3.67940597649e-05	0.00225775963282	0.023,0.027,0.034	0.045,0.042,0.046	-0.016
2250	"NSD1"	"NSD1"	chr5	+	177135086	177136030	177135086	177135200	177135940	177136030	2250	101,65,62	26,21,29	163,137,196	27,20,20	839	99	3.75834352081e-05	0.00226710925264	0.314,0.268,0.201	0.416,0.447,0.536	-0.205
4651	"ACP6"	"ACP6"	chr1	-	147647367	147648411	147647367	147647566	147648245	147648411	4651	12,11,6	52,34,40	25,19,21	41,18,39	778	99	4.23531320346e-05	0.00251224661519	0.029,0.04,0.019	0.072,0.118,0.064	-0.055
1876	"CLK4"	"CLK4"	chr5	-	178616881	178618778	178616881	178616948	178617343	178618778	1876	22,22,14	3,0,1	24,16,18	13,19,5	494	99	4.57331786298e-05	0.00266826856956	0.595,1.0,0.737	0.27,0.144,0.419	0.5
3296	"C21orf33"	"C21orf33"	chr21	+	44144820	44145723	44144820	44144916	44145570	44145723	3296	57,49,45	6,3,0	76,51,57	0,0,1	753	99	5.08159594851e-05	0.00291699999689	0.555,0.682,1.0	1.0,1.0,0.882	-0.215
1998	"GPAA1"	"GPAA1"	chr8	+	144083388	144083861	144083388	144083500	144083713	144083861	1998	22,16,31	281,202,171	28,41,35	181,119,169	312	99	5.22359623493e-05	0.00295091730161	0.024,0.025,0.054	0.047,0.099,0.062	-0.035
3840	"SEC24C"	"SEC24C"	chr10	+	73770279	73770798	73770279	73770471	73770708	73770798	3840	11,13,18	179,121,107	7,2,7	182,142,182	336	99	5.5248483847e-05	0.00307233365643	0.018,0.031,0.047	0.011,0.004,0.011	0.023
5433	"PIN1"	"PIN1"	chr19	+	9849089	9849682	9849089	9849201	9849532	9849682	5433	996,762,669	43,0,0	953,620,948	9,0,0	430	99	5.68094225144e-05	0.00311053438044	0.842,1.0,1.0	0.961,1.0,1.0	-0.04
5889	"ORMDL1"	"ORMDL1"	chr2	-	189782421	189783123	189782421	189782602	189783013	189783123	5889	36,43,34	37,27,18	33,28,20	59,39,45	510	99	5.80877976261e-05	0.00313234048108	0.159,0.236,0.268	0.098,0.122,0.079	0.121
706	"ZWINT"	"ZWINT"	chr10	-	56359686	56360383	56359686	56359853	56360017	56360383	706	28,33,24	392,295,266	22,11,9	391,305,354	263	99	6.06068044691e-05	0.00317336111207	0.026,0.04,0.033	0.021,0.013,0.009	0.019
3847	"AP1G2"	"AP1G2"	chr14	-	23561511	23562415	23561511	23561635	23561961	23562415	3847	16,8,13	49,26,23	25,19,24	14,23,22	425	99	6.12616132241e-05	0.00317336111207	0.071,0.067,0.116	0.294,0.161,0.203	-0.135
5408	"RSRP1"	"RSRP1"	chr1	-	25243549	25245301	25243549	25243633	25245149	25245301	5408	398,281,287	5,2,3	273,231,325	18,8,9	1615	99	6.15234382503e-05	0.00317336111207	0.83,0.896,0.854	0.482,0.639,0.689	0.257
950	"ARHGAP4"	"ARHGAP4"	chrX	-	153913217	153913600	153913217	153913302	153913408	153913600	950	2,1,1	2,3,1	10,2,4	0,2,0	205	99	6.32144151916e-05	0.00321400148096	0.326,0.139,0.326	1.0,0.326,1.0	-0.512
3651	"ACADVL"	"ACADVL"	chr17	+	7222666	7223237	7222666	7222865	7223132	7223237	3651	160,164,107	465,292,278	146,65,97	436,327,394	366	99	6.84749931984e-05	0.00343242958864	0.085,0.132,0.094	0.083,0.051,0.062	0.038
3871	"MARCH6"	"MARCH6"	chr5	+	10400783	10402139	10400783	10400842	10402058	10402139	3871	265,215,169	100,54,57	142,113,113	76,63,69	1315	99	7.90872058595e-05	0.00390932452297	0.166,0.231,0.182	0.123,0.119,0.11	0.076
1854	"SNHG1"	"SNHG1"	chr11	-	62853800	62854064	62853800	62853833	62854017	62854064	1854	83,79,78	102,81,63	168,119,142	269,209,277	283	99	8.60922357575e-05	0.0041972913296	0.222,0.254,0.302	0.179,0.166,0.152	0.094
2616	"XBP1"	"XBP1"	chr22	-	28796046	28796192	28796046	28796121	28796147	28796192	2616	206,186,108	15,17,11	107,132,107	4,4,1	125	99	8.84154798542e-05	0.00425230665947	0.916,0.897,0.886	0.955,0.963,0.988	-0.069
1596	"PIGO"	"PIGO"	chr9	-	35091239	35092767	35091239	35091291	35092542	35092767	1596	473,335,287	5,3,3	405,302,327	1,0,0	1350	99	9.72954388687e-05	0.00461699289245	0.874,0.891,0.875	0.967,1.0,1.0	-0.109
777	"CCNK"	"CCNK"	chr14	+	99500765	99502376	99500765	99500871	99502206	99502376	777	14,7,5	0,1,0	6,5,10	4,1,0	1434	99	0.000103344582617	0.00483951802018	1.0,0.326,1.0	0.094,0.257,1.0	0.325
4308	"ABCC5"	"ABCC5"	chr3	-	183983752	183987917	183983752	183984894	183987769	183987917	4308	217,173,172	2,0,5	129,120,137	1,0,0	2974	99	0.000104866970407	0.00484703308673	0.783,1.0,0.534	0.811,1.0,1.0	-0.165
4797	"SIRT7"	"SIRT7"	chr17	-	81914293	81915512	81914293	81914702	81915439	81915512	4797	44,33,32	50,27,25	39,16,12	67,39,36	836	99	0.000106698423375	0.00486845754861	0.094,0.126,0.132	0.064,0.046,0.038	0.068
78	"YBX2"	"YBX2"	chr17	-	7291092	7292059	7291092	7291182	7292025	7292059	78	81,45,59	26,16,18	15,7,15	18,7,9	942	99	0.000116690309098	0.00525697227949	0.247,0.228,0.256	0.081,0.095,0.149	0.135
5622	"SUN1"	"SUN1"	chr7	+	852608	852952	852608	852667	852809	852952	5622	56,40,31	290,225,186	23,19,23	279,193,234	241	99	0.000127101920745	0.00565444669914	0.073,0.068,0.064	0.033,0.039,0.039	0.031
5515	"CARD9"	"CARD9"	chr9	-	136364482	136365217	136364482	136364559	136365140	136365217	5515	9,9,6	0,2,3	6,2,6	0,0,1	680	99	0.000145618918616	0.00639824359697	1.0,0.396,0.226	1.0,1.0,0.466	-0.281
2112	"NPAS2"	"NPAS2"	chr2	+	100982230	100988276	100982230	100982377	100988078	100988276	2112	72,66,55	14,19,5	78,47,71	43,30,22	5800	99	0.000159597242962	0.00676198318693	0.081,0.056,0.158	0.03,0.026,0.052	0.062
2160	"ZSWIM7"	"ZSWIM7"	chr17	-	15977578	15977913	15977578	15977700	15977799	15977913	2160	22,13,13	5,0,4	12,7,15	0,0,1	198	99	0.000158408175295	0.00676198318693	0.688,1.0,0.619	1.0,1.0,0.882	-0.192
3589	"DDB2"	"DDB2"	chr11	+	47234756	47235412	47234756	47234934	47235269	47235412	3589	25,16,4	87,48,56	20,16,29	31,38,43	434	99	0.000156288212237	0.00676198318693	0.062,0.071,0.016	0.128,0.088,0.133	-0.067
6143	"RHOT2"	"RHOT2"	chr16	+	669552	670175	669552	669606	670122	670175	6143	17,17,3	75,44,46	9,2,2	73,49,69	615	99	0.000169097710061	0.0070802205895	0.035,0.059,0.01	0.019,0.007,0.005	0.024
1856	"SNHG1"	"SNHG1"	chr11	-	62854887	62855216	62854887	62854938	62855132	62855216	1856	34,35,29	83,55,65	74,88,60	90,72,77	293	99	0.000183323941369	0.00758662682945	0.122,0.177,0.131	0.217,0.292,0.208	-0.096
581	"MOV10"	"MOV10"	chr1	+	112698286	112698789	112698286	112698478	112698714	112698789	581	17,19,8	65,63,43	28,28,17	42,32,43	335	99	0.000199317186742	0.00814169033259	0.072,0.082,0.052	0.165,0.205,0.105	-0.09
6506	"IQCK"	"IQCK"	chr16	+	19763847	19764112	19763847	19763900	19764034	19764112	6506	0,4,4	2,4,3	0,0,1	8,4,6	233	99	0.000201311814911	0.00814169033259	0.0,0.298,0.362	0.0,0.0,0.066	0.198
4494	"B4GALNT3"	"B4GALNT3"	chr12	+	552466	553983	552466	552528	553193	553983	4494	66,34,21	16,6,9	26,11,14	0,2,0	764	99	0.00020696072218	0.00827610348583	0.348,0.423,0.232	1.0,0.416,1.0	-0.471
4881	"ANO9"	"ANO9"	chr11	-	431693	431906	431693	431767	431847	431906	4881	3,6,2	13,3,4	0,0,1	1,2,5	179	99	0.000210173925855	0.00831121113464	0.113,0.525,0.217	0.0,0.0,0.1	0.252
369	"YBX3"	"YBX3"	chr12	-	10709907	10713333	10709907	10710114	10713210	10713333	369	197,137,128	138,126,71	131,113,157	164,132,170	3195	99	0.000224440245919	0.00863550085733	0.042,0.033,0.053	0.024,0.026,0.028	0.017
457	"DDX55"	"DDX55"	chr12	+	123605930	123606159	123605930	123605981	123606072	123606159	457	5,5,0	17,16,17	0,0,0	25,30,34	190	99	0.000222677338001	0.00863550085733	0.133,0.14,0.0	0.0,0.0,0.0	0.091
739	"C1QTNF6"	"C1QTNF6"	chr22	-	37180166	37182735	37180166	37180867	37182151	37182735	739	392,285,224	9,4,4	644,481,573	1,0,6	1383	99	0.000225653717261	0.00863550085733	0.757,0.836,0.8	0.979,1.0,0.872	-0.153
4940	"SEC14L2"	"SEC14L2"	chr22	+	30415758	30416087	30415758	30415865	30415947	30416087	4940	8,5,7	104,68,65	4,1,1	125,78,135	181	99	0.000266903841332	0.0101054337372	0.04,0.039,0.056	0.017,0.007,0.004	0.036
4542	"EDC4"	"EDC4"	chr16	+	67881264	67881533	67881264	67881417	67881496	67881533	4542	3,7,5	81,45,31	0,0,1	58,50,63	178	99	0.000273731859722	0.0102548598816	0.02,0.08,0.082	0.0,0.0,0.009	0.058
1583	"PYCR1"	"PYCR1"	chr17	-	81932383	81933376	81932383	81932963	81933306	81933376	1583	877,790,538	0,5,2	597,384,538	8,0,12	442	99	0.000287241291414	0.0105390902695	1.0,0.973,0.984	0.944,1.0,0.909	0.035
5678	"SRRM1"	"SRRM1"	chr1	+	24646666	24649029	24646666	24646789	24648858	24649029	5678	120,106,105	170,101,95	91,83,100	189,144,157	2168	99	0.000285517807605	0.0105390902695	0.031,0.046,0.048	0.022,0.026,0.028	0.016
5603	"SYTL1"	"SYTL1"	chr1	+	27349971	27350485	27349971	27350132	27350388	27350485	5603	5,8,4	10,6,4	2,1,2	0,1,0	355	99	0.000296928193306	0.0107833412242	0.122,0.271,0.218	1.0,0.218,1.0	-0.536
2631	"EP400NL"	"EP400NL"	chr12	+	132103996	132105304	132103996	132104170	132104566	132105304	2631	1,1,4	0,0,0	3,2,0	0,2,1	495	99	0.000309364107098	0.0111214834057	1.0,1.0,1.0	1.0,0.167,0.0	0.611
1993	"RHBDF2"	"RHBDF2"	chr17	-	76487711	76488132	76487711	76487909	76488014	76488132	1993	10,13,5	1,0,0	20,22,9	0,3,4	204	99	0.000339619205336	0.0117657629238	0.829,1.0,1.0	1.0,0.781,0.522	0.175
2201	"GAS5"	"GAS5"	chr1	-	173864483	173864704	173864483	173864506	173864674	173864704	2201	305,226,198	519,355,305	366,356,343	447,357,382	267	99	0.00033759246958	0.0117657629238	0.179,0.191,0.194	0.233,0.27,0.25	-0.063
3402	"NOP56"	"NOP56"	chr20	+	2657080	2658393	2657080	2657218	2657928	2658393	3402	135,80,77	308,215,160	119,70,102	418,297,357	809	99	0.000340509576048	0.0117657629238	0.051,0.044,0.056	0.034,0.028,0.034	0.018
5294	"NPHP1"	"NPHP1"	chr2	-	110163047	110164730	110163047	110163135	110164687	110164730	5294	11,5,9	3,0,6	3,3,12	0,0,1	1651	99	0.000330745347182	0.0117657629238	0.18,1.0,0.083	1.0,1.0,0.418	-0.385
1399	"TAPBPL"	"TAPBPL"	chr12	+	6457405	6457744	6457405	6457543	6457668	6457744	1399	12,12,25	5,1,1	22,17,9	1,0,0	224	99	0.000367215763919	0.0124468657504	0.515,0.841,0.917	0.907,1.0,1.0	-0.211
4505	"IMP4"	"IMP4"	chr2	+	130346017	130346249	130346017	130346112	130346200	130346249	4505	1,5,0	168,134,88	19,5,10	239,152,173	187	99	0.000366194616847	0.0124468657504	0.003,0.019,0.0	0.04,0.017,0.03	-0.022
3151	"PRPF4B"	"PRPF4B"	chr6	+	4060412	4062299	4060412	4061147	4062212	4062299	3151	398,215,193	1,0,0	445,302,446	9,1,1	1164	99	0.000378830976887	0.0126727629712	0.971,1.0,1.0	0.808,0.963,0.974	0.075
5442	"MDK"	"MDK"	chr11	+	46381710	46382133	46381710	46381885	46382056	46382133	5442	10,3,9	5,3,1	9,9,7	2,0,0	270	99	0.000381001865108	0.0126727629712	0.423,0.268,0.767	0.623,1.0,1.0	-0.388
5903	"GNPTG"	"GNPTG"	chr16	+	1362205	1362742	1362205	1362534	1362610	1362742	5903	1,2,1	74,31,32	9,0,7	49,40,21	175	99	0.000390704680031	0.0128751662614	0.008,0.035,0.017	0.094,0.0,0.159	-0.064
5028	"ANKZF1"	"ANKZF1"	chr2	+	219233078	219233433	219233078	219233191	219233285	219233433	5028	8,3,7	39,16,21	2,3,0	51,15,29	193	99	0.000414360894511	0.0134729541245	0.095,0.088,0.146	0.02,0.093,0.0	0.072
5524	"TNK1"	"TNK1"	chr17	+	7382835	7383320	7382835	7383089	7383249	7383320	5524	11,11,8	10,13,6	4,5,6	22,20,13	259	99	0.000416416115115	0.0134729541245	0.296,0.244,0.338	0.065,0.087,0.15	0.192
1949	"CDK18"	"CDK18"	chr1	+	205529520	205530349	205529520	205529563	205530258	205530349	1949	4,8,4	49,34,27	12,8,5	16,14,16	794	99	0.000475281285627	0.0147623099821	0.01,0.029,0.018	0.086,0.067,0.038	-0.045
2725	"TIMM10B"	"TIMM10B"	chr11	+	6481500	6481852	6481500	6481555	6481756	6481852	2725	25,15,7	61,41,40	4,8,7	66,50,39	300	99	0.000477006363569	0.0147623099821	0.119,0.108,0.055	0.02,0.05,0.056	0.052
3100	"KRTCAP2"	"KRTCAP2"	chr1	-	155172564	155172892	155172564	155172628	155172737	155172892	3100	37,23,26	236,186,150	13,16,13	194,172,204	208	99	0.000472367349151	0.0147623099821	0.069,0.056,0.076	0.031,0.042,0.029	0.033
5828	"NFKBID"	"NFKBID"	chr19	-	35896725	35897058	35896725	35896831	35896912	35897058	5828	2,7,3	14,11,4	0,0,1	2,1,4	180	99	0.000462458450924	0.0147623099821	0.073,0.259,0.292	0.0,0.0,0.121	0.168
6571	"LYPLA2"	"LYPLA2"	chr1	+	23794223	23794600	23794223	23794325	23794551	23794600	6571	341,245,187	0,1,1	333,204,222	3,6,5	325	99	0.000472972438571	0.0147623099821	1.0,0.987,0.983	0.971,0.912,0.931	0.052
1086	"LRRC75A-AS1"	"LRRC75A-AS1"	chr17	+	16439036	16439414	16439036	16439060	16439326	16439414	1086	80,76,46	276,123,153	147,93,122	136,247,186	365	99	0.000481178406616	0.0147630512857	0.073,0.144,0.075	0.227,0.093,0.151	-0.06
1517	"RREB1"	"RREB1"	chr6	+	7181123	7182082	7181123	7181246	7181869	7182082	1517	66,41,19	34,13,9	34,10,11	17,22,22	722	99	0.000492183716491	0.0149716397179	0.21,0.302,0.224	0.215,0.059,0.064	0.133
6446	"PFKL"	"PFKL"	chr21	+	44313912	44316339	44313912	44314021	44316243	44316339	6446	73,60,72	228,173,120	58,27,33	209,138,161	2321	99	0.000519210478236	0.0156599160343	0.013,0.015,0.025	0.012,0.008,0.009	0.008
6462	"RAD52"	"RAD52"	chr12	-	916343	916820	916343	916483	916638	916820	6462	2,0,1	9,7,3	3,3,4	0,4,2	254	99	0.000530700645373	0.015871962999	0.08,0.0,0.115	1.0,0.226,0.438	-0.49
4397	"CERS4"	"CERS4"	chr19	+	8255821	8256286	8255821	8255879	8256235	8256286	4397	9,2,2	92,90,52	5,8,7	37,22,34	455	99	0.000548418427585	0.0162651765315	0.021,0.005,0.008	0.029,0.073,0.043	-0.037
477	"TNRC6A"	"TNRC6A"	chr16	+	24805013	24805733	24805013	24805151	24805673	24805733	477	15,19,11	1,0,0	14,15,9	0,2,3	621	99	0.000589905189601	0.0172087915557	0.705,1.0,1.0	1.0,0.545,0.324	0.279
5324	"DUS1L"	"DUS1L"	chr17	-	82058340	82058818	82058340	82058416	82058780	82058818	5324	78,45,49	151,88,66	48,45,38	163,110,129	463	99	0.000586416343874	0.0172087915557	0.099,0.099,0.137	0.059,0.08,0.059	0.046
5870	"MICAL1"	"MICAL1"	chr6	-	109446135	109446772	109446135	109446412	109446695	109446772	5870	8,6,4	22,11,6	1,3,2	18,13,28	382	99	0.000629155246122	0.0182045814711	0.086,0.124,0.147	0.014,0.056,0.018	0.09
1688	"FAM57A"	"FAM57A"	chr17	+	732411	733181	732411	732769	733097	733181	1688	2,2,0	10,8,10	3,3,10	3,7,11	427	99	0.000668240790691	0.0189831561537	0.044,0.055,0.0	0.188,0.09,0.174	-0.118
1966	"DUS3L"	"DUS3L"	chr19	-	5786748	5787171	5786748	5786845	5787060	5787171	1966	23,9,4	31,11,7	5,5,3	26,20,12	314	99	0.000672064533678	0.0189831561537	0.19,0.205,0.153	0.057,0.073,0.073	0.115
2368	"GLTSCR2"	"GLTSCR2"	chr19	+	47755755	47756604	47755755	47755822	47756527	47756604	2368	149,115,109	89,55,47	178,130,143	47,36,52	804	99	0.000663596910171	0.0189831561537	0.171,0.205,0.222	0.318,0.308,0.253	-0.094
1459	"ABCB8"	"ABCB8"	chr7	+	151034272	151034599	151034272	151034428	151034504	151034599	1459	8,7,1	65,27,20	2,1,0	38,26,25	175	99	0.000720012504734	0.020177358302	0.065,0.128,0.028	0.029,0.021,0.0	0.057
5251	"MAT2A"	"MAT2A"	chr2	+	85542154	85542747	85542154	85542373	85542564	85542747	5251	91,83,57	890,720,516	91,84,82	1253,1077,1307	290	99	0.000734971794742	0.0204356610741	0.034,0.038,0.036	0.024,0.026,0.021	0.012
5734	"POLM"	"POLM"	chr7	-	44073782	44074530	44073782	44074025	44074397	44074530	5734	32,18,18	0,4,2	29,13,26	0,1,0	471	99	0.000817899131351	0.0225651396006	1.0,0.486,0.654	1.0,0.732,1.0	-0.197
1684	"PLCD4"	"PLCD4"	chr2	+	218633604	218634221	218633604	218633761	218634104	218634221	1684	67,57,42	3,2,2	52,46,64	0,1,0	442	99	0.000846119035007	0.0230528852611	0.833,0.865,0.825	1.0,0.912,1.0	-0.13
3946	"RBM5"	"RBM5"	chr3	+	50100531	50103166	50100531	50100605	50103082	50103166	3946	88,49,43	7,5,6	89,55,51	20,16,18	2576	99	0.000848532725262	0.0230528852611	0.326,0.274,0.216	0.146,0.117,0.098	0.152
231	"PRIM1"	"PRIM1"	chr12	-	56746780	56747032	56746780	56746854	56746925	56747032	231	0,0,0	56,30,16	1,4,7	47,24,49	170	99	0.000858045151651	0.0231347173843	0.0,0.0,0.0	0.012,0.088,0.077	-0.059
5682	"EWSR1"	"EWSR1"	chr22	+	29288605	29291599	29288605	29288786	29291561	29291599	5682	685,524,490	75,46,67	623,442,514	99,73,98	2874	99	0.000888712994699	0.0237814251739	0.239,0.282,0.201	0.178,0.173,0.153	0.073
2742	"MED25"	"MED25"	chr19	+	49836225	49836979	49836225	49836406	49836846	49836979	2742	1,3,0	8,7,12	5,7,3	6,1,7	539	99	0.000917004056788	0.0243553540157	0.022,0.073,0.0	0.133,0.563,0.073	-0.225
4974	"NCKIPSD"	"NCKIPSD"	chr3	-	48678876	48679183	48678876	48678969	48679054	48679183	4974	0,1,1	19,22,22	3,2,7	26,17,28	184	99	0.000928724969675	0.0244839419783	0.0,0.024,0.024	0.058,0.06,0.119	-0.063
2124	"CLPP"	"CLPP"	chr19	+	6361868	6362542	6361868	6361940	6362445	6362542	2124	39,24,15	247,153,128	50,48,29	192,121,175	604	99	0.000962045360835	0.0251758782295	0.025,0.025,0.019	0.041,0.061,0.026	-0.02
2066	"CAPRIN2"	"CAPRIN2"	chr12	-	30719078	30720915	30719078	30719225	30720810	30720915	2066	0,1,0	8,11,4	3,6,4	4,3,3	1684	99	0.000984708091907	0.0255808474387	0.0,0.005,0.0	0.042,0.105,0.073	-0.072
31	"E2F4"	"E2F4"	chr16	+	67192760	67193170	67192760	67192870	67193008	67193170	31	33,21,20	104,96,80	22,19,18	153,120,169	237	99	0.00108000831789	0.027468343587	0.117,0.084,0.095	0.057,0.062,0.043	0.045
3855	"AP1G2"	"AP1G2"	chr14	-	23565605	23566160	23565605	23565701	23566063	23566160	3855	58,43,41	8,5,3	41,28,40	0,3,0	461	99	0.00106596219205	0.027468343587	0.609,0.649,0.746	1.0,0.667,1.0	-0.221
6208	"DNHD1"	"DNHD1"	chr11	+	6570008	6571423	6570008	6570396	6570617	6571423	6208	6,4,2	0,1,1	6,1,0	0,4,1	320	99	0.00108051927569	0.027468343587	1.0,0.553,0.382	1.0,0.072,0.0	0.288
1187	"CDCA3"	"CDCA3"	chr12	-	6849322	6849858	6849322	6849413	6849564	6849858	1187	4,5,2	11,10,6	12,4,11	4,5,3	250	99	0.00123231869941	0.0305254964909	0.126,0.165,0.117	0.543,0.241,0.592	-0.323
2290	"CTC1"	"CTC1"	chr17	-	8229890	8230468	8229890	8229968	8230293	8230468	2290	4,3,1	25,13,18	5,3,10	10,10,7	424	99	0.00125224009207	0.0305254964909	0.036,0.051,0.013	0.105,0.065,0.25	-0.107
4016	"ANKRD13D"	"ANKRD13D"	chr11	+	67290077	67290446	67290077	67290213	67290321	67290446	4016	10,7,6	49,43,34	5,0,2	44,41,44	207	99	0.00124299092343	0.0305254964909	0.089,0.072,0.078	0.052,0.0,0.021	0.055
5197	"RFNG"	"RFNG"	chr17	-	82049676	82050555	82049676	82050006	82050401	82050555	5197	57,20,24	72,36,36	50,33,47	32,34,30	494	99	0.00121908948371	0.0305254964909	0.137,0.1,0.118	0.238,0.163,0.239	-0.095
5406	"RSRP1"	"RSRP1"	chr1	-	25242248	25242705	25242248	25242426	25242538	25242705	5406	68,33,48	0,0,2	28,33,39	3,5,0	211	99	0.00123354311847	0.0305254964909	1.0,1.0,0.918	0.814,0.756,1.0	0.116
5899	"SMYD2"	"SMYD2"	chr1	+	214330949	214334308	214330949	214331070	214332017	214334308	5899	40,29,19	197,145,138	11,13,26	236,209,237	1046	99	0.00124934214771	0.0305254964909	0.019,0.019,0.013	0.004,0.006,0.01	0.01
4069	"MCM7"	"MCM7"	chr7	-	100099022	100099753	100099022	100099403	100099588	100099753	4069	35,25,16	286,196,188	15,8,18	237,202,269	284	99	0.00128751477925	0.0311718714242	0.041,0.043,0.029	0.022,0.014,0.023	0.018
1088	"LRRC75A-AS1"	"LRRC75A-AS1"	chr17	+	16439326	16439703	16439326	16439414	16439580	16439703	1088	360,265,219	451,339,303	301,289,308	309,240,286	265	99	0.00133839025174	0.0321846682834	0.23,0.226,0.213	0.267,0.31,0.287	-0.065
2574	"NUP62"	"NUP62"	chr19	-	49927693	49929504	49927693	49927815	49929416	49929504	2574	241,183,133	8,8,7	265,229,262	6,0,3	1700	99	0.00135612343238	0.0323676960913	0.637,0.571,0.525	0.72,1.0,0.836	-0.274
3942	"KIAA1217"	"KIAA1217"	chr10	+	24544980	24547843	24544980	24545103	24545826	24547843	3942	105,94,96	75,55,41	63,49,59	15,11,23	822	99	0.00136419061919	0.0323676960913	0.144,0.171,0.22	0.336,0.349,0.236	-0.129
2379	"SYTL3"	"SYTL3"	chr6	+	158662749	158663378	158662749	158662812	158663204	158663378	2379	14,11,6	4,1,0	5,3,6	0,0,0	491	99	0.00139067595722	0.0325743766724	0.414,0.689,1.0	1.0,1.0,1.0	-0.299
5970	"HGS"	"HGS"	chr17	+	81694814	81695067	81694814	81694853	81694923	81695067	5970	24,15,15	110,73,54	13,7,9	122,60,99	169	99	0.00139120687109	0.0325743766724	0.113,0.107,0.14	0.059,0.064,0.051	0.062
3125	"PIDD1"	"PIDD1"	chr11	-	802681	803647	802681	802891	803173	803647	3125	7,4,1	20,23,13	8,5,8	15,4,6	381	99	0.00146344366115	0.0340418038564	0.083,0.043,0.02	0.122,0.245,0.257	-0.159
234	"GGA3"	"GGA3"	chr17	-	75239788	75241057	75239788	75240108	75240341	75241057	234	7,7,6	33,31,39	2,1,5	54,33,56	332	99	0.00152521602694	0.0347375732393	0.059,0.063,0.044	0.011,0.009,0.026	0.04
794	"RPL31"	"RPL31"	chr2	+	101002292	101002808	101002292	101002315	101002701	101002808	794	146,104,71	1712,1001,1014	187,145,183	1451,1294,1452	485	99	0.00155191743328	0.0347375732393	0.017,0.021,0.014	0.026,0.022,0.025	-0.007
1670	"TMEM256-PLSCR3"	"TMEM256-PLSCR3"	chr17	-	7393143	7393509	7393143	7393364	7393466	7393509	1670	6,8,4	23,13,13	1,3,1	26,12,15	201	99	0.00152959671768	0.0347375732393	0.114,0.233,0.132	0.019,0.11,0.032	0.106
2387	"ZNF653"	"ZNF653"	chr19	-	11486986	11487903	11486986	11487158	11487291	11487903	2387	7,7,2	22,14,23	2,1,3	35,23,34	232	99	0.00153490948444	0.0347375732393	0.12,0.176,0.036	0.024,0.018,0.036	0.085
3369	"ILKAP"	"ILKAP"	chr2	-	238194274	238194870	238194274	238194331	238194804	238194870	3369	5,10,9	49,47,26	4,4,5	81,61,68	572	99	0.00153842010645	0.0347375732393	0.017,0.036,0.057	0.008,0.011,0.013	0.026
3800	"RBM8A"	"RBM8A"	chr1	-	145926481	145927077	145926481	145926618	145927017	145927077	3800	9,11,14	0,2,0	13,24,15	2,5,2	498	99	0.00154988555828	0.0347375732393	1.0,0.522,1.0	0.564,0.488,0.599	0.29
1493	"GPC1"	"GPC1"	chr2	+	240463346	240464746	240463346	240463512	240464615	240464746	1493	28,23,12	127,82,67	5,5,6	80,64,78	1202	99	0.00159725687755	0.03552898267	0.018,0.023,0.015	0.005,0.006,0.006	0.013
3642	"ACAA1"	"ACAA1"	chr3	-	38126161	38126700	38126161	38126341	38126509	38126700	3642	10,6,2	43,25,25	19,9,8	17,21,24	267	99	0.00168577201046	0.0370349542298	0.079,0.082,0.029	0.293,0.137,0.11	-0.117
5576	"EFCAB12"	"EFCAB12"	chr3	-	129402522	129404403	129402522	129402579	129404249	129404403	5576	41,25,25	1,4,0	14,11,19	1,0,0	1769	99	0.00167825202542	0.0370349542298	0.696,0.259,1.0	0.439,1.0,1.0	-0.161
1128	"ABCD4"	"ABCD4"	chr14	-	74292747	74293248	74292747	74292869	74293153	74293248	1128	5,2,4	21,13,14	8,8,9	11,13,7	383	99	0.00170097153723	0.0371060703957	0.058,0.038,0.069	0.158,0.137,0.249	-0.126
4489	"ZNF598"	"ZNF598"	chr16	-	1999495	2000481	1999495	2000256	2000390	2000481	4489	6,3,10	46,29,34	7,0,0	48,39,55	233	99	0.00170986106909	0.0371060703957	0.053,0.042,0.111	0.058,0.0,0.0	0.049
2820	"ULK3"	"ULK3"	chr15	-	74842074	74842420	74842074	74842118	74842279	74842420	2820	31,26,29	5,3,0	25,24,19	2,0,0	260	99	0.00172869622564	0.0372874537397	0.702,0.767,1.0	0.826,1.0,1.0	-0.119
3650	"ACADVL"	"ACADVL"	chr17	+	7220765	7221058	7220765	7220830	7220923	7221058	3650	24,26,21	512,317,223	12,8,16	411,251,365	192	99	0.00174624393825	0.0374390492544	0.024,0.041,0.046	0.015,0.016,0.022	0.019
1013	"DET1"	"DET1"	chr15	-	88530622	88531715	88530622	88531473	88531612	88531715	1013	14,2,10	1,3,1	8,3,17	0,0,0	238	99	0.00181420633856	0.0384330973746	0.853,0.217,0.806	1.0,1.0,1.0	-0.375
2943	"ZNF692"	"ZNF692"	chr1	-	248855557	248855946	248855557	248855635	248855724	248855946	2943	15,16,12	24,20,22	43,27,27	14,18,24	188	99	0.00180503564959	0.0384330973746	0.248,0.296,0.223	0.618,0.441,0.372	-0.221
5683	"EWSR1"	"EWSR1"	chr22	+	29288605	29291599	29288605	29288786	29291564	29291599	5683	694,530,498	104,52,73	636,455,525	107,104,102	2877	99	0.00200837644731	0.0422947442365	0.187,0.26,0.19	0.17,0.131,0.15	0.062
691	"RHPN1"	"RHPN1"	chr8	+	143379828	143380175	143379828	143379985	143380061	143380175	691	9,2,1	14,11,1	14,12,7	6,9,3	175	99	0.00212675506944	0.0445242428949	0.267,0.093,0.361	0.569,0.43,0.569	-0.282
6130	"HDAC7"	"HDAC7"	chr12	-	47784078	47785471	47784078	47784217	47785386	47785471	6130	19,23,24	27,23,27	26,15,10	46,32,50	1268	99	0.0021734399851	0.0452355140759	0.052,0.072,0.065	0.042,0.035,0.015	0.032
2227	"ATXN2L"	"ATXN2L"	chr16	+	28835932	28837237	28835932	28836122	28836727	28837237	2227	178,174,112	30,25,22	180,139,176	12,9,20	704	99	0.00227060196838	0.0469829791015	0.455,0.495,0.417	0.678,0.685,0.553	-0.183
1956	"PINK1"	"PINK1"	chr1	+	20648504	20649231	20648504	20648632	20648994	20649231	1956	39,30,29	237,147,145	48,27,40	142,99,120	461	99	0.00229814296324	0.0472779815386	0.034,0.042,0.041	0.068,0.055,0.067	-0.024
1513	"SSFA2"	"SSFA2"	chr2	+	181915215	181918675	181915215	181916427	181918597	181918675	1513	179,140,98	32,22,23	96,82,121	31,27,40	2269	99	0.00236547710767	0.048107045864	0.196,0.217,0.157	0.119,0.117,0.117	0.072
2289	"CTC1"	"CTC1"	chr17	-	8229890	8230468	8229890	8229922	8230293	8230468	2289	20,9,6	1,0,1	15,9,13	3,0,5	470	99	0.00236039833351	0.048107045864	0.808,1.0,0.558	0.513,1.0,0.354	0.166
6087	"FAM219B"	"FAM219B"	chr15	-	74899991	74902786	74899991	74902063	74902603	74902786	6087	128,112,115	15,12,10	130,105,146	6,6,4	639	99	0.00238119918202	0.0481516357319	0.569,0.591,0.641	0.77,0.731,0.85	-0.183
1113	"ZSWIM8"	"ZSWIM8"	chr10	+	73800639	73801195	73800639	73800759	73801016	73801195	1113	11,5,1	37,26,27	11,7,3	7,6,15	356	99	0.00241182551253	0.0484954067745	0.076,0.051,0.01	0.304,0.245,0.053	-0.155
2071	"FASTK"	"FASTK"	chr7	-	151077100	151077401	151077100	151077236	151077309	151077401	2071	28,24,19	109,73,60	45,16,47	79,46,49	172	99	0.00243063697102	0.0485990841565	0.129,0.159,0.154	0.247,0.167,0.356	-0.109
2937	"NUBP2"	"NUBP2"	chr16	+	1786536	1787831	1786536	1786655	1787676	1787831	2937	136,74,68	61,30,30	79,53,54	48,40,49	1120	99	0.00248233594791	0.0493554951878	0.165,0.179,0.167	0.127,0.105,0.089	0.063
1578	"OXSM"	"OXSM"	chr3	+	25790989	25791997	25790989	25791315	25791769	25791997	1578	32,27,42	0,0,1	53,40,44	0,2,4	553	99	0.00249761767488	0.0493834516939	1.0,1.0,0.883	1.0,0.782,0.663	0.146
2276	"MAN2A2"	"MAN2A2"	chr15	+	90912042	90912664	90912042	90912279	90912516	90912664	2276	5,4,4	4,1,0	2,1,1	8,1,2	336	99	0.00252029467459	0.0495565124136	0.269,0.541,1.0	0.069,0.228,0.128	0.462
