"ID"	"GeneID"	"geneSymbol"	"chr"	"strand"	"exonStart_0base"	"exonEnd"	"upstreamES"	"upstreamEE"	"downstreamES"	"downstreamEE"	"ID.1"	"IJC_SAMPLE_1"	"SJC_SAMPLE_1"	"IJC_SAMPLE_2"	"SJC_SAMPLE_2"	"IncFormLen"	"SkipFormLen"	"PValue"	"FDR"	"IncLevel1"	"IncLevel2"	"IncLevelDifference"
24250	"PDIK1L"	"PDIK1L"	chr1	+	26112459	26112650	26111172	26111420	26114291	26114593	24250	0,0,1	3,2,3	4,7,3	0,0,0	198	99	2.22044604925e-16	5.53834755834e-12	0.0,0.0,0.143	1.0,1.0,1.0	-0.952
16861	"DCUN1D4"	"DCUN1D4"	chr4	+	51860542	51860663	51848204	51848367	51863436	51863507	16861	5,2,1	0,0,0	0,2,0	3,1,4	198	99	1.95399252334e-14	3.24916390089e-10	1.0,1.0,1.0	0.0,0.5,0.0	0.833
18545	"ZNF207"	"ZNF207"	chr17	+	32366664	32366757	32365329	32365487	32367771	32368014	18545	222,166,119	244,172,133	192,129,171	490,370,413	191	99	4.06341627013e-14	5.06758801589e-10	0.32,0.333,0.317	0.169,0.153,0.177	0.157
3951	"EEF1D"	"EEF1D"	chr8	-	143588990	143590092	143586728	143586852	143597347	143597675	3951	31,20,25	4,1,3	0,0,0	1,3,5	198	99	6.82787160144e-14	6.81216749676e-10	0.795,0.909,0.806	0.0,0.0,0.0	0.837
34585	"ZNF138"	"ZNF138"	chr7	+	64830939	64831076	64815575	64815653	64831450	64831803	34585	3,3,1	0,0,0	2,1,2	2,6,2	198	99	1.27897692437e-13	1.0633627312e-09	1.0,1.0,1.0	0.333,0.077,0.333	0.752
20985	"ERI3"	"ERI3"	chr1	-	44241914	44242080	44230316	44230470	44247938	44248002	20985	0,0,0	2,1,1	2,2,6	1,0,0	198	99	2.12185824466e-12	1.29929633719e-08	0.0,0.0,0.0	0.5,1.0,1.0	-0.833
48314	"PLSCR1"	"PLSCR1"	chr3	-	146536539	146536565	146533469	146533550	146544466	146544530	48314	562,428,407	66,50,31	336,240,335	82,106,93	124	99	2.35877983812e-12	1.29929633719e-08	0.872,0.872,0.913	0.766,0.644,0.742	0.168
48359	"GIPC1"	"GIPC1"	chr19	-	14492856	14492912	14480592	14480778	14496036	14496052	48359	3,1,2	0,0,0	1,1,1	1,5,2	154	99	2.60458321577e-12	1.29929633719e-08	1.0,1.0,1.0	0.391,0.114,0.243	0.751
69734	"FHL2"	"FHL2"	chr2	-	105396646	105396697	105386360	105386540	105398841	105399224	69734	307,223,202	90,49,62	93,77,100	71,56,79	149	99	2.41684450231e-12	1.29929633719e-08	0.694,0.751,0.684	0.465,0.477,0.457	0.243
37907	"NQO2"	"NQO2"	chr6	+	3004494	3004651	2993930	2994053	3006467	3006559	37907	1,2,7	5,6,2	13,8,13	0,0,0	198	99	4.47553105687e-12	2.02965333429e-08	0.091,0.143,0.636	1.0,1.0,1.0	-0.71
69498	"DENND1B"	"DENND1B"	chr1	-	197658299	197658369	197652234	197652315	197672036	197672156	69498	34,35,16	0,2,0	20,12,16	12,5,11	168	99	5.25990362377e-12	2.18658576893e-08	1.0,0.912,1.0	0.495,0.586,0.462	0.456
4995	"RHBDD1"	"RHBDD1"	chr2	+	226838072	226838154	226837523	226837838	226839408	226839627	4995	1,3,3	0,0,0	2,2,3	4,3,2	180	99	2.87384560593e-11	1.10278298501e-07	1.0,1.0,1.0	0.216,0.268,0.452	0.688
40836	"HNRNPH1"	"HNRNPH1"	chr5	-	179615545	179615595	179614177	179614959	179616125	179616218	40836	1415,1086,949	123,78,63	1379,980,1331	217,153,214	148	99	4.55248061471e-11	1.62214639618e-07	0.885,0.903,0.91	0.81,0.811,0.806	0.09
7467	"SFI1"	"SFI1"	chr22	+	31531057	31531129	31528689	31528863	31546860	31546971	7467	10,6,7	9,3,6	8,5,8	0,0,0	170	99	1.95011451432e-10	6.48543083646e-07	0.393,0.538,0.405	1.0,1.0,1.0	-0.555
31779	"LUC7L"	"LUC7L"	chr16	-	208600	208664	208077	208188	220648	220747	31779	15,10,8	54,23,17	4,1,3	80,55,83	162	99	2.63175370385e-10	8.20531459478e-07	0.145,0.21,0.223	0.03,0.011,0.022	0.172
42283	"TLE4"	"TLE4"	chr9	+	79649819	79649858	79627373	79627448	79652589	79652798	42283	19,8,11	14,0,17	0,0,0	14,10,9	137	99	3.23067128605e-10	9.48011982968e-07	0.495,1.0,0.319	0.0,0.0,0.0	0.605
29639	"SRSF2"	"SRSF2"	chr17	-	76735771	76735875	76734146	76735158	76736153	76736464	29639	191,110,112	846,465,416	110,92,114	986,787,922	198	99	3.98261756906e-10	1.10373820796e-06	0.101,0.106,0.119	0.053,0.055,0.058	0.053
31210	"SAT1"	"SAT1"	chrX	+	23784293	23784403	23783799	23783883	23785327	23785429	31210	70,73,57	636,450,348	38,29,32	670,505,579	198	99	6.51232068272e-10	1.70982693293e-06	0.052,0.075,0.076	0.028,0.028,0.027	0.04
7352	"RBM38"	"RBM38"	chr20	+	57392396	57392492	57391452	57391795	57392653	57392777	7352	1,1,0	7,0,3	2,1,2	0,0,0	194	99	1.20758758548e-09	3.01202533508e-06	0.068,1.0,0.0	1.0,1.0,1.0	-0.644
12555	"NEXN"	"NEXN"	chr1	+	77925187	77925229	77918124	77918273	77926413	77926611	12555	4,4,4	0,0,0	8,4,10	7,9,8	140	99	1.83955306543e-09	4.36981450805e-06	1.0,1.0,1.0	0.447,0.239,0.469	0.615
13645	"MOCS1"	"MOCS1"	chr6	-	39909039	39909102	39904164	39907117	39909834	39909955	13645	12,3,3	0,0,0	8,4,9	9,1,4	161	99	2.99586577768e-09	6.79312565089e-06	1.0,1.0,1.0	0.353,0.711,0.58	0.452
64905	"RP11-248G5.8"	"RP11-248G5.8"	chr13	-	52183975	52184114	52180581	52180654	52186682	52186823	64905	8,4,3	0,0,0	3,4,8	4,1,4	198	99	4.38299518901e-09	9.50633543495e-06	1.0,1.0,1.0	0.273,0.667,0.5	0.52
55516	"RFX2"	"RFX2"	chr19	-	6026162	6026237	6016089	6016271	6039979	6040241	55516	7,7,2	7,2,1	5,2,3	0,0,0	173	99	5.17898579577e-09	1.07647377676e-05	0.364,0.667,0.534	1.0,1.0,1.0	-0.478
62477	"TNC"	"TNC"	chr9	-	115048259	115048532	115046409	115046682	115073602	115073866	62477	1,1,4	0,0,0	21,6,5	6,5,4	198	99	6.03768401941e-09	1.20475946923e-05	1.0,1.0,1.0	0.636,0.375,0.385	0.535
62769	"SRRM1"	"SRRM1"	chr1	+	24663182	24663224	24662659	24662804	24666814	24666845	62769	183,141,93	118,100,85	119,57,88	180,107,144	140	99	8.24413470824e-09	1.58176407662e-05	0.523,0.499,0.436	0.319,0.274,0.302	0.188
65303	"NBPF26"	"NBPF26"	chr1	+	120807606	120807709	120805555	120805765	120808544	120808759	65303	6,1,15	1,0,0	8,2,5	3,20,7	198	99	8.76778749603e-09	1.61992992311e-05	0.75,1.0,1.0	0.571,0.048,0.263	0.623
31924	"SYTL4"	"SYTL4"	chrX	-	100704810	100704886	100701927	100702107	100732003	100732123	31924	4,6,3	1,0,0	2,2,2	3,5,6	174	99	1.17390132059e-08	1.95939461072e-05	0.695,1.0,1.0	0.275,0.185,0.159	0.692
49506	"SRSF11"	"SRSF11"	chr1	+	70247116	70247149	70246817	70246907	70249930	70250047	49506	2,5,4	3,4,2	1,0,0	21,5,20	131	99	1.17834696445e-08	1.95939461072e-05	0.335,0.486,0.602	0.035,0.0,0.0	0.463
66449	"CANT1"	"CANT1"	chr17	-	79005371	79005481	78997576	78997963	79009663	79009765	66449	14,5,16	92,76,65	0,2,2	86,74,112	198	99	1.11997281449e-08	1.95939461072e-05	0.071,0.032,0.11	0.0,0.013,0.009	0.064
44981	"ATP2C1"	"ATP2C1"	chr3	+	130894707	130894775	130893990	130894337	130930415	130930526	44981	39,26,29	0,0,3	28,26,25	9,7,15	166	99	1.3449354852e-08	2.16426150578e-05	1.0,1.0,0.852	0.65,0.689,0.498	0.338
47133	"EIF4G2"	"EIF4G2"	chr11	-	10806819	10806885	10805906	10806047	10807254	10807319	47133	2357,1697,1514	21,5,10	2528,1920,2242	39,41,46	164	99	1.43023616284e-08	2.22960409323e-05	0.985,0.995,0.989	0.975,0.966,0.967	0.02
32056	"ZMIZ2"	"ZMIZ2"	chr7	+	44750971	44751091	44749814	44749980	44756187	44756299	32056	2,0,0	0,6,2	2,1,1	0,0,0	198	99	1.67901621495e-08	2.53811284493e-05	1.0,0.0,0.0	1.0,1.0,1.0	-0.667
15696	"GEMIN4"	"GEMIN4"	chr17	-	749813	749909	747166	748032	751650	752038	15696	9,3,1	0,1,0	0,1,2	1,7,1	194	99	1.73318526198e-08	2.54293961158e-05	1.0,0.605,1.0	0.0,0.068,0.505	0.677
37478	"IFT122"	"IFT122"	chr3	+	129449870	129449937	129440035	129440371	129463559	129463622	37478	19,19,14	1,0,0	6,9,5	2,3,11	165	99	1.93860607567e-08	2.76091462606e-05	0.919,1.0,1.0	0.643,0.643,0.214	0.473
58388	"FRMD8"	"FRMD8"	chr11	+	65393572	65393674	65389360	65389528	65394040	65394099	58388	46,52,34	2,0,0	24,5,17	5,5,5	198	99	1.9924411454e-08	2.76091462606e-05	0.92,1.0,1.0	0.706,0.333,0.63	0.417
8917	"FBXO18"	"FBXO18"	chr10	+	5924750	5924801	5924310	5924508	5925366	5925492	8917	19,9,12	40,23,32	2,1,5	54,31,45	149	99	2.28652198286e-08	3.08278781392e-05	0.24,0.206,0.199	0.024,0.021,0.069	0.177
57918	"CASP4"	"CASP4"	chr11	-	104951895	104952063	104949542	104949777	104954746	104955001	57918	0,2,2	1,4,1	5,2,5	0,0,0	198	99	2.38003460273e-08	3.12442174098e-05	0.0,0.2,0.5	1.0,1.0,1.0	-0.767
51759	"RP13-672B3.2"	"RP13-672B3.2"	chr12	+	132704618	132704794	132690262	132690376	132714857	132714912	51759	8,2,4	0,0,0	1,0,8	2,4,1	198	99	2.71572172528e-08	3.47368662219e-05	1.0,1.0,1.0	0.2,0.0,0.8	0.667
26832	"DBNL"	"DBNL"	chr7	+	44052866	44052941	44050224	44050280	44056756	44056903	26832	237,169,128	0,2,2	207,145,198	13,12,9	173	99	3.08668698379e-08	3.84368577135e-05	1.0,0.98,0.973	0.901,0.874,0.926	0.084
60475	"PITPNA"	"PITPNA"	chr17	-	1543019	1543027	1541565	1541640	1548295	1548387	60475	2,14,6	3,0,2	0,1,0	3,3,4	106	99	3.15908823545e-08	3.84368577135e-05	0.384,1.0,0.737	0.0,0.237,0.0	0.628
39644	"SCAPER"	"SCAPER"	chr15	-	76862415	76862533	76857808	76857879	76883811	76883876	39644	10,10,16	2,6,3	8,11,10	0,0,0	198	99	3.66475392255e-08	4.35276784349e-05	0.714,0.455,0.727	1.0,1.0,1.0	-0.368
17222	"SSFA2"	"SSFA2"	chr2	+	181896029	181896079	181892614	181892660	181896907	181896964	17222	180,152,133	2,1,2	180,124,206	15,10,13	148	99	4.60538928104e-08	5.22136009738e-05	0.984,0.99,0.978	0.889,0.892,0.914	0.086
18906	"RPTOR"	"RPTOR"	chr17	+	80925369	80925480	80923489	80923673	80940495	80940601	18906	135,86,54	3,0,1	73,55,71	8,4,17	198	99	4.56878919142e-08	5.22136009738e-05	0.957,1.0,0.964	0.82,0.873,0.676	0.184
48973	"TMEM65"	"TMEM65"	chr8	-	124327353	124327421	124323320	124323375	124330747	124330792	48973	161,103,108	1,1,0	129,108,134	11,5,10	166	99	6.01179745985e-08	6.66441147299e-05	0.99,0.984,1.0	0.875,0.928,0.889	0.094
24679	"NAV2"	"NAV2"	chr11	+	20049835	20049901	20048727	20049195	20051288	20051333	24679	13,15,5	8,7,1	3,1,1	0,0,0	164	99	6.33170900155e-08	6.86646312049e-05	0.495,0.564,0.751	1.0,1.0,1.0	-0.397
68425	"PRRC2C"	"PRRC2C"	chr1	+	171591151	171591200	171588378	171588505	171591586	171592223	68425	76,33,34	70,54,43	42,23,33	122,92,123	147	99	7.61233290847e-08	8.07960057743e-05	0.422,0.292,0.347	0.188,0.144,0.153	0.192
35052	"TMEM161A"	"TMEM161A"	chr19	-	19132656	19132754	19121758	19121819	19138425	19138447	35052	1,0,0	3,1,1	2,1,4	1,0,1	196	99	8.40733809238e-08	8.73750126538e-05	0.144,0.0,0.0	0.503,1.0,0.669	-0.676
22555	"MAP4"	"MAP4"	chr3	-	47909037	47912421	47877416	47877523	47914816	47914939	22555	32,23,14	267,266,171	64,37,57	236,202,216	198	99	8.70948285714e-08	8.86678678221e-05	0.057,0.041,0.039	0.119,0.084,0.117	-0.061
15907	"CRAT"	"CRAT"	chr9	-	129109178	129109277	129107813	129108077	129110482	129110769	15907	3,6,4	0,0,0	0,2,1	1,3,1	197	99	9.28065229111e-08	9.25930679084e-05	1.0,1.0,1.0	0.0,0.251,0.334	0.805
34719	"KIAA1191"	"KIAA1191"	chr5	-	176355570	176355749	176348249	176348356	176359461	176359567	34719	9,1,5	0,0,1	2,0,0	0,4,4	198	99	1.01057374247e-07	9.88479826336e-05	1.0,1.0,0.714	1.0,0.0,0.0	0.571
14124	"SEC31A"	"SEC31A"	chr4	-	82899712	82899737	82897988	82898062	82900076	82900223	14124	24,12,16	84,96,50	4,3,7	126,66,99	123	99	1.09508449198e-07	0.00010505440362	0.187,0.091,0.205	0.025,0.035,0.054	0.123
44980	"ATP2C1"	"ATP2C1"	chr3	+	130894589	130894775	130893967	130894337	130930415	130930526	44980	41,33,27	0,0,3	37,32,29	9,7,15	198	99	1.12044083123e-07	0.00010545885069	1.0,1.0,0.818	0.673,0.696,0.492	0.319
26829	"DBNL"	"DBNL"	chr7	+	44051829	44051942	44050224	44050280	44056756	44056903	26829	302,249,184	0,2,2	306,211,308	13,12,9	198	99	1.41424678191e-07	0.000129334038816	1.0,0.984,0.979	0.922,0.898,0.945	0.066
47358	"C11orf84"	"C11orf84"	chr11	+	63818526	63818652	63818215	63818365	63818801	63819002	47358	139,105,68	6,12,9	221,148,201	6,0,1	198	99	1.42595412145e-07	0.000129334038816	0.921,0.814,0.791	0.948,1.0,0.99	-0.137
54149	"CUL5"	"CUL5"	chr11	+	108104189	108104902	108098405	108098529	108106206	108106852	54149	55,42,35	10,5,2	63,40,60	0,1,0	198	99	1.45698614951e-07	0.000129788846551	0.733,0.808,0.897	1.0,0.952,1.0	-0.171
37091	"NAF1"	"NAF1"	chr4	-	163158224	163158327	163156963	163157454	163164216	163164391	37091	12,2,6	4,1,3	12,15,8	0,0,0	198	99	1.66543880575e-07	0.000145755113728	0.6,0.5,0.5	1.0,1.0,1.0	-0.467
54329	"OSBPL6"	"OSBPL6"	chr2	+	178344285	178344360	178338990	178339094	178349223	178349389	54329	9,3,4	9,11,7	1,0,0	12,21,11	173	99	1.73328216002e-07	0.000149077207849	0.364,0.135,0.246	0.046,0.0,0.0	0.233
64214	"METTL25"	"METTL25"	chr12	+	82386802	82386967	82358496	82358824	82389815	82389922	64214	24,7,5	0,0,0	7,4,14	4,2,2	198	99	1.76912058891e-07	0.000149580645047	1.0,1.0,1.0	0.467,0.5,0.778	0.418
23106	"TAF1A"	"TAF1A"	chr1	-	222579758	222579825	222577444	222577643	222584127	222584297	23106	7,5,8	0,0,1	8,8,6	6,4,7	165	99	1.83200205006e-07	0.000152315703779	1.0,1.0,0.828	0.444,0.545,0.34	0.5
67918	"PRR5L"	"PRR5L"	chr11	+	36393845	36394011	36376380	36376704	36400996	36401264	67918	0,1,2	3,0,3	1,3,4	0,0,0	198	99	1.8981399097e-07	0.000155227392451	0.0,1.0,0.25	1.0,1.0,1.0	-0.583
23107	"TAF1A"	"TAF1A"	chr1	-	222579758	222579872	222577444	222577643	222584127	222584297	23107	24,14,19	0,0,1	30,18,17	6,4,7	198	99	2.35615648103e-07	0.000180825947779	1.0,1.0,0.905	0.714,0.692,0.548	0.317
23109	"TAF1A"	"TAF1A"	chr1	-	222579758	222579890	222577444	222577643	222584127	222584297	23109	8,7,12	0,0,1	10,12,11	6,4,7	198	99	2.29536040952e-07	0.000180825947779	1.0,1.0,0.857	0.455,0.6,0.44	0.454
47069	"RABL2A"	"RABL2A"	chr2	+	113635050	113635130	113634152	113634232	113641352	113641450	47069	7,2,1	1,2,4	3,1,2	0,0,0	178	99	2.33167597119e-07	0.000180825947779	0.796,0.357,0.122	1.0,1.0,1.0	-0.575
47503	"SRSF3"	"SRSF3"	chr6	+	36599820	36600276	36598848	36598983	36601151	36601190	47503	80,52,39	1278,875,742	82,59,72	634,534,630	198	99	2.290587372e-07	0.000180825947779	0.03,0.029,0.026	0.061,0.052,0.054	-0.027
72384	"LINC01128"	"LINC01128"	chr1	+	849483	849602	847653	847806	851926	851987	72384	10,4,6	2,1,0	4,2,1	6,8,8	198	99	2.43904145436e-07	0.000184350883259	0.714,0.667,1.0	0.25,0.111,0.059	0.654
22327	"CSAD"	"CSAD"	chr12	-	53171325	53171441	53170422	53170502	53171881	53171988	22327	3,6,0	4,6,1	4,2,8	0,0,1	198	99	2.60850108846e-07	0.000194216532534	0.273,0.333,0.0	1.0,1.0,0.8	-0.731
2686	"MYL6"	"MYL6"	chr12	+	56159586	56159622	56158683	56158711	56160024	56160148	2686	227,111,89	0,0,0	102,130,134	26,0,3	134	99	2.75610173128e-07	0.000199258166471	1.0,1.0,1.0	0.743,1.0,0.971	0.095
22325	"CSAD"	"CSAD"	chr12	-	53171176	53171441	53170422	53170502	53171881	53171988	22325	3,3,0	4,6,1	3,1,6	0,0,1	198	99	2.74555396862e-07	0.000199258166471	0.273,0.2,0.0	1.0,1.0,0.75	-0.759
62348	"SUN1"	"SUN1"	chr7	+	849922	850033	849519	849603	851383	851481	62348	245,227,189	48,34,34	203,138,153	63,68,72	198	99	2.87860954518e-07	0.000205142053088	0.718,0.769,0.735	0.617,0.504,0.515	0.195
68546	"GPBP1L1"	"GPBP1L1"	chr1	-	45685575	45685620	45660183	45661225	45687982	45688113	68546	12,6,5	6,2,1	13,9,6	0,0,0	143	99	3.5103207352e-07	0.000246637112501	0.581,0.675,0.776	1.0,1.0,1.0	-0.323
72476	"GEMIN7"	"GEMIN7"	chr19	+	45079906	45080029	45079257	45079279	45090106	45090537	72476	55,47,54	8,0,17	63,48,52	0,1,0	198	99	3.61082880596e-07	0.000250175270813	0.775,1.0,0.614	1.0,0.96,1.0	-0.19
29912	"TPCN1"	"TPCN1"	chr12	+	113294105	113294228	113293268	113293349	113295959	113296012	29912	15,5,6	36,44,19	0,0,0	18,17,16	198	99	3.67662530198e-07	0.000251244456424	0.172,0.054,0.136	0.0,0.0,0.0	0.121
47484	"LARP4"	"LARP4"	chr12	+	50466958	50467120	50462581	50462630	50473414	50473536	47484	61,55,39	0,0,0	65,49,70	6,9,2	198	99	3.88630837733e-07	0.000261984450545	1.0,1.0,1.0	0.844,0.731,0.946	0.16
2902	"RWDD2B"	"RWDD2B"	chr21	-	29008239	29008307	29007760	29008123	29008394	29008621	2902	137,71,58	6,4,3	88,72,99	33,14,15	166	99	4.02905713459e-07	0.000264459888367	0.932,0.914,0.92	0.614,0.754,0.797	0.2
69027	"CCM2"	"CCM2"	chr7	+	45064462	45064646	45038252	45038426	45072725	45072783	69027	2,4,5	3,2,2	9,7,9	1,0,0	198	99	4.00028391634e-07	0.000264459888367	0.25,0.5,0.556	0.818,1.0,1.0	-0.504
48401	"RNF217-AS1"	"RNF217-AS1"	chr6	-	124945298	124945439	124935007	124935117	124947930	124948098	48401	0,0,2	5,4,2	1,1,3	0,0,1	198	99	4.1525847938e-07	0.000269028171998	0.0,0.0,0.333	1.0,1.0,0.6	-0.756
40236	"PLEKHM2"	"PLEKHM2"	chr1	+	15721328	15721388	15719733	15719920	15725316	15725545	40236	123,104,75	135,70,57	67,53,87	168,92,141	158	99	4.26748089866e-07	0.000270449915349	0.363,0.482,0.452	0.2,0.265,0.279	0.184
59479	"TRAPPC2L"	"TRAPPC2L"	chr16	+	88859344	88859443	88858618	88858789	88859572	88859750	59479	20,23,15	0,0,0	15,13,14	9,5,0	197	99	4.2829594693e-07	0.000270449915349	1.0,1.0,1.0	0.456,0.566,1.0	0.326
33654	"EIF4A2"	"EIF4A2"	chr3	+	186788309	186788420	186787802	186787882	186789124	186789291	33654	392,273,230	621,493,438	659,539,594	639,567,715	198	99	4.60620378395e-07	0.000287225594703	0.24,0.217,0.208	0.34,0.322,0.293	-0.097
70082	"EDRF1"	"EDRF1"	chr10	+	125729002	125729104	125725681	125725838	125729357	125729479	70082	28,9,12	0,0,0	24,23,30	3,2,8	198	99	4.83792982231e-07	0.000297950776773	1.0,1.0,1.0	0.8,0.852,0.652	0.232
22326	"CSAD"	"CSAD"	chr12	-	53171272	53171441	53170422	53170502	53171881	53171988	22326	3,3,1	4,6,1	3,1,6	0,0,1	198	99	5.03981157141e-07	0.00030659878078	0.273,0.2,0.333	1.0,1.0,0.75	-0.648
62756	"BTBD1"	"BTBD1"	chr15	-	83028615	83028728	83020674	83020762	83030135	83030328	62756	1,1,1	68,44,61	7,17,9	87,68,67	198	99	5.19837406787e-07	0.000312434807682	0.007,0.011,0.008	0.039,0.111,0.063	-0.062
26707	"TMEM39B"	"TMEM39B"	chr1	+	32076762	32076846	32075602	32075822	32091674	32091744	26707	5,3,2	1,0,0	2,5,2	11,5,1	182	99	5.51399872983e-07	0.000323606854868	0.731,1.0,1.0	0.09,0.352,0.521	0.589
64725	"PIKFYVE"	"PIKFYVE"	chr2	+	208273583	208273733	208271510	208271691	208285725	208285933	64725	23,22,24	0,0,0	13,10,20	1,1,9	198	99	5.49340665623e-07	0.000323606854868	1.0,1.0,1.0	0.867,0.833,0.526	0.258
7543	"ZNF283"	"ZNF283"	chr19	+	43837052	43837179	43835504	43835592	43846938	43848898	7543	5,8,9	0,0,0	6,12,15	4,4,1	198	99	6.12670629785e-07	0.000352432079567	1.0,1.0,1.0	0.429,0.6,0.882	0.363
15156	"LZTFL1"	"LZTFL1"	chr3	-	45837926	45838047	45835589	45835784	45841988	45842116	15156	16,9,6	2,6,1	9,3,10	0,0,0	198	99	6.21710393944e-07	0.000352432079567	0.8,0.429,0.75	1.0,1.0,1.0	-0.34
57197	"SRSF7"	"SRSF7"	chr2	-	38748897	38749346	38748578	38748653	38749528	38749705	57197	55,53,30	815,571,500	97,55,64	520,429,512	198	99	6.18989044909e-07	0.000352432079567	0.033,0.044,0.029	0.085,0.06,0.059	-0.033
13917	"INTS12"	"INTS12"	chr4	-	105703647	105703809	105699849	105700014	105708637	105708659	13917	16,10,14	4,6,6	5,4,13	22,20,22	198	99	6.41333192442e-07	0.000359470857359	0.667,0.455,0.538	0.102,0.091,0.228	0.413
30625	"PAQR3"	"PAQR3"	chr4	-	78935120	78935176	78930169	78930325	78939039	78939195	30625	10,4,5	3,4,3	10,14,11	0,1,0	154	99	6.72906057764e-07	0.000371921306345	0.682,0.391,0.517	1.0,0.9,1.0	-0.437
48645	"B3GALNT1"	"B3GALNT1"	chr3	-	161089943	161090062	161083896	161086788	161103426	161103517	48645	0,0,1	2,1,1	5,5,2	0,0,3	198	99	6.78457229175e-07	0.000371921306345	0.0,0.0,0.333	1.0,1.0,0.25	-0.639
11989	"STK25"	"STK25"	chr2	-	241498234	241498349	241497615	241497687	241498638	241498784	11989	576,412,286	2,4,2	506,370,468	14,8,19	198	99	7.27860087202e-07	0.000392213990563	0.993,0.981,0.986	0.948,0.959,0.925	0.043
12094	"VEGFA"	"VEGFA"	chr6	+	43780731	43780803	43778888	43778918	43784540	43784562	12094	24,41,20	63,64,44	7,16,10	74,65,72	170	99	7.31199781945e-07	0.000392213990563	0.182,0.272,0.209	0.052,0.125,0.075	0.137
8253	"VSIG10"	"VSIG10"	chr12	-	118121500	118121618	118117666	118117882	118126480	118126670	8253	1,2,2	1,0,0	1,1,0	2,1,1	198	99	7.85419066673e-07	0.000412427685695	0.333,1.0,1.0	0.2,0.333,0.0	0.6
25316	"GAS5"	"GAS5"	chr1	-	173864674	173864704	173863900	173864304	173865509	173865547	25316	11,5,6	0,0,0	12,9,21	2,6,4	128	99	7.84975967671e-07	0.000412427685695	1.0,1.0,1.0	0.823,0.537,0.802	0.279
2144	"RHOA"	"RHOA"	chr3	-	49362495	49362626	49359144	49360382	49375433	49375591	2144	1356,982,930	22,35,3	1316,1077,1325	4,11,5	198	99	8.06716457302e-07	0.000417474560012	0.969,0.933,0.994	0.994,0.98,0.993	-0.024
64177	"IKZF2"	"IKZF2"	chr2	-	213150143	213150247	213148595	213148644	213152125	213152427	64177	4,2,1	0,0,0	0,0,2	2,2,0	198	99	8.11767712161e-07	0.000417474560012	1.0,1.0,1.0	0.0,0.0,1.0	0.667
54604	"TAF11"	"TAF11"	chr6	-	34879966	34880063	34877777	34878720	34880288	34880376	54604	281,160,155	1,2,0	277,215,222	11,6,12	195	99	8.25425277573e-07	0.000420166734405	0.993,0.976,1.0	0.927,0.948,0.904	0.063
70358	"CAMLG"	"CAMLG"	chr5	+	134743986	134744052	134741062	134741523	134750758	134751377	70358	42,23,30	1,0,0	31,37,28	8,6,2	164	99	8.54173270559e-07	0.000430408420221	0.962,1.0,1.0	0.701,0.788,0.894	0.193
44982	"ATP2C1"	"ATP2C1"	chr3	+	130894730	130894775	130894181	130894337	130930415	130930526	44982	20,14,8	0,0,3	15,9,9	9,7,15	143	99	8.81330395552e-07	0.000439651667821	1.0,1.0,0.649	0.536,0.471,0.293	0.45
40093	"DHPS"	"DHPS"	chr19	-	12677107	12677211	12676016	12676142	12677290	12677396	40093	531,402,333	7,11,8	438,290,375	32,16,22	198	99	9.15427693982e-07	0.000452139708062	0.974,0.948,0.954	0.873,0.901,0.895	0.069
10411	"NEDD4L"	"NEDD4L"	chr18	+	58227829	58227907	58165787	58165861	58245426	58245508	10411	9,10,14	26,10,18	1,1,3	23,25,14	176	99	9.53629458622e-07	0.000461862189741	0.163,0.36,0.304	0.024,0.022,0.108	0.224
31682	"PPARG"	"PPARG"	chr3	+	12312379	12312453	12287859	12288020	12379703	12379931	31682	15,14,37	0,0,0	27,15,26	2,7,3	172	99	9.49273533335e-07	0.000461862189741	1.0,1.0,1.0	0.886,0.552,0.833	0.243
35075	"SDHAF2"	"SDHAF2"	chr11	+	61437624	61437848	61430072	61430182	61445940	61446115	35075	122,89,76	19,22,20	132,109,145	13,1,8	198	99	9.79479428009e-07	0.000469820492945	0.762,0.669,0.655	0.835,0.982,0.901	-0.211
32503	"RBMXL1"	"RBMXL1"	chr1	-	88988251	88988351	88979458	88984066	88992584	88992759	32503	31,18,28	2,3,0	15,18,15	6,8,20	198	99	1.13526851719e-06	0.000539360666476	0.886,0.75,1.0	0.556,0.529,0.273	0.426
19805	"FANCE"	"FANCE"	chr6	+	35457915	35457984	35457555	35457600	35458296	35458440	19805	37,16,25	6,5,3	36,24,26	0,1,0	167	99	1.17292864199e-06	0.000551995710431	0.785,0.655,0.832	1.0,0.934,1.0	-0.221
1816	"BCL9L"	"BCL9L"	chr11	-	118909913	118910015	118908416	118908655	118925237	118925453	1816	194,161,94	22,12,8	80,65,52	18,20,24	198	99	1.24562186044e-06	0.000580727537458	0.815,0.87,0.855	0.69,0.619,0.52	0.237
6592	"GOLGB1"	"GOLGB1"	chr3	-	121668313	121668508	121668060	121668158	121669196	121669355	6592	8,7,6	9,4,2	1,2,0	13,7,5	198	99	1.28671514821e-06	0.000594331344152	0.308,0.467,0.6	0.037,0.125,0.0	0.404
8324	"DEGS2"	"DEGS2"	chr14	-	100148967	100149710	100143956	100146907	100159505	100160163	8324	31,25,34	6,10,1	11,5,15	0,0,0	198	99	1.30496209028e-06	0.000597229668565	0.721,0.556,0.944	1.0,1.0,1.0	-0.26
3551	"SHOX2"	"SHOX2"	chr3	-	158105057	158105129	158102677	158102886	158105678	158106160	3551	1,3,3	1,0,1	2,0,0	3,1,4	170	99	1.39524953247e-06	0.000627045251597	0.368,1.0,0.636	0.28,0.0,0.0	0.575
59998	"SNRNP70"	"SNRNP70"	chr19	+	49102113	49103587	49101389	49101471	49104633	49104735	59998	24,24,20	651,436,364	13,2,12	763,579,880	198	99	1.3898628084e-06	0.000627045251597	0.018,0.027,0.027	0.008,0.002,0.007	0.018
19871	"RABGAP1"	"RABGAP1"	chr9	+	122945331	122945432	122941089	122941093	122957010	122957209	19871	0,0,0	4,8,3	6,3,2	3,2,8	198	99	1.52495016048e-06	0.000679215524603	0.0,0.0,0.0	0.5,0.429,0.111	-0.347
17223	"SSFA2"	"SSFA2"	chr2	+	181918322	181918470	181915215	181916427	181918597	181918675	17223	2,1,1	32,22,23	11,9,13	31,27,40	198	99	1.58725198918e-06	0.000700708544073	0.03,0.022,0.021	0.151,0.143,0.14	-0.12
20910	"TCEA1"	"TCEA1"	chr8	-	54002891	54002940	53999944	54000050	54010429	54010492	20910	1,2,0	9,77,64	3,2,0	0,0,1	147	99	1.65996158497e-06	0.00072637880409	0.07,0.017,0.0	1.0,1.0,0.0	-0.638
13419	"PCBP4"	"PCBP4"	chr3	-	51961940	51962088	51961159	51961304	51962809	51962892	13419	23,18,10	4,3,3	9,3,7	0,0,0	198	99	1.69008504292e-06	0.000732955855873	0.742,0.75,0.625	1.0,1.0,1.0	-0.294
57502	"KIAA1586"	"KIAA1586"	chr6	+	57050773	57050854	57047312	57047396	57052685	57053046	57502	22,21,13	0,0,0	40,24,19	3,2,8	179	99	1.70437765423e-06	0.000732955855873	1.0,1.0,1.0	0.881,0.869,0.568	0.227
1815	"BCL9L"	"BCL9L"	chr11	-	118909913	118910015	118908416	118908655	118918825	118918879	1815	263,222,132	18,13,19	109,86,84	23,19,28	198	99	1.8818966111e-06	0.000802379593545	0.88,0.895,0.776	0.703,0.694,0.6	0.185
47405	"DMTF1"	"DMTF1"	chr7	+	87154389	87154528	87152435	87152555	87163494	87163617	47405	3,10,2	23,28,17	26,15,15	20,20,14	198	99	1.90391086796e-06	0.000804886386849	0.061,0.152,0.056	0.394,0.273,0.349	-0.249
61471	"HAUS4"	"HAUS4"	chr14	-	22952327	22952459	22947600	22947731	22955099	22955176	61471	12,4,4	4,1,2	7,3,10	0,0,0	198	99	2.02719668274e-06	0.000849804256458	0.6,0.667,0.5	1.0,1.0,1.0	-0.411
48423	"TRIM16L"	"TRIM16L"	chr17	+	18723769	18723831	18722117	18722332	18727524	18727758	48423	6,14,6	58,29,30	1,0,0	22,22,16	160	99	2.05973351819e-06	0.000856248387958	0.06,0.23,0.11	0.027,0.0,0.0	0.124
16162	"PHKA2"	"PHKA2"	chrX	-	18899172	18899226	18897162	18897333	18900669	18900699	16162	34,18,18	9,1,3	11,8,17	0,0,0	152	99	2.119643702e-06	0.000866708410445	0.711,0.921,0.796	1.0,1.0,1.0	-0.191
55720	"WDR89"	"WDR89"	chr14	-	63641298	63641407	63624927	63625033	63641803	63641853	55720	2,1,0	3,1,3	6,3,2	1,1,0	198	99	2.1038795841e-06	0.000866708410445	0.25,0.333,0.0	0.75,0.6,1.0	-0.589
39960	"SLC2A8"	"SLC2A8"	chr9	+	127402556	127402753	127399906	127400006	127403659	127403803	39960	34,21,26	0,0,1	26,30,21	4,3,6	198	99	2.14443877011e-06	0.000867317772886	1.0,1.0,0.929	0.765,0.833,0.636	0.232
54330	"OSBPL6"	"OSBPL6"	chr2	+	178344285	178344360	178339671	178339764	178349223	178349389	54330	8,6,4	33,24,12	1,0,1	38,25,23	173	99	2.15590666208e-06	0.000867317772886	0.122,0.125,0.16	0.015,0.0,0.024	0.123
18679	"KCTD20"	"KCTD20"	chr6	+	36479120	36479223	36474788	36475062	36479590	36479711	18679	112,54,53	2,0,0	66,58,61	3,5,9	198	99	2.17824721493e-06	0.000869294898534	0.966,1.0,1.0	0.917,0.853,0.772	0.141
17494	"NR2C1"	"NR2C1"	chr12	-	95040475	95040597	95031348	95031488	95049067	95049233	17494	15,13,12	4,6,0	13,12,18	0,0,0	198	99	2.25606458049e-06	0.000886171508644	0.652,0.52,1.0	1.0,1.0,1.0	-0.276
22149	"MBTD1"	"MBTD1"	chr17	-	51259142	51259206	51225007	51225209	51260119	51260163	22149	9,7,9	1,0,0	5,5,1	1,6,2	162	99	2.25230039419e-06	0.000886171508644	0.846,1.0,1.0	0.753,0.337,0.234	0.507
58171	"NUPL2"	"NUPL2"	chr7	+	23197172	23197247	23196679	23196766	23199457	23199542	58171	25,7,6	60,32,30	3,4,6	58,78,58	173	99	2.34081964623e-06	0.000912279594158	0.193,0.111,0.103	0.029,0.029,0.056	0.098
47404	"DMTF1"	"DMTF1"	chr7	+	87154389	87154528	87152435	87152555	87163238	87163332	47404	3,0,0	1,1,2	13,5,11	1,0,1	198	99	2.51286700315e-06	0.000971739305831	0.6,0.0,0.0	0.867,1.0,0.846	-0.704
37313	"TBL1XR1"	"TBL1XR1"	chr3	-	177160870	177160988	177064919	177065022	177197120	177197225	37313	4,3,2	6,0,0	1,0,0	6,3,2	198	99	2.57688927807e-06	0.000988831704896	0.25,1.0,1.0	0.077,0.0,0.0	0.724
26708	"TMEM39B"	"TMEM39B"	chr1	+	32077163	32077318	32075602	32075822	32091674	32091744	26708	47,30,25	1,0,0	50,32,42	11,5,1	198	99	2.62268880247e-06	0.000998723900086	0.959,1.0,1.0	0.694,0.762,0.955	0.183
45589	"MMS22L"	"MMS22L"	chr6	-	97233860	97233980	97230268	97231652	97246627	97246690	45589	36,29,19	0,0,1	34,35,21	3,5,6	198	99	2.71222503889e-06	0.00102499504595	1.0,1.0,0.905	0.85,0.778,0.636	0.214
33681	"HEG1"	"HEG1"	chr3	-	125014712	125015012	125013471	125013990	125019261	125019496	33681	5,5,1	8,2,0	5,1,7	0,0,0	198	99	2.74324402749e-06	0.00102892276926	0.238,0.556,1.0	1.0,1.0,1.0	-0.402
14598	"PACRGL"	"PACRGL"	chr4	+	20701757	20701884	20700458	20700747	20704465	20704524	14598	9,4,3	0,0,0	2,3,2	7,0,2	198	99	2.77551381289e-06	0.00103325751161	1.0,1.0,1.0	0.125,1.0,0.333	0.514
58895	"AMN1"	"AMN1"	chr12	-	31709292	31709425	31701862	31702007	31728970	31729021	58895	33,27,21	1,0,1	27,17,10	7,2,5	198	99	2.82557362719e-06	0.00104410178068	0.943,1.0,0.913	0.659,0.81,0.5	0.296
323	"WDR31"	"WDR31"	chr9	-	113330983	113331116	113328880	113328955	113331906	113332050	323	4,1,1	2,0,6	1,1,1	0,0,0	198	99	3.10031530748e-06	0.00108153307072	0.5,1.0,0.077	1.0,1.0,1.0	-0.474
4997	"RHBDD1"	"RHBDD1"	chr2	+	226838072	226838154	226837547	226837770	226839408	226839627	4997	5,3,4	5,0,3	2,2,4	0,0,0	180	99	3.09260325604e-06	0.00108153307072	0.355,1.0,0.423	1.0,1.0,1.0	-0.407
8933	"DLGAP5"	"DLGAP5"	chr14	-	55148593	55148684	55148111	55148473	55150798	55150848	8933	34,26,13	124,54,58	14,14,23	152,134,171	189	99	3.04887847058e-06	0.00108153307072	0.126,0.201,0.105	0.046,0.052,0.066	0.089
30026	"PVT1"	"PVT1"	chr8	+	128082752	128082848	128070159	128070361	128096517	128096656	30026	4,1,4	0,0,6	0,0,0	4,1,7	194	99	2.95942763229e-06	0.00108153307072	1.0,1.0,0.254	0.0,0.0,0.0	0.751
40685	"THAP9-AS1"	"THAP9-AS1"	chr4	-	82897988	82898062	82895690	82895774	82900076	82900223	40685	108,109,63	15,16,17	151,85,117	1,4,10	172	99	3.07097732632e-06	0.00108153307072	0.806,0.797,0.681	0.989,0.924,0.871	-0.167
40838	"HNRNPH1"	"HNRNPH1"	chr5	-	179617059	179617110	179616868	179616958	179617513	179617581	40838	575,482,15	2,1,3	15,10,0	4,2,3	149	99	3.05860862315e-06	0.00108153307072	0.995,0.997,0.769	0.714,0.769,0.0	0.426
51789	"CARKD"	"CARKD"	chr13	+	110624233	110624279	110615590	110615647	110634544	110634595	51789	0,0,1	4,4,5	3,6,5	7,2,4	144	99	3.01671452374e-06	0.00108153307072	0.0,0.0,0.121	0.228,0.673,0.462	-0.414
66126	"NBAS"	"NBAS"	chr2	-	15488893	15489022	15478225	15478289	15504144	15504213	66126	22,26,23	0,1,0	38,28,25	6,5,3	198	99	2.98732479009e-06	0.00108153307072	1.0,0.929,1.0	0.76,0.737,0.806	0.209
18550	"WDR90"	"WDR90"	chr16	+	651826	652039	651643	651747	652466	652535	18550	10,2,4	1,0,0	5,7,2	2,5,2	198	99	3.19208280686e-06	0.00110581285292	0.833,1.0,1.0	0.556,0.412,0.333	0.511
8223	"GABPB1"	"GABPB1"	chr15	-	50346371	50346395	50309690	50309798	50354984	50355202	8223	13,18,4	34,22,10	3,5,1	33,38,27	122	99	3.22135011765e-06	0.00110825552151	0.237,0.399,0.245	0.069,0.096,0.029	0.229
49922	"RSU1"	"RSU1"	chr10	-	16816972	16817084	16782033	16782084	16817314	16817528	49922	428,348,251	52,47,46	327,271,321	104,59,92	198	99	3.2706429588e-06	0.0011175070137	0.805,0.787,0.732	0.611,0.697,0.636	0.127
33673	"ZNF134"	"ZNF134"	chr19	+	57619411	57619508	57614250	57614503	57620159	57620318	33673	12,3,5	0,0,0	14,7,14	0,5,5	195	99	3.40262907084e-06	0.00114689291351	1.0,1.0,1.0	1.0,0.415,0.587	0.333
66451	"CANT1"	"CANT1"	chr17	-	79005371	79005481	79000099	79000270	79009663	79009765	66451	2,6,10	12,1,7	0,1,0	11,6,10	198	99	3.39530332794e-06	0.00114689291351	0.077,0.75,0.417	0.0,0.077,0.0	0.389
32177	"NPRL3"	"NPRL3"	chr16	-	130521	130591	119125	119255	138149	138334	32177	53,33,22	2,1,0	39,29,42	6,8,8	168	99	3.5609756861e-06	0.00118426181401	0.94,0.951,1.0	0.793,0.681,0.756	0.22
67560	"GALNT11"	"GALNT11"	chr7	+	152100824	152100921	152094189	152094522	152103111	152103174	67560	39,44,24	4,6,1	43,40,32	0,0,0	195	99	3.55550780373e-06	0.00118426181401	0.832,0.788,0.924	1.0,1.0,1.0	-0.152
19244	"RNF144B"	"RNF144B"	chr6	+	18457154	18457359	18439683	18439744	18459606	18459751	19244	103,114,83	11,5,5	44,58,65	1,0,0	198	99	3.78927076516e-06	0.00125183955046	0.824,0.919,0.892	0.957,1.0,1.0	-0.107
4201	"TACC1"	"TACC1"	chr8	+	38823989	38824025	38819920	38820635	38825307	38825368	4201	5,10,2	28,15,14	0,0,0	8,8,9	134	99	3.81618662426e-06	0.00125243730099	0.117,0.33,0.095	0.0,0.0,0.0	0.181
19633	"ABHD5"	"ABHD5"	chr3	+	43717765	43717857	43714946	43715058	43718442	43718606	19633	35,26,21	4,3,5	36,23,37	0,1,0	190	99	3.87267977098e-06	0.00125447162581	0.82,0.819,0.686	1.0,0.923,1.0	-0.199
58713	"PPCDC"	"PPCDC"	chr15	+	75043440	75043536	75023589	75023626	75048552	75048721	58713	9,12,6	0,0,0	9,12,5	0,6,3	194	99	3.85786082102e-06	0.00125447162581	1.0,1.0,1.0	1.0,0.505,0.46	0.345
44431	"NR4A1"	"NR4A1"	chr12	+	52052473	52052645	52051458	52051568	52054326	52054882	44431	123,70,37	251,155,81	0,0,0	1,4,2	198	99	3.97042431588e-06	0.00127783623869	0.197,0.184,0.186	0.0,0.0,0.0	0.189
72946	"SLC23A2"	"SLC23A2"	chr20	-	4970792	4970915	4932454	4932716	5001405	5001499	72946	54,46,29	2,4,6	41,34,46	0,0,0	198	99	4.09053120387e-06	0.00130805223785	0.931,0.852,0.707	1.0,1.0,1.0	-0.17
38887	"TNFSF10"	"TNFSF10"	chr3	-	172511616	172511659	172509145	172509321	172514860	172514998	38887	101,80,39	7,0,3	60,42,55	17,8,9	141	99	4.18421477044e-06	0.00132948760397	0.91,1.0,0.901	0.712,0.787,0.811	0.167
47995	"SMUG1"	"SMUG1"	chr12	-	54188514	54188596	54187818	54187905	54188950	54188972	47995	4,4,2	0,2,0	1,0,2	3,4,1	180	99	4.31016938995e-06	0.00136084050644	1.0,0.524,1.0	0.155,0.0,0.524	0.615
54766	"WNK1"	"WNK1"	chr12	+	879572	880031	878211	878361	880720	880814	54766	34,31,18	40,43,31	52,47,65	33,15,29	198	99	4.36556857575e-06	0.00136966282013	0.298,0.265,0.225	0.441,0.61,0.528	-0.264
73013	"RCC1"	"RCC1"	chr1	+	28530522	28530615	28529857	28529939	28531802	28531990	73013	40,18,17	210,128,135	14,8,21	263,181,275	191	99	4.44582807757e-06	0.00138612583531	0.09,0.068,0.061	0.027,0.022,0.038	0.044
73674	"TMPO"	"TMPO"	chr12	+	98544950	98545061	98537474	98537572	98546358	98546447	73674	164,112,89	2,0,5	197,135,166	25,13,7	198	99	4.54819668017e-06	0.00140923472913	0.976,1.0,0.899	0.798,0.839,0.922	0.105
68927	"POP4"	"POP4"	chr19	+	29610408	29610632	29608656	29608709	29611861	29611939	68927	616,453,425	22,11,8	575,409,537	46,34,21	198	99	4.69029260153e-06	0.00144429164461	0.933,0.954,0.964	0.862,0.857,0.927	0.068
35076	"SDHAF2"	"SDHAF2"	chr11	+	61438003	61438113	61430041	61430182	61445940	61446342	35076	143,94,76	19,22,20	171,116,101	13,1,8	198	99	4.78241244362e-06	0.00146362358742	0.79,0.681,0.655	0.868,0.983,0.863	-0.196
18549	"WDR90"	"WDR90"	chr16	+	651823	652039	651643	651747	652466	652535	18549	9,2,4	1,0,0	3,9,4	2,5,2	198	99	4.94059262013e-06	0.00149370583549	0.818,1.0,1.0	0.429,0.474,0.5	0.472
56491	"RP11-345J4.5"	"RP11-345J4.5"	chr16	-	29450111	29450276	29446801	29447026	29452108	29454113	56491	6,0,3	1,5,1	4,8,13	1,0,0	198	99	4.92426036025e-06	0.00149370583549	0.75,0.0,0.6	0.667,1.0,1.0	-0.439
10264	"RP11-421L21.3"	"RP11-421L21.3"	chr1	+	101083460	101083574	101025918	101026061	101086851	101087171	10264	2,4,4	1,0,0	4,2,0	1,3,3	198	99	4.97147711354e-06	0.00149398876993	0.5,1.0,1.0	0.667,0.25,0.0	0.528
63599	"MIR4435-2HG"	"MIR4435-2HG"	chr2	-	111469786	111469987	111429321	111429620	111477335	111477481	63599	10,17,9	0,0,0	19,21,6	1,3,5	198	99	5.0250275283e-06	0.00150103891167	1.0,1.0,1.0	0.905,0.778,0.375	0.314
48756	"ZNF354A"	"ZNF354A"	chr5	-	178726074	178726227	178725375	178725471	178726998	178727125	48756	0,2,0	30,37,21	9,5,7	37,29,33	198	99	5.06840670556e-06	0.00150498493159	0.0,0.026,0.0	0.108,0.079,0.096	-0.086
22882	"SP100"	"SP100"	chr2	+	230450171	230450255	230449374	230449710	230461261	230461328	22882	62,48,41	1,0,0	83,62,72	2,6,10	182	99	5.16733422318e-06	0.00150744133172	0.971,1.0,1.0	0.958,0.849,0.797	0.122
26764	"RUNX2"	"RUNX2"	chr6	+	45491940	45492114	45437946	45438051	45512245	45512407	26764	17,8,5	5,0,4	15,8,10	0,0,0	198	99	5.14472726898e-06	0.00150744133172	0.63,1.0,0.385	1.0,1.0,1.0	-0.328
56242	"TJAP1"	"TJAP1"	chr6	+	43478136	43478232	43477568	43477628	43497880	43497977	56242	46,45,34	6,4,4	39,31,36	0,1,0	194	99	5.15061480633e-06	0.00150744133172	0.796,0.852,0.813	1.0,0.941,1.0	-0.16
17735	"SNX14"	"SNX14"	chr6	-	85538837	85538864	85536791	85536924	85541984	85542043	17735	89,57,56	178,120,92	31,42,34	167,118,149	125	99	5.37259398214e-06	0.00155820843488	0.284,0.273,0.325	0.128,0.22,0.153	0.127
15157	"LZTFL1"	"LZTFL1"	chr3	-	45837926	45838051	45834237	45835784	45841988	45842136	15157	26,15,12	2,6,1	21,10,17	0,0,0	198	99	5.42166652495e-06	0.00156335164507	0.867,0.556,0.857	1.0,1.0,1.0	-0.24
33652	"EIF4A2"	"EIF4A2"	chr3	+	186788309	186788416	186787802	186787882	186789124	186789881	33652	345,219,188	621,493,438	518,404,519	639,567,715	198	99	5.67387934103e-06	0.00162667512027	0.217,0.182,0.177	0.288,0.263,0.266	-0.08
50104	"FOSL1"	"FOSL1"	chr11	-	65894013	65894116	65892644	65893296	65896808	65897006	50104	189,160,82	19,10,5	54,43,56	14,11,15	198	99	5.90515556242e-06	0.00168330677275	0.833,0.889,0.891	0.659,0.662,0.651	0.214
47214	"TPRA1"	"TPRA1"	chr3	-	127590409	127590592	127580021	127580163	127590882	127591088	47214	3,3,0	9,10,5	6,5,11	1,2,5	198	99	6.08784688183e-06	0.00172552410057	0.143,0.13,0.0	0.75,0.556,0.524	-0.519
12868	"IL18"	"IL18"	chr11	-	112153591	112153603	112150071	112150206	112154974	112155061	12868	84,95,70	15,17,9	111,83,57	1,5,4	110	99	6.23694569768e-06	0.00175023128681	0.834,0.834,0.875	0.99,0.937,0.928	-0.104
64955	"IFNAR2"	"IFNAR2"	chr21	+	33243672	33243714	33241839	33241977	33244950	33245074	64955	113,70,72	3,0,0	94,101,79	4,8,10	140	99	6.24518731185e-06	0.00175023128681	0.964,1.0,1.0	0.943,0.899,0.848	0.091
17112	"CCDC43"	"CCDC43"	chr17	-	44680584	44680643	44677457	44679043	44682002	44682138	17112	67,54,32	3,0,1	90,49,60	6,11,14	157	99	6.32287714153e-06	0.00176210461567	0.934,1.0,0.953	0.904,0.737,0.73	0.172
24413	"PCED1A"	"PCED1A"	chr20	-	2836038	2836110	2835313	2835709	2838231	2838478	24413	38,28,15	7,0,5	28,15,15	0,0,0	170	99	6.4164104927e-06	0.00176841236148	0.76,1.0,0.636	1.0,1.0,1.0	-0.201
54293	"GIGYF2"	"GIGYF2"	chr2	+	232722553	232722658	232703423	232703489	232731121	232731258	54293	3,0,1	0,2,3	8,3,2	0,0,0	198	99	6.38752612536e-06	0.00176841236148	1.0,0.0,0.143	1.0,1.0,1.0	-0.619
30812	"LCMT1"	"LCMT1"	chr16	+	25125963	25126126	25111730	25111996	25128474	25128566	30812	9,4,5	40,17,7	15,19,16	13,7,2	198	99	6.61779092948e-06	0.00181389285998	0.101,0.105,0.263	0.366,0.576,0.8	-0.424
44552	"IFI44"	"IFI44"	chr1	+	78650540	78650652	78649831	78649905	78654242	78654279	44552	4,9,3	2,4,4	5,7,1	0,1,0	198	99	6.7891629898e-06	0.00185069615162	0.5,0.529,0.273	1.0,0.778,1.0	-0.492
54995	"ARMC1"	"ARMC1"	chr8	-	65605421	65605538	65605262	65605337	65613243	65613433	54995	49,49,40	6,2,3	54,63,49	0,0,0	198	99	7.26502535853e-06	0.00196965103266	0.803,0.925,0.87	1.0,1.0,1.0	-0.134
17583	"TTN-AS1"	"TTN-AS1"	chr2	+	178531313	178531578	178523166	178523636	178535731	178535828	17583	3,0,1	6,2,0	1,2,2	1,0,0	198	99	7.50359554624e-06	0.00201245625712	0.2,0.0,1.0	0.333,1.0,1.0	-0.378
34156	"ACKR2"	"ACKR2"	chr3	+	42839093	42839279	42809475	42809532	42851295	42851454	34156	4,7,3	2,4,3	8,2,4	0,0,1	198	99	7.48321429234e-06	0.00201245625712	0.5,0.467,0.333	1.0,1.0,0.667	-0.456
49109	"MACC1"	"MACC1"	chr7	-	20170713	20170778	20161747	20161870	20198524	20198670	49109	10,15,12	3,3,3	1,5,1	0,0,0	163	99	7.57350877634e-06	0.00202034484122	0.669,0.752,0.708	1.0,1.0,1.0	-0.29
9693	"ARFGAP2"	"ARFGAP2"	chr11	-	47175181	47175313	47172280	47172333	47175850	47175923	9693	165,140,126	0,2,0	138,115,132	8,5,5	198	99	7.71959289636e-06	0.00204836112572	1.0,0.972,1.0	0.896,0.92,0.93	0.075
59033	"YY1AP1"	"YY1AP1"	chr1	-	155679927	155680008	155679408	155679512	155688070	155688201	59033	4,3,1	1,0,0	4,0,4	3,2,3	179	99	7.83718319364e-06	0.00206856023077	0.689,1.0,1.0	0.424,0.0,0.424	0.614
2145	"RHOA"	"RHOA"	chr3	-	49368427	49368548	49359144	49360382	49375433	49375591	2145	1629,1277,1024	22,35,3	1553,1095,1415	4,11,5	198	99	7.93162838642e-06	0.00208246990556	0.974,0.948,0.994	0.995,0.98,0.993	-0.017
6872	"CTC-459F4.3"	"CTC-459F4.3"	chr19	+	27797753	27798176	27794048	27794122	27805604	27805772	6872	28,11,14	2,5,2	30,30,48	0,1,0	198	99	7.9872669505e-06	0.00208609849123	0.875,0.524,0.778	1.0,0.938,1.0	-0.254
52042	"PLOD2"	"PLOD2"	chr3	-	146077861	146077924	146076781	146076895	146079115	146079257	52042	169,84,104	77,60,60	69,72,89	91,80,94	161	99	8.06836773692e-06	0.0020963048154	0.574,0.463,0.516	0.318,0.356,0.368	0.17
2097	"C6orf203"	"C6orf203"	chr6	+	107030024	107030107	107028568	107028797	107039748	107040230	2097	7,1,7	0,0,0	10,11,4	3,2,2	181	99	8.29007771297e-06	0.00213882834709	1.0,1.0,1.0	0.646,0.751,0.522	0.36
22597	"OGFOD2"	"OGFOD2"	chr12	+	122976252	122976401	122975810	122975867	122976600	122976767	22597	1,1,2	0,1,0	0,1,0	2,3,6	198	99	8.31778489196e-06	0.00213882834709	1.0,0.333,1.0	0.0,0.143,0.0	0.73
8387	"SLC37A3"	"SLC37A3"	chr7	-	140345215	140345263	140337283	140337349	140345868	140345907	8387	9,4,5	1,2,4	10,9,3	0,0,0	146	99	8.3943719178e-06	0.00214745252882	0.859,0.576,0.459	1.0,1.0,1.0	-0.369
30995	"ANKRD11"	"ANKRD11"	chr16	-	89313316	89313589	89305205	89305344	89316932	89317078	30995	45,43,34	137,114,69	16,15,17	106,86,106	198	99	8.48094555916e-06	0.0021585304552	0.141,0.159,0.198	0.07,0.08,0.074	0.091
19631	"ABHD5"	"ABHD5"	chr3	+	43717670	43717857	43714946	43715058	43718442	43719049	19631	56,51,36	4,3,5	69,53,67	0,1,0	198	99	8.55601689986e-06	0.00216658326421	0.875,0.895,0.783	1.0,0.964,1.0	-0.137
7347	"PTGES"	"PTGES"	chr9	-	129749520	129749642	129748654	129748737	129752886	129753019	7347	34,12,25	436,281,267	1,1,5	157,90,147	198	99	8.59995970526e-06	0.00216671207019	0.038,0.021,0.045	0.003,0.006,0.017	0.026
66444	"CANT1"	"CANT1"	chr17	-	79000099	79000270	78997392	78997963	79005371	79005481	66444	13,18,10	12,4,9	13,15,17	0,1,2	198	99	8.74636279569e-06	0.00219252416112	0.351,0.692,0.357	1.0,0.882,0.81	-0.431
5550	"RAD51D"	"RAD51D"	chr17	-	35106127	35106249	35103453	35103544	35106385	35106481	5550	1,0,1	27,17,18	1,11,8	31,23,13	198	99	8.83527233042e-06	0.00219998189378	0.018,0.0,0.027	0.016,0.193,0.235	-0.133
38150	"ATG4A"	"ATG4A"	chrX	+	108126792	108127094	108126076	108126187	108128780	108128852	38150	10,1,3	25,26,19	8,10,7	6,8,6	198	99	8.8643151378e-06	0.00219998189378	0.167,0.019,0.073	0.4,0.385,0.368	-0.298
59950	"HEMK1"	"HEMK1"	chr3	+	50577825	50577875	50577508	50577573	50579843	50579939	59950	14,6,8	1,0,0	8,2,2	7,0,5	148	99	9.11918630409e-06	0.00225203271673	0.904,1.0,1.0	0.433,1.0,0.211	0.42
28310	"EPB41L2"	"EPB41L2"	chr6	-	130878103	130878250	130869562	130870126	130885095	130885268	28310	343,225,229	276,179,146	220,219,230	294,216,314	198	99	9.29336390298e-06	0.00228374117389	0.383,0.386,0.44	0.272,0.336,0.268	0.111
29650	"FUBP1"	"FUBP1"	chr1	-	77969021	77969084	77968164	77968203	77969924	77970015	29650	21,16,13	268,194,176	7,9,15	461,333,377	161	99	9.38114416493e-06	0.00229401165033	0.046,0.048,0.043	0.009,0.016,0.024	0.029
57341	"CSNK1G1"	"CSNK1G1"	chr15	-	64188374	64188485	64180347	64180454	64203081	64203189	57341	0,0,0	3,1,3	2,5,1	1,5,2	198	99	9.44037838291e-06	0.00229723549089	0.0,0.0,0.0	0.5,0.333,0.2	-0.344
35744	"LMO7"	"LMO7"	chr13	+	75713181	75713252	75636322	75636726	75727028	75727098	35744	11,6,7	2,3,2	6,6,8	0,0,0	169	99	9.57385336131e-06	0.00231840618898	0.763,0.54,0.672	1.0,1.0,1.0	-0.342
29171	"SPAG1"	"SPAG1"	chr8	+	100233410	100233537	100225172	100225339	100240402	100240771	29171	21,8,7	0,0,0	15,10,9	0,5,3	198	99	9.88333751817e-06	0.00237979302627	1.0,1.0,1.0	1.0,0.5,0.6	0.3
42489	"MARK3"	"MARK3"	chr14	+	103498501	103498528	103491538	103492034	103500155	103500200	42489	1,1,5	3,1,2	0,0,0	7,4,4	125	99	9.92276134038e-06	0.00237979302627	0.209,0.442,0.664	0.0,0.0,0.0	0.438
46630	"DCBLD1"	"DCBLD1"	chr6	+	117484949	117485040	117482639	117482893	117503766	117503899	46630	8,1,12	11,5,6	1,0,1	10,4,9	189	99	1.00459884591e-05	0.00238640063944	0.276,0.095,0.512	0.05,0.0,0.055	0.259
49285	"CTNND1"	"CTNND1"	chr11	+	57814310	57814373	57811398	57811486	57815393	57815500	49285	754,564,477	4,3,6	580,425,556	13,14,14	161	99	1.00010342189e-05	0.00238640063944	0.991,0.991,0.98	0.965,0.949,0.961	0.029
62487	"TNC"	"TNC"	chr9	-	115062916	115063189	115059729	115060002	115063795	115064068	62487	25,13,7	0,0,0	66,58,52	12,1,5	198	99	1.01598475853e-05	0.00240200946347	1.0,1.0,1.0	0.733,0.967,0.839	0.154
51238	"GOLGA2"	"GOLGA2"	chr9	-	128272784	128272865	128268419	128268524	128273849	128273972	51238	48,52,29	48,41,43	12,14,19	50,31,50	179	99	1.05740252893e-05	0.00248813797904	0.356,0.412,0.272	0.117,0.2,0.174	0.183
51166	"ZFAND1"	"ZFAND1"	chr8	-	81717248	81717288	81714986	81715114	81718181	81718224	51166	23,23,15	40,17,22	8,11,8	38,34,62	138	99	1.06622723175e-05	0.00249712419981	0.292,0.493,0.328	0.131,0.188,0.085	0.236
3973	"EEF1D"	"EEF1D"	chr8	-	143593892	143594071	143586728	143586852	143597347	143597394	3973	5,1,2	4,1,3	0,0,0	1,3,5	198	99	1.08207401469e-05	0.00251788811143	0.385,0.333,0.25	0.0,0.0,0.0	0.323
30060	"THADA"	"THADA"	chr2	-	43592843	43592890	43592316	43592416	43595646	43595974	30060	1,3,3	1,0,0	3,2,2	2,2,7	145	99	1.0851878199e-05	0.00251788811143	0.406,1.0,1.0	0.506,0.406,0.163	0.444
1991	"SUMO1"	"SUMO1"	chr2	-	202231542	202231732	202220031	202220106	202233577	202233670	1991	4,2,2	0,1,0	2,1,0	0,3,2	198	99	1.09831618221e-05	0.00253655105322	1.0,0.5,1.0	1.0,0.143,0.0	0.452
30719	"RPP14"	"RPP14"	chr3	+	58310308	58310406	58306261	58306651	58310506	58310591	30719	31,10,23	10,4,2	29,21,14	1,1,0	196	99	1.10521841935e-05	0.0025407290714	0.61,0.558,0.853	0.936,0.914,1.0	-0.276
46773	"RUNX3"	"RUNX3"	chr1	-	24907258	24907417	24899510	24902666	24919239	24919344	46773	477,361,195	0,7,0	175,113,132	10,3,5	198	99	1.11074279529e-05	0.00254171579555	1.0,0.963,1.0	0.897,0.95,0.93	0.062
13610	"RPRD1B"	"RPRD1B"	chr20	+	38040434	38040564	38033545	38034098	38057531	38057644	13610	5,11,9	3,2,3	11,7,16	0,0,1	198	99	1.1314965046e-05	0.00257511251962	0.455,0.733,0.6	1.0,1.0,0.889	-0.367
28201	"SLC6A11"	"SLC6A11"	chr3	+	10912089	10912193	10874960	10875095	10918328	10918453	28201	39,21,32	0,0,0	51,41,53	6,4,2	198	99	1.13566153015e-05	0.00257511251962	1.0,1.0,1.0	0.81,0.837,0.93	0.141
72044	"GATS"	"GATS"	chr7	-	100211393	100211994	100200652	100202603	100213046	100213133	72044	1,4,5	0,5,2	4,1,3	0,0,0	198	99	1.14477398735e-05	0.00258402942801	1.0,0.286,0.556	1.0,1.0,1.0	-0.386
8175	"TP53TG1"	"TP53TG1"	chr7	-	87345042	87345233	87341401	87341684	87345304	87345515	8175	14,7,7	5,1,1	2,8,7	0,0,0	198	99	1.1617054452e-05	0.00260746083781	0.583,0.778,0.778	1.0,1.0,1.0	-0.287
24199	"WDR77"	"WDR77"	chr1	-	111441498	111441604	111441297	111441389	111442024	111442093	24199	31,17,18	175,129,144	17,17,22	364,263,334	198	99	1.16560843306e-05	0.00260746083781	0.081,0.062,0.059	0.023,0.031,0.032	0.039
72947	"SLC23A2"	"SLC23A2"	chr20	-	4970792	4970919	4932454	4932716	5001405	5001499	72947	65,59,36	2,4,6	45,32,49	0,0,0	198	99	1.19756611549e-05	0.00266699043175	0.942,0.881,0.75	1.0,1.0,1.0	-0.142
26580	"IFT27"	"IFT27"	chr22	-	36762903	36763013	36758201	36758409	36763918	36764036	26580	100,77,62	9,1,2	48,45,65	8,13,13	198	99	1.20564468035e-05	0.00267304821686	0.847,0.975,0.939	0.75,0.634,0.714	0.221
43743	"RALGAPA1"	"RALGAPA1"	chr14	-	35688458	35688540	35686541	35686666	35689835	35690003	43743	5,8,8	1,0,0	3,5,8	3,4,1	180	99	1.23670295874e-05	0.00272977553525	0.733,1.0,1.0	0.355,0.407,0.815	0.385
2158	"NIPA2"	"NIPA2"	chr15	+	22839061	22839174	22838659	22838921	22845145	22845267	2158	3,0,0	5,10,6	6,4,9	4,4,0	198	99	1.25558727705e-05	0.00275924983769	0.231,0.0,0.0	0.429,0.333,1.0	-0.51
10566	"PTPN18"	"PTPN18"	chr2	+	130359232	130359309	130358863	130358975	130369132	130369201	10566	4,2,6	0,1,0	4,0,5	1,4,3	175	99	1.26588370162e-05	0.00276967580944	1.0,0.531,1.0	0.694,0.0,0.485	0.451
15016	"NASP"	"NASP"	chr1	+	45616700	45616703	45616336	45616393	45617462	45617591	15016	3,7,8	0,0,0	2,0,3	1,3,2	101	99	1.30587647703e-05	0.0028447007885	1.0,1.0,1.0	0.662,0.0,0.595	0.581
43595	"PPM1E"	"PPM1E"	chr17	+	58965693	58965893	58955648	58955767	58969538	58969727	43595	5,11,5	0,0,0	5,2,7	1,1,4	198	99	1.31546697133e-05	0.00285313347238	1.0,1.0,1.0	0.714,0.5,0.467	0.44
37155	"PNPT1"	"PNPT1"	chr2	-	55687644	55687705	55686369	55686444	55693662	55693823	37155	55,36,28	1,0,0	69,45,76	3,8,6	159	99	1.33428663517e-05	0.00288142375738	0.972,1.0,1.0	0.935,0.778,0.887	0.124
13607	"PUS7L"	"PUS7L"	chr12	-	43755216	43755261	43748449	43748609	43758729	43758759	13607	0,0,1	2,1,0	1,1,1	0,0,0	143	99	1.36186701508e-05	0.00291100534783	0.0,0.0,1.0	1.0,1.0,1.0	-0.667
57056	"GAS2L3"	"GAS2L3"	chr12	+	100591735	100591856	100573710	100573785	100594874	100594922	57056	7,1,3	1,0,0	11,8,1	3,3,1	198	99	1.36549113239e-05	0.00291100534783	0.778,1.0,1.0	0.647,0.571,0.333	0.409
62241	"TINF2"	"TINF2"	chr14	-	24241889	24241921	24241729	24241776	24242140	24242635	62241	4,9,6	3,2,2	7,5,2	0,0,0	130	99	1.35513290824e-05	0.00291100534783	0.504,0.774,0.696	1.0,1.0,1.0	-0.342
32641	"SLC25A43"	"SLC25A43"	chrX	+	119426181	119426354	119410189	119410362	119451849	119452143	32641	0,0,1	2,2,1	2,3,3	1,1,1	198	99	1.40393198088e-05	0.00297149413929	0.0,0.0,0.333	0.5,0.6,0.6	-0.456
48280	"RP1-178F15.5"	"RP1-178F15.5"	chr1	-	153628120	153628237	153626331	153626533	153632033	153632240	48280	4,2,0	0,0,1	1,0,1	1,3,0	198	99	1.40577852435e-05	0.00297149413929	1.0,1.0,0.0	0.333,0.0,1.0	0.222
61056	"IFRD2"	"IFRD2"	chr3	-	50289446	50289628	50288799	50288937	50289711	50289762	61056	152,96,108	0,0,0	215,126,162	10,7,1	198	99	1.41744885739e-05	0.00298352051692	1.0,1.0,1.0	0.915,0.9,0.988	0.066
10525	"USP53"	"USP53"	chr4	+	119291164	119291261	119273631	119273708	119292337	119294638	10525	189,101,105	2,0,2	83,67,63	8,1,7	195	99	1.43566026601e-05	0.00300915598193	0.98,1.0,0.964	0.84,0.971,0.82	0.104
6145	"CYB561D1"	"CYB561D1"	chr1	+	109494519	109494623	109494079	109494154	109495142	109495180	6145	1,3,6	0,0,1	1,0,5	1,1,3	198	99	1.51774910397e-05	0.00313147445327	1.0,1.0,0.75	0.333,0.0,0.455	0.654
11864	"MTR"	"MTR"	chr1	+	236803427	236803642	236795280	236795737	236806143	236806233	11864	33,27,19	0,0,0	36,35,31	6,3,1	198	99	1.53795978962e-05	0.00313147445327	1.0,1.0,1.0	0.75,0.854,0.939	0.152
20915	"TCEA1"	"TCEA1"	chr8	-	54010429	54010492	53999624	54000050	54022062	54022148	20915	8,76,63	16,10,3	8,0,0	10,11,9	161	99	1.53049453858e-05	0.00313147445327	0.235,0.824,0.928	0.33,0.0,0.0	0.552
21413	"CLK4"	"CLK4"	chr5	-	178617343	178617434	178616881	178616948	178618555	178618778	21413	22,9,10	14,10,21	32,44,36	12,7,6	189	99	1.53450534436e-05	0.00313147445327	0.451,0.32,0.2	0.583,0.767,0.759	-0.379
45752	"SEC16A"	"SEC16A"	chr9	-	136445051	136445111	136443822	136443900	136446854	136446949	45752	28,23,21	0,1,4	27,7,16	10,3,11	158	99	1.52647361451e-05	0.00313147445327	1.0,0.935,0.767	0.628,0.594,0.477	0.334
63182	"DCAF6"	"DCAF6"	chr1	+	168065589	168065746	168063620	168063759	168068357	168068463	63182	176,122,134	0,0,0	172,122,152	1,8,7	198	99	1.50868566652e-05	0.00313147445327	1.0,1.0,1.0	0.989,0.884,0.916	0.07
68857	"AFMID"	"AFMID"	chr17	+	78204655	78204741	78202702	78202751	78204827	78204852	68857	17,3,10	9,4,2	0,0,2	2,3,4	184	99	1.50363692965e-05	0.00313147445327	0.504,0.288,0.729	0.0,0.0,0.212	0.436
64094	"SETMAR"	"SETMAR"	chr3	+	4313646	4313761	4303336	4303526	4316211	4316536	64094	13,5,8	6,1,1	17,7,18	1,0,0	198	99	1.54711977848e-05	0.00313731992478	0.52,0.714,0.8	0.895,1.0,1.0	-0.287
16238	"ENTPD6"	"ENTPD6"	chr20	+	25196153	25196254	25195791	25195867	25206521	25206590	16238	8,7,2	26,27,27	0,0,2	34,30,25	198	99	1.56003417974e-05	0.00313799617163	0.133,0.115,0.036	0.0,0.0,0.038	0.082
53905	"TXNRD1"	"TXNRD1"	chr12	+	104309758	104310099	104290992	104291104	104311289	104311406	53905	1,0,2	6,3,0	2,12,1	0,2,0	198	99	1.55894290905e-05	0.00313799617163	0.077,0.0,1.0	1.0,0.75,1.0	-0.558
31039	"SNHG16"	"SNHG16"	chr17	+	76558373	76558600	76557768	76557857	76558944	76559043	31039	8,6,11	306,216,215	36,16,34	357,311,300	198	99	1.57131618866e-05	0.00314799630808	0.013,0.014,0.025	0.048,0.025,0.054	-0.025
47495	"CDC14B"	"CDC14B"	chr9	-	96509672	96509789	96500107	96503789	96515648	96515792	47495	2,0,4	4,1,1	2,3,2	1,0,0	198	99	1.57916869669e-05	0.00315107321738	0.2,0.0,0.667	0.5,1.0,1.0	-0.544
23582	"USP10"	"USP10"	chr16	+	84740308	84740369	84733137	84733503	84744632	84744780	23582	247,190,142	9,4,3	304,207,231	15,23,24	159	99	1.61685849461e-05	0.0032134257372	0.945,0.967,0.967	0.927,0.849,0.857	0.082
1289	"SLC28A1"	"SLC28A1"	chr15	+	84908717	84908795	84894939	84895123	84918523	84918604	1289	22,12,14	2,3,3	15,2,6	0,0,0	176	99	1.6276827001e-05	0.00322210124978	0.861,0.692,0.724	1.0,1.0,1.0	-0.241
11814	"NPTN"	"NPTN"	chr15	-	73591965	73592069	73573661	73573795	73633124	73633227	11814	0,1,0	2,4,1	5,3,4	3,3,4	198	99	1.63885454741e-05	0.00322418531586	0.0,0.111,0.0	0.455,0.333,0.333	-0.337
12447	"GCNT2"	"GCNT2"	chr6	+	10528630	10529836	10521350	10521417	10621350	10621443	12447	72,50,10	14,0,0	49,48,75	0,0,0	198	99	1.64166196297e-05	0.00322418531586	0.72,1.0,1.0	1.0,1.0,1.0	-0.093
21961	"C4orf36"	"C4orf36"	chr4	-	86890047	86890138	86888120	86888275	86891455	86891593	21961	2,0,0	5,1,5	2,2,2	0,0,3	189	99	1.71840414439e-05	0.00334606473422	0.173,0.0,0.0	1.0,1.0,0.259	-0.695
28555	"MTHFSD"	"MTHFSD"	chr16	-	86554644	86554751	86548463	86548577	86555168	86555178	28555	8,5,13	1,0,0	8,10,12	4,3,2	198	99	1.73054966709e-05	0.00334606473422	0.8,1.0,1.0	0.5,0.625,0.75	0.308
52683	"KIAA0141"	"KIAA0141"	chr5	+	141938855	141938904	141938520	141938760	141939553	141940120	52683	1,2,1	0,1,0	2,0,2	2,3,3	147	99	1.712119619e-05	0.00334606473422	1.0,0.574,1.0	0.402,0.0,0.31	0.621
64242	"RHOC"	"RHOC"	chr1	-	112704281	112704440	112703643	112703806	112704938	112704997	64242	2,3,1	4,2,0	1,1,2	0,0,0	198	99	1.72521615982e-05	0.00334606473422	0.2,0.429,1.0	1.0,1.0,1.0	-0.457
53163	"SREBF1"	"SREBF1"	chr17	-	17817547	17817591	17817255	17817457	17817695	17817916	53163	9,6,4	340,229,173	6,6,25	175,110,122	142	99	1.74812789852e-05	0.00336700232501	0.018,0.018,0.016	0.023,0.037,0.125	-0.044
15183	"ENOPH1"	"ENOPH1"	chr4	+	82451042	82451245	82447919	82448021	82454721	82454854	15183	341,214,200	45,23,27	370,268,320	87,74,68	198	99	1.75513895028e-05	0.00336750409749	0.791,0.823,0.787	0.68,0.644,0.702	0.125
59307	"SCAMP5"	"SCAMP5"	chr15	+	75007587	75007728	74995555	74995673	75011791	75011846	59307	4,0,6	6,6,6	0,0,0	6,9,6	198	99	1.7679143803e-05	0.0033790194966	0.25,0.0,0.333	0.0,0.0,0.0	0.194
51485	"PER1"	"PER1"	chr17	-	8145957	8146137	8144054	8144993	8146371	8146488	51485	44,26,29	8,1,2	14,6,9	0,0,0	198	99	1.78722331465e-05	0.0033972991895	0.733,0.929,0.879	1.0,1.0,1.0	-0.153
53048	"ARHGEF10L"	"ARHGEF10L"	chr1	+	17607801	17607977	17603507	17603591	17616093	17616202	53048	28,25,23	4,0,5	30,19,17	0,0,0	198	99	1.79790916313e-05	0.0033972991895	0.778,1.0,0.697	1.0,1.0,1.0	-0.175
56241	"TJAP1"	"TJAP1"	chr6	+	43478086	43478232	43477522	43477628	43497880	43497977	56241	72,66,47	6,4,4	51,49,52	0,1,0	198	99	1.79183929866e-05	0.0033972991895	0.857,0.892,0.855	1.0,0.961,1.0	-0.119
37017	"ATXN3"	"ATXN3"	chr14	-	92096673	92096838	92096092	92096137	92106528	92106562	37017	47,26,31	0,2,1	34,26,29	4,5,8	198	99	1.82451414392e-05	0.00343456181394	1.0,0.867,0.939	0.81,0.722,0.644	0.21
10096	"OVGP1"	"OVGP1"	chr1	-	111421275	111421461	111419609	111419726	111421564	111421673	10096	9,21,9	4,4,7	3,5,11	1,0,0	198	99	1.83147114874e-05	0.00343469692688	0.529,0.724,0.391	0.6,1.0,1.0	-0.319
12298	"ADGRL2"	"ADGRL2"	chr1	+	81986900	81987029	81985258	81985355	81987288	81987341	12298	7,11,8	11,17,6	15,7,11	1,3,0	198	99	1.84752615456e-05	0.00345182929664	0.241,0.244,0.4	0.882,0.538,1.0	-0.512
71206	"HMCES"	"HMCES"	chr3	+	129288853	129288997	129279709	129279915	129298353	129298535	71206	124,76,54	7,4,3	82,94,105	0,0,1	198	99	1.86305164219e-05	0.00346784817801	0.899,0.905,0.9	1.0,1.0,0.981	-0.092
31783	"LUC7L"	"LUC7L"	chr16	-	228332	228402	227241	227336	229278	229374	31783	20,9,13	17,18,9	12,6,6	38,29,48	168	99	1.90863649342e-05	0.00353949187637	0.409,0.228,0.46	0.157,0.109,0.069	0.254
72741	"SCRIB"	"SCRIB"	chr8	-	143807551	143807614	143806923	143807013	143808608	143809025	72741	17,15,1	192,0,0	1,0,1	214,1,3	161	99	1.92890791044e-05	0.00356383596712	0.052,1.0,1.0	0.003,0.0,0.17	0.626
44551	"IFI44"	"IFI44"	chr1	+	78650185	78650652	78649830	78649905	78654242	78654279	44551	9,10,2	2,4,4	4,8,1	0,1,0	198	99	1.94666864276e-05	0.00357748107297	0.692,0.556,0.2	1.0,0.8,1.0	-0.451
64096	"SETMAR"	"SETMAR"	chr3	+	4313666	4313761	4303331	4303526	4316211	4317265	64096	13,5,8	6,1,1	17,8,13	1,0,0	193	99	1.95063616688e-05	0.00357748107297	0.526,0.719,0.804	0.897,1.0,1.0	-0.283
16725	"FAM76A"	"FAM76A"	chr1	+	27749067	27749154	27744653	27744811	27755194	27755330	16725	10,8,12	1,4,4	10,7,12	1,0,0	185	99	2.04386251738e-05	0.00372109787151	0.843,0.517,0.616	0.843,1.0,1.0	-0.289
70394	"PSPH"	"PSPH"	chr7	-	56017233	56017379	56011066	56011869	56021072	56021231	70394	25,33,26	5,4,0	31,20,33	0,0,0	198	99	2.04328953191e-05	0.00372109787151	0.714,0.805,1.0	1.0,1.0,1.0	-0.16
4083	"RP1-178F15.4"	"RP1-178F15.4"	chr1	-	153633035	153633157	153632033	153632240	153633957	153634110	4083	6,7,0	31,16,9	0,0,0	19,18,25	198	99	2.05681588424e-05	0.00373106401401	0.088,0.179,0.0	0.0,0.0,0.0	0.089
54212	"ZBTB21"	"ZBTB21"	chr21	-	42002896	42002961	41986830	41994108	42010251	42010333	54212	35,31,30	35,24,27	3,6,12	22,18,24	163	99	2.07030529565e-05	0.00374192679976	0.378,0.44,0.403	0.076,0.168,0.233	0.248
57682	"FANCL"	"FANCL"	chr2	-	58226727	58226784	58221941	58222042	58229813	58229874	57682	31,31,26	1,0,0	42,41,27	2,6,5	155	99	2.09135543636e-05	0.00376632729035	0.952,1.0,1.0	0.931,0.814,0.775	0.144
66452	"CANT1"	"CANT1"	chr17	-	79008062	79008171	79005371	79005481	79009663	79009793	66452	7,0,1	2,1,7	3,1,2	0,1,0	198	99	2.10320019904e-05	0.00377403388234	0.636,0.0,0.067	1.0,0.333,1.0	-0.543
16658	"PCBP2"	"PCBP2"	chr12	+	53467804	53467843	53467220	53467293	53468776	53468832	16658	1028,618,585	156,112,125	841,709,868	234,205,242	137	99	2.12868631707e-05	0.00380607587552	0.826,0.799,0.772	0.722,0.714,0.722	0.08
19736	"TTBK2"	"TTBK2"	chr15	-	42872610	42872758	42840359	42840433	42878548	42878684	19736	10,9,5	3,4,0	13,7,11	0,0,0	198	99	2.14271446914e-05	0.00380936744459	0.625,0.529,1.0	1.0,1.0,1.0	-0.282
32475	"LCLAT1"	"LCLAT1"	chr2	+	30562145	30562292	30533115	30533314	30568059	30568176	32475	45,20,25	4,3,3	19,20,14	0,0,0	198	99	2.1457998435e-05	0.00380936744459	0.849,0.769,0.806	1.0,1.0,1.0	-0.192
28550	"MTHFSD"	"MTHFSD"	chr16	-	86552032	86552146	86548463	86548577	86555168	86555235	28550	24,1,5	1,0,0	17,10,10	4,3,2	198	99	2.16454926734e-05	0.00382902624827	0.923,1.0,1.0	0.68,0.625,0.714	0.301
64003	"SOX13"	"SOX13"	chr1	+	204114518	204114605	204114320	204114432	204116506	204116627	64003	50,42,26	0,1,0	94,55,56	5,4,7	185	99	2.17370494308e-05	0.00383163502069	1.0,0.957,1.0	0.91,0.88,0.811	0.119
36903	"ARHGAP10"	"ARHGAP10"	chr4	+	148063147	148063300	148046891	148047051	148064415	148064507	36903	19,11,6	0,0,1	47,16,22	7,4,5	198	99	2.18465072013e-05	0.00383736975964	1.0,1.0,0.75	0.77,0.667,0.688	0.208
44433	"NR4A1"	"NR4A1"	chr12	+	52052495	52052645	52051401	52051568	52054326	52054673	44433	163,99,54	251,155,81	0,1,0	1,4,2	198	99	2.19333668647e-05	0.00383910879314	0.245,0.242,0.25	0.0,0.111,0.0	0.209
46222	"ASCC1"	"ASCC1"	chr10	-	72215781	72216109	72213186	72213331	72216206	72216275	46222	130,92,67	127,90,72	60,38,45	94,79,101	198	99	2.26002425326e-05	0.00394200384174	0.339,0.338,0.318	0.242,0.194,0.182	0.126
73924	"TTYH3"	"TTYH3"	chr7	+	2659939	2660040	2658939	2659015	2661667	2661842	73924	17,12,8	218,156,93	3,0,3	156,88,116	198	99	2.27782783568e-05	0.00395921399244	0.038,0.037,0.041	0.01,0.0,0.013	0.031
69075	"PLCB4"	"PLCB4"	chr20	+	9405312	9405348	9401489	9401590	9407916	9408058	69075	1,0,1	5,3,1	1,2,5	1,0,2	134	99	2.30807775707e-05	0.00399786315665	0.129,0.0,0.425	0.425,1.0,0.649	-0.507
6482	"PABPC4"	"PABPC4"	chr1	-	39563835	39563922	39563613	39563741	39564470	39564542	6482	412,256,249	16,9,5	306,243,262	22,12,40	185	99	2.41927896263e-05	0.00413784976852	0.932,0.938,0.964	0.882,0.916,0.778	0.086
13595	"ZC3H18"	"ZC3H18"	chr16	+	88611267	88611536	88608516	88609051	88622196	88622388	13595	210,169,139	6,7,3	294,188,286	0,0,1	198	99	2.41412096074e-05	0.00413784976852	0.946,0.923,0.959	1.0,1.0,0.993	-0.055
15848	"COPS7B"	"COPS7B"	chr2	+	231791732	231791808	231788554	231788732	231794262	231794351	15848	120,110,80	3,0,2	143,96,90	12,7,7	174	99	2.40496274087e-05	0.00413784976852	0.958,1.0,0.958	0.871,0.886,0.88	0.093
37160	"PRC1"	"PRC1"	chr15	-	90969078	90969120	90966464	90966653	90969523	90969623	37160	2,0,0	10,11,9	3,2,6	6,2,9	140	99	2.4220750374e-05	0.00413784976852	0.124,0.0,0.0	0.261,0.414,0.32	-0.29
36590	"YTHDF3"	"YTHDF3"	chr8	+	63175336	63175416	63169386	63169411	63186146	63187745	36590	44,29,27	1,0,0	44,30,41	6,4,2	178	99	2.43810021898e-05	0.00415101124313	0.961,1.0,1.0	0.803,0.807,0.919	0.144
71526	"MYCBP2"	"MYCBP2"	chr13	-	77126317	77126542	77125335	77125468	77139195	77139336	71526	83,65,39	10,5,7	115,73,85	1,1,4	198	99	2.47119809895e-05	0.00419305160429	0.806,0.867,0.736	0.983,0.973,0.914	-0.154
22670	"ZNF519"	"ZNF519"	chr18	-	14124349	14124476	14084876	14085076	14132274	14132428	22670	13,3,10	4,0,3	14,3,5	0,0,0	198	99	2.48702344199e-05	0.00420559879334	0.619,1.0,0.625	1.0,1.0,1.0	-0.252
37483	"IFT122"	"IFT122"	chr3	+	129458598	129458677	129440035	129440371	129463559	129463622	37483	2,1,1	1,0,0	4,0,1	2,3,11	177	99	2.51856034506e-05	0.00424453995991	0.528,1.0,1.0	0.528,0.0,0.048	0.651
6034	"CEP57"	"CEP57"	chr11	+	95795515	95795559	95790512	95790743	95799231	95799388	6034	2,7,2	16,4,2	1,0,0	12,7,4	142	99	2.64629808666e-05	0.00441619433455	0.08,0.55,0.411	0.055,0.0,0.0	0.329
51673	"TMX2"	"TMX2"	chr11	+	57737835	57738026	57737607	57737668	57738353	57738430	51673	381,293,238	22,29,26	380,286,375	68,51,55	198	99	2.64697224823e-05	0.00441619433455	0.896,0.835,0.821	0.736,0.737,0.773	0.102
58729	"RELL2"	"RELL2"	chr5	+	141638954	141639021	141638794	141638860	141639463	141639629	58729	46,39,41	2,1,0	18,10,32	2,6,5	165	99	2.64624707267e-05	0.00441619433455	0.932,0.959,1.0	0.844,0.5,0.793	0.251
49145	"SLC25A30"	"SLC25A30"	chr13	-	45408926	45409074	45405882	45405977	45411361	45411480	49145	20,8,17	0,1,0	15,13,16	5,8,0	198	99	2.68173542171e-05	0.0044592790504	1.0,0.8,1.0	0.6,0.448,1.0	0.251
21191	"TCEB1"	"TCEB1"	chr8	-	73959764	73959818	73955910	73956054	73972076	73972247	21191	288,236,225	4,1,2	318,291,361	16,14,6	152	99	2.70984030093e-05	0.00449104263827	0.979,0.994,0.987	0.928,0.931,0.975	0.042
49597	"MYSM1"	"MYSM1"	chr1	-	58689037	58689116	58685152	58685251	58690339	58690394	49597	9,4,8	0,0,0	13,21,14	0,5,3	177	99	2.72040138939e-05	0.00449361666588	1.0,1.0,1.0	1.0,0.701,0.723	0.192
58802	"C1RL"	"C1RL"	chr12	-	7099900	7100026	7099685	7099760	7101897	7102087	58802	47,20,28	1,0,0	19,15,16	2,4,2	198	99	2.72943780213e-05	0.00449366352341	0.959,1.0,1.0	0.826,0.652,0.8	0.227
3241	"USP39"	"USP39"	chr2	+	85645813	85645899	85644947	85645083	85647929	85648016	3241	36,25,39	328,221,212	26,14,23	390,269,369	184	99	2.78976347668e-05	0.00457787338928	0.056,0.057,0.09	0.035,0.027,0.032	0.036
39526	"SLC1A6"	"SLC1A6"	chr19	-	14976760	14977032	14972688	14972917	14979512	14980298	39526	15,13,13	15,13,10	59,34,49	15,11,13	198	99	2.80047201389e-05	0.00458037857091	0.333,0.333,0.394	0.663,0.607,0.653	-0.288
21008	"SLC8B1"	"SLC8B1"	chr12	-	113320330	113320498	113318963	113319071	113320580	113320686	21008	22,26,29	4,1,5	28,25,28	1,0,0	198	99	2.8236494251e-05	0.00460319449579	0.733,0.929,0.744	0.933,1.0,1.0	-0.176
7383	"AP4M1"	"AP4M1"	chr7	+	100102674	100102781	100101865	100101968	100103408	100103519	7383	19,13,13	6,1,2	24,10,13	0,0,1	198	99	2.84995877902e-05	0.00463095093457	0.613,0.867,0.765	1.0,1.0,0.867	-0.207
7618	"PRPF38B"	"PRPF38B"	chr1	+	108693589	108693642	108692326	108692867	108695701	108695770	7618	24,23,8	130,91,90	15,12,14	226,170,228	151	99	2.86616756308e-05	0.00464216782092	0.108,0.142,0.055	0.042,0.044,0.039	0.06
26652	"ARV1"	"ARV1"	chr1	+	230988319	230988439	230979048	230979279	230995759	230995984	26652	71,27,27	1,1,0	30,39,27	5,2,5	198	99	2.90997502602e-05	0.00466765608273	0.973,0.931,1.0	0.75,0.907,0.73	0.172
53145	"ZSCAN32"	"ZSCAN32"	chr16	-	3390009	3390183	3384083	3384941	3393648	3393814	53145	6,0,1	1,1,3	2,5,2	0,0,1	198	99	2.89762257689e-05	0.00466765608273	0.75,0.0,0.143	1.0,1.0,0.5	-0.536
71944	"TEAD1"	"TEAD1"	chr11	+	12901939	12902113	12883000	12883125	12924911	12925052	71944	109,63,72	0,3,10	75,65,74	0,0,0	198	99	2.90590804624e-05	0.00466765608273	1.0,0.913,0.783	1.0,1.0,1.0	-0.101
30990	"ANKRD11"	"ANKRD11"	chr16	-	89291680	89291777	89291012	89291183	89305205	89305344	30990	71,69,49	78,68,45	37,24,47	100,57,72	195	99	2.92362156129e-05	0.00467451479439	0.316,0.34,0.356	0.158,0.176,0.249	0.143
37668	"KANK1"	"KANK1"	chr9	+	730050	730248	710803	713464	731157	731266	37668	190,172,104	10,2,11	104,60,96	2,0,0	198	99	2.9344472278e-05	0.0046768338645	0.905,0.977,0.825	0.963,1.0,1.0	-0.085
42710	"SULT1A2"	"SULT1A2"	chr16	-	28593441	28593568	28592262	28592481	28595366	28595464	42710	11,7,7	12,9,6	2,1,0	5,6,9	198	99	2.94459219979e-05	0.00467805674798	0.314,0.28,0.368	0.167,0.077,0.0	0.239
53949	"LRRC16A"	"LRRC16A"	chr6	+	25612739	25612886	25610121	25610181	25619446	25620530	53949	5,8,7	78,41,49	0,1,1	51,47,74	198	99	2.99095916972e-05	0.00472164551207	0.031,0.089,0.067	0.0,0.011,0.007	0.056
62303	"CD47"	"CD47"	chr3	-	108051938	108051970	108043298	108047292	108057476	108057569	62303	68,47,33	13,11,11	53,73,58	37,40,37	130	99	2.98750189134e-05	0.00472164551207	0.799,0.765,0.696	0.522,0.582,0.544	0.204
6801	"HNRNPC"	"HNRNPC"	chr14	-	21263666	21263829	21263310	21263336	21269297	21269406	6801	94,78,81	1264,833,711	175,145,195	1226,1029,1238	198	99	3.01425666467e-05	0.00474341305101	0.036,0.045,0.054	0.067,0.066,0.073	-0.024
1098	"INPP5J"	"INPP5J"	chr22	+	31124141	31124263	31122922	31123119	31124844	31124881	1098	6,10,9	22,13,13	1,0,0	6,2,3	198	99	3.08987748406e-05	0.00484712384567	0.12,0.278,0.257	0.077,0.0,0.0	0.193
46743	"MSI2"	"MSI2"	chr17	+	57676986	57677059	57674917	57675126	57679548	57680121	46743	62,48,34	1,2,0	33,13,39	7,5,2	171	99	3.1767978493e-05	0.00493690220288	0.973,0.933,1.0	0.732,0.601,0.919	0.218
59434	"AKAP8L"	"AKAP8L"	chr19	-	15398629	15398703	15397713	15397855	15399301	15399410	59434	20,11,7	81,61,58	10,3,4	130,74,103	172	99	3.16749273879e-05	0.00493690220288	0.124,0.094,0.065	0.042,0.023,0.022	0.065
61982	"FDPS"	"FDPS"	chr1	+	155309752	155309965	155308913	155308965	155310042	155310205	61982	63,66,54	492,378,333	13,16,49	359,271,342	198	99	3.16274636973e-05	0.00493690220288	0.06,0.08,0.075	0.018,0.029,0.067	0.034
70601	"ZFP90"	"ZFP90"	chr16	+	68539757	68539825	68533697	68533855	68557997	68558101	70601	4,1,3	7,2,6	1,1,3	0,1,0	166	99	3.19758552045e-05	0.00495377495924	0.254,0.23,0.23	1.0,0.374,1.0	-0.553
