"ID"	"GeneID"	"geneSymbol"	"chr"	"strand"	"exonStart_0base"	"exonEnd"	"upstreamES"	"upstreamEE"	"downstreamES"	"downstreamEE"	"ID.1"	"IJC_SAMPLE_1"	"SJC_SAMPLE_1"	"IJC_SAMPLE_2"	"SJC_SAMPLE_2"	"IncFormLen"	"SkipFormLen"	"PValue"	"FDR"	"IncLevel1"	"IncLevel2"	"IncLevelDifference"
24250	"PDIK1L"	"PDIK1L"	chr1	+	26112459	26112650	26111172	26111420	26114291	26114593	24250	0,0,1	3,2,3	4,7,3	0,0,0	198	99	2.22044604925e-16	5.53834755834e-12	0.0,0.0,0.143	1.0,1.0,1.0	-0.952
16861	"DCUN1D4"	"DCUN1D4"	chr4	+	51860542	51860663	51848204	51848367	51863436	51863507	16861	5,2,1	0,0,0	0,2,0	3,1,4	198	99	1.95399252334e-14	3.24916390089e-10	1.0,1.0,1.0	0.0,0.5,0.0	0.833
18545	"ZNF207"	"ZNF207"	chr17	+	32366664	32366757	32365329	32365487	32367771	32368014	18545	222,166,119	244,172,133	192,129,171	490,370,413	191	99	4.06341627013e-14	5.06758801589e-10	0.32,0.333,0.317	0.169,0.153,0.177	0.157
3951	"EEF1D"	"EEF1D"	chr8	-	143588990	143590092	143586728	143586852	143597347	143597675	3951	31,20,25	4,1,3	0,0,0	1,3,5	198	99	6.82787160144e-14	6.81216749676e-10	0.795,0.909,0.806	0.0,0.0,0.0	0.837
34585	"ZNF138"	"ZNF138"	chr7	+	64830939	64831076	64815575	64815653	64831450	64831803	34585	3,3,1	0,0,0	2,1,2	2,6,2	198	99	1.27897692437e-13	1.0633627312e-09	1.0,1.0,1.0	0.333,0.077,0.333	0.752
20985	"ERI3"	"ERI3"	chr1	-	44241914	44242080	44230316	44230470	44247938	44248002	20985	0,0,0	2,1,1	2,2,6	1,0,0	198	99	2.12185824466e-12	1.29929633719e-08	0.0,0.0,0.0	0.5,1.0,1.0	-0.833
48314	"PLSCR1"	"PLSCR1"	chr3	-	146536539	146536565	146533469	146533550	146544466	146544530	48314	562,428,407	66,50,31	336,240,335	82,106,93	124	99	2.35877983812e-12	1.29929633719e-08	0.872,0.872,0.913	0.766,0.644,0.742	0.168
48359	"GIPC1"	"GIPC1"	chr19	-	14492856	14492912	14480592	14480778	14496036	14496052	48359	3,1,2	0,0,0	1,1,1	1,5,2	154	99	2.60458321577e-12	1.29929633719e-08	1.0,1.0,1.0	0.391,0.114,0.243	0.751
69734	"FHL2"	"FHL2"	chr2	-	105396646	105396697	105386360	105386540	105398841	105399224	69734	307,223,202	90,49,62	93,77,100	71,56,79	149	99	2.41684450231e-12	1.29929633719e-08	0.694,0.751,0.684	0.465,0.477,0.457	0.243
37907	"NQO2"	"NQO2"	chr6	+	3004494	3004651	2993930	2994053	3006467	3006559	37907	1,2,7	5,6,2	13,8,13	0,0,0	198	99	4.47553105687e-12	2.02965333429e-08	0.091,0.143,0.636	1.0,1.0,1.0	-0.71
69498	"DENND1B"	"DENND1B"	chr1	-	197658299	197658369	197652234	197652315	197672036	197672156	69498	34,35,16	0,2,0	20,12,16	12,5,11	168	99	5.25990362377e-12	2.18658576893e-08	1.0,0.912,1.0	0.495,0.586,0.462	0.456
4995	"RHBDD1"	"RHBDD1"	chr2	+	226838072	226838154	226837523	226837838	226839408	226839627	4995	1,3,3	0,0,0	2,2,3	4,3,2	180	99	2.87384560593e-11	1.10278298501e-07	1.0,1.0,1.0	0.216,0.268,0.452	0.688
40836	"HNRNPH1"	"HNRNPH1"	chr5	-	179615545	179615595	179614177	179614959	179616125	179616218	40836	1415,1086,949	123,78,63	1379,980,1331	217,153,214	148	99	4.55248061471e-11	1.62214639618e-07	0.885,0.903,0.91	0.81,0.811,0.806	0.09
7467	"SFI1"	"SFI1"	chr22	+	31531057	31531129	31528689	31528863	31546860	31546971	7467	10,6,7	9,3,6	8,5,8	0,0,0	170	99	1.95011451432e-10	6.48543083646e-07	0.393,0.538,0.405	1.0,1.0,1.0	-0.555
31779	"LUC7L"	"LUC7L"	chr16	-	208600	208664	208077	208188	220648	220747	31779	15,10,8	54,23,17	4,1,3	80,55,83	162	99	2.63175370385e-10	8.20531459478e-07	0.145,0.21,0.223	0.03,0.011,0.022	0.172
42283	"TLE4"	"TLE4"	chr9	+	79649819	79649858	79627373	79627448	79652589	79652798	42283	19,8,11	14,0,17	0,0,0	14,10,9	137	99	3.23067128605e-10	9.48011982968e-07	0.495,1.0,0.319	0.0,0.0,0.0	0.605
29639	"SRSF2"	"SRSF2"	chr17	-	76735771	76735875	76734146	76735158	76736153	76736464	29639	191,110,112	846,465,416	110,92,114	986,787,922	198	99	3.98261756906e-10	1.10373820796e-06	0.101,0.106,0.119	0.053,0.055,0.058	0.053
31210	"SAT1"	"SAT1"	chrX	+	23784293	23784403	23783799	23783883	23785327	23785429	31210	70,73,57	636,450,348	38,29,32	670,505,579	198	99	6.51232068272e-10	1.70982693293e-06	0.052,0.075,0.076	0.028,0.028,0.027	0.04
7352	"RBM38"	"RBM38"	chr20	+	57392396	57392492	57391452	57391795	57392653	57392777	7352	1,1,0	7,0,3	2,1,2	0,0,0	194	99	1.20758758548e-09	3.01202533508e-06	0.068,1.0,0.0	1.0,1.0,1.0	-0.644
12555	"NEXN"	"NEXN"	chr1	+	77925187	77925229	77918124	77918273	77926413	77926611	12555	4,4,4	0,0,0	8,4,10	7,9,8	140	99	1.83955306543e-09	4.36981450805e-06	1.0,1.0,1.0	0.447,0.239,0.469	0.615
13645	"MOCS1"	"MOCS1"	chr6	-	39909039	39909102	39904164	39907117	39909834	39909955	13645	12,3,3	0,0,0	8,4,9	9,1,4	161	99	2.99586577768e-09	6.79312565089e-06	1.0,1.0,1.0	0.353,0.711,0.58	0.452
64905	"RP11-248G5.8"	"RP11-248G5.8"	chr13	-	52183975	52184114	52180581	52180654	52186682	52186823	64905	8,4,3	0,0,0	3,4,8	4,1,4	198	99	4.38299518901e-09	9.50633543495e-06	1.0,1.0,1.0	0.273,0.667,0.5	0.52
55516	"RFX2"	"RFX2"	chr19	-	6026162	6026237	6016089	6016271	6039979	6040241	55516	7,7,2	7,2,1	5,2,3	0,0,0	173	99	5.17898579577e-09	1.07647377676e-05	0.364,0.667,0.534	1.0,1.0,1.0	-0.478
62477	"TNC"	"TNC"	chr9	-	115048259	115048532	115046409	115046682	115073602	115073866	62477	1,1,4	0,0,0	21,6,5	6,5,4	198	99	6.03768401941e-09	1.20475946923e-05	1.0,1.0,1.0	0.636,0.375,0.385	0.535
62769	"SRRM1"	"SRRM1"	chr1	+	24663182	24663224	24662659	24662804	24666814	24666845	62769	183,141,93	118,100,85	119,57,88	180,107,144	140	99	8.24413470824e-09	1.58176407662e-05	0.523,0.499,0.436	0.319,0.274,0.302	0.188
65303	"NBPF26"	"NBPF26"	chr1	+	120807606	120807709	120805555	120805765	120808544	120808759	65303	6,1,15	1,0,0	8,2,5	3,20,7	198	99	8.76778749603e-09	1.61992992311e-05	0.75,1.0,1.0	0.571,0.048,0.263	0.623
31924	"SYTL4"	"SYTL4"	chrX	-	100704810	100704886	100701927	100702107	100732003	100732123	31924	4,6,3	1,0,0	2,2,2	3,5,6	174	99	1.17390132059e-08	1.95939461072e-05	0.695,1.0,1.0	0.275,0.185,0.159	0.692
49506	"SRSF11"	"SRSF11"	chr1	+	70247116	70247149	70246817	70246907	70249930	70250047	49506	2,5,4	3,4,2	1,0,0	21,5,20	131	99	1.17834696445e-08	1.95939461072e-05	0.335,0.486,0.602	0.035,0.0,0.0	0.463
66449	"CANT1"	"CANT1"	chr17	-	79005371	79005481	78997576	78997963	79009663	79009765	66449	14,5,16	92,76,65	0,2,2	86,74,112	198	99	1.11997281449e-08	1.95939461072e-05	0.071,0.032,0.11	0.0,0.013,0.009	0.064
44981	"ATP2C1"	"ATP2C1"	chr3	+	130894707	130894775	130893990	130894337	130930415	130930526	44981	39,26,29	0,0,3	28,26,25	9,7,15	166	99	1.3449354852e-08	2.16426150578e-05	1.0,1.0,0.852	0.65,0.689,0.498	0.338
47133	"EIF4G2"	"EIF4G2"	chr11	-	10806819	10806885	10805906	10806047	10807254	10807319	47133	2357,1697,1514	21,5,10	2528,1920,2242	39,41,46	164	99	1.43023616284e-08	2.22960409323e-05	0.985,0.995,0.989	0.975,0.966,0.967	0.02
32056	"ZMIZ2"	"ZMIZ2"	chr7	+	44750971	44751091	44749814	44749980	44756187	44756299	32056	2,0,0	0,6,2	2,1,1	0,0,0	198	99	1.67901621495e-08	2.53811284493e-05	1.0,0.0,0.0	1.0,1.0,1.0	-0.667
15696	"GEMIN4"	"GEMIN4"	chr17	-	749813	749909	747166	748032	751650	752038	15696	9,3,1	0,1,0	0,1,2	1,7,1	194	99	1.73318526198e-08	2.54293961158e-05	1.0,0.605,1.0	0.0,0.068,0.505	0.677
37478	"IFT122"	"IFT122"	chr3	+	129449870	129449937	129440035	129440371	129463559	129463622	37478	19,19,14	1,0,0	6,9,5	2,3,11	165	99	1.93860607567e-08	2.76091462606e-05	0.919,1.0,1.0	0.643,0.643,0.214	0.473
58388	"FRMD8"	"FRMD8"	chr11	+	65393572	65393674	65389360	65389528	65394040	65394099	58388	46,52,34	2,0,0	24,5,17	5,5,5	198	99	1.9924411454e-08	2.76091462606e-05	0.92,1.0,1.0	0.706,0.333,0.63	0.417
8917	"FBXO18"	"FBXO18"	chr10	+	5924750	5924801	5924310	5924508	5925366	5925492	8917	19,9,12	40,23,32	2,1,5	54,31,45	149	99	2.28652198286e-08	3.08278781392e-05	0.24,0.206,0.199	0.024,0.021,0.069	0.177
57918	"CASP4"	"CASP4"	chr11	-	104951895	104952063	104949542	104949777	104954746	104955001	57918	0,2,2	1,4,1	5,2,5	0,0,0	198	99	2.38003460273e-08	3.12442174098e-05	0.0,0.2,0.5	1.0,1.0,1.0	-0.767
51759	"RP13-672B3.2"	"RP13-672B3.2"	chr12	+	132704618	132704794	132690262	132690376	132714857	132714912	51759	8,2,4	0,0,0	1,0,8	2,4,1	198	99	2.71572172528e-08	3.47368662219e-05	1.0,1.0,1.0	0.2,0.0,0.8	0.667
26832	"DBNL"	"DBNL"	chr7	+	44052866	44052941	44050224	44050280	44056756	44056903	26832	237,169,128	0,2,2	207,145,198	13,12,9	173	99	3.08668698379e-08	3.84368577135e-05	1.0,0.98,0.973	0.901,0.874,0.926	0.084
60475	"PITPNA"	"PITPNA"	chr17	-	1543019	1543027	1541565	1541640	1548295	1548387	60475	2,14,6	3,0,2	0,1,0	3,3,4	106	99	3.15908823545e-08	3.84368577135e-05	0.384,1.0,0.737	0.0,0.237,0.0	0.628
39644	"SCAPER"	"SCAPER"	chr15	-	76862415	76862533	76857808	76857879	76883811	76883876	39644	10,10,16	2,6,3	8,11,10	0,0,0	198	99	3.66475392255e-08	4.35276784349e-05	0.714,0.455,0.727	1.0,1.0,1.0	-0.368
17222	"SSFA2"	"SSFA2"	chr2	+	181896029	181896079	181892614	181892660	181896907	181896964	17222	180,152,133	2,1,2	180,124,206	15,10,13	148	99	4.60538928104e-08	5.22136009738e-05	0.984,0.99,0.978	0.889,0.892,0.914	0.086
18906	"RPTOR"	"RPTOR"	chr17	+	80925369	80925480	80923489	80923673	80940495	80940601	18906	135,86,54	3,0,1	73,55,71	8,4,17	198	99	4.56878919142e-08	5.22136009738e-05	0.957,1.0,0.964	0.82,0.873,0.676	0.184
48973	"TMEM65"	"TMEM65"	chr8	-	124327353	124327421	124323320	124323375	124330747	124330792	48973	161,103,108	1,1,0	129,108,134	11,5,10	166	99	6.01179745985e-08	6.66441147299e-05	0.99,0.984,1.0	0.875,0.928,0.889	0.094
24679	"NAV2"	"NAV2"	chr11	+	20049835	20049901	20048727	20049195	20051288	20051333	24679	13,15,5	8,7,1	3,1,1	0,0,0	164	99	6.33170900155e-08	6.86646312049e-05	0.495,0.564,0.751	1.0,1.0,1.0	-0.397
68425	"PRRC2C"	"PRRC2C"	chr1	+	171591151	171591200	171588378	171588505	171591586	171592223	68425	76,33,34	70,54,43	42,23,33	122,92,123	147	99	7.61233290847e-08	8.07960057743e-05	0.422,0.292,0.347	0.188,0.144,0.153	0.192
35052	"TMEM161A"	"TMEM161A"	chr19	-	19132656	19132754	19121758	19121819	19138425	19138447	35052	1,0,0	3,1,1	2,1,4	1,0,1	196	99	8.40733809238e-08	8.73750126538e-05	0.144,0.0,0.0	0.503,1.0,0.669	-0.676
22555	"MAP4"	"MAP4"	chr3	-	47909037	47912421	47877416	47877523	47914816	47914939	22555	32,23,14	267,266,171	64,37,57	236,202,216	198	99	8.70948285714e-08	8.86678678221e-05	0.057,0.041,0.039	0.119,0.084,0.117	-0.061
15907	"CRAT"	"CRAT"	chr9	-	129109178	129109277	129107813	129108077	129110482	129110769	15907	3,6,4	0,0,0	0,2,1	1,3,1	197	99	9.28065229111e-08	9.25930679084e-05	1.0,1.0,1.0	0.0,0.251,0.334	0.805
34719	"KIAA1191"	"KIAA1191"	chr5	-	176355570	176355749	176348249	176348356	176359461	176359567	34719	9,1,5	0,0,1	2,0,0	0,4,4	198	99	1.01057374247e-07	9.88479826336e-05	1.0,1.0,0.714	1.0,0.0,0.0	0.571
