"ID"	"GeneID"	"geneSymbol"	"chr"	"strand"	"exonStart_0base"	"exonEnd"	"upstreamES"	"upstreamEE"	"downstreamES"	"downstreamEE"	"ID.1"	"IJC_SAMPLE_1"	"SJC_SAMPLE_1"	"IJC_SAMPLE_2"	"SJC_SAMPLE_2"	"IncFormLen"	"SkipFormLen"	"PValue"	"FDR"	"IncLevel1"	"IncLevel2"	"IncLevelDifference"
47503	"SRSF3"	"SRSF3"	chr6	+	36599820	36600276	36598848	36598983	36601151	36601190	47503	324,214,197	1278,875,742	351,289,365	634,534,630	555	99	3.5527136788e-15	5.98300668268e-11	0.043,0.042,0.045	0.09,0.088,0.094	-0.047
18545	"ZNF207"	"ZNF207"	chr17	+	32366664	32366757	32365329	32365487	32367771	32368014	18545	222,166,119	244,172,133	192,129,171	490,370,413	192	99	4.06341627013e-14	4.10583833599e-10	0.319,0.332,0.316	0.168,0.152,0.176	0.157
22555	"MAP4"	"MAP4"	chr3	-	47909037	47912421	47877416	47877523	47914816	47914939	22555	475,348,294	267,266,171	869,629,806	236,202,216	3483	99	3.697042672e-14	4.10583833599e-10	0.048,0.036,0.047	0.095,0.081,0.096	-0.047
31210	"SAT1"	"SAT1"	chrX	+	23784293	23784403	23783799	23783883	23785327	23785429	31210	88,97,72	636,450,348	42,35,39	670,505,579	209	99	5.04374320087e-13	4.24699989991e-09	0.062,0.093,0.089	0.029,0.032,0.031	0.051
23004	"USF2"	"USF2"	chr19	+	35275081	35275425	35271082	35271141	35275782	35275900	23004	0,2,0	1,3,1	2,1,1	0,0,0	443	99	1.25643939697e-12	9.06826160196e-09	0.0,0.13,0.0	1.0,1.0,1.0	-0.957
16861	"DCUN1D4"	"DCUN1D4"	chr4	+	51860542	51860663	51848204	51848367	51863436	51863507	16861	5,2,1	0,0,0	1,2,1	3,1,4	220	99	1.48425716162e-12	9.37345503992e-09	1.0,1.0,1.0	0.13,0.474,0.101	0.765
48314	"PLSCR1"	"PLSCR1"	chr3	-	146536539	146536565	146533469	146533550	146544466	146544530	48314	562,428,407	66,50,31	336,240,335	82,106,93	125	99	2.50777176802e-12	1.15179677513e-08	0.871,0.871,0.912	0.764,0.642,0.74	0.169
48359	"GIPC1"	"GIPC1"	chr19	-	14492856	14492912	14480592	14480778	14496036	14496052	48359	3,1,2	0,0,0	1,1,1	1,5,2	155	99	2.43127740163e-12	1.15179677513e-08	1.0,1.0,1.0	0.39,0.113,0.242	0.752
69734	"FHL2"	"FHL2"	chr2	-	105396646	105396697	105386360	105386540	105398841	105399224	69734	307,223,202	90,49,62	93,77,100	71,56,79	150	99	2.41229258791e-12	1.15179677513e-08	0.692,0.75,0.683	0.464,0.476,0.455	0.243
69498	"DENND1B"	"DENND1B"	chr1	-	197658299	197658369	197652234	197652315	197672036	197672156	69498	34,35,16	0,2,0	20,12,16	12,5,11	169	99	5.21782617113e-12	2.19679178182e-08	1.0,0.911,1.0	0.494,0.584,0.46	0.458
3951	"EEF1D"	"EEF1D"	chr8	-	143588990	143590092	143586728	143586852	143597347	143597675	3951	32,20,25	4,1,3	0,0,0	1,3,5	1201	99	6.23834317537e-12	2.25123981361e-08	0.397,0.622,0.407	0.0,0.0,0.0	0.475
34585	"ZNF138"	"ZNF138"	chr7	+	64830939	64831076	64815575	64815653	64831450	64831803	34585	6,4,2	0,0,0	4,1,4	2,6,2	236	99	5.87119242113e-12	2.25123981361e-08	1.0,1.0,1.0	0.456,0.065,0.456	0.674
29639	"SRSF2"	"SRSF2"	chr17	-	76735771	76735875	76734146	76735158	76736153	76736464	29639	216,128,125	846,465,416	119,99,124	986,787,922	203	99	8.73234817789e-12	2.94117129762e-08	0.111,0.118,0.128	0.056,0.058,0.062	0.06
24250	"PDIK1L"	"PDIK1L"	chr1	+	26112459	26112650	26111172	26111420	26114291	26114593	24250	2,4,2	3,2,3	8,8,3	0,0,0	290	99	9.83690906509e-12	3.10612699867e-08	0.185,0.406,0.185	1.0,1.0,1.0	-0.741
4995	"RHBDD1"	"RHBDD1"	chr2	+	226838072	226838154	226837523	226837838	226839408	226839627	4995	1,3,3	0,0,0	2,2,3	4,3,2	181	99	2.72659672618e-11	8.10312469412e-08	1.0,1.0,1.0	0.215,0.267,0.451	0.689
37907	"NQO2"	"NQO2"	chr6	+	3004494	3004651	2993930	2994053	3006467	3006559	37907	6,7,10	5,6,2	18,10,17	0,0,0	256	99	3.25085514064e-11	9.12442796752e-08	0.317,0.311,0.659	1.0,1.0,1.0	-0.571
40836	"HNRNPH1"	"HNRNPH1"	chr5	-	179615545	179615595	179614177	179614959	179616125	179616218	40836	1415,1086,949	123,78,63	1379,980,1331	217,153,214	149	99	4.55215865003e-11	1.21044294377e-07	0.884,0.902,0.909	0.809,0.81,0.805	0.09
7467	"SFI1"	"SFI1"	chr22	+	31531057	31531129	31528689	31528863	31546860	31546971	7467	10,6,7	9,3,6	8,5,8	0,0,0	171	99	1.88053572714e-10	4.75042130033e-07	0.391,0.537,0.403	1.0,1.0,1.0	-0.556
31779	"LUC7L"	"LUC7L"	chr16	-	208600	208664	208077	208188	220648	220747	31779	15,10,8	54,23,17	4,1,3	80,55,83	163	99	2.62059152156e-10	6.30464404058e-07	0.144,0.209,0.222	0.029,0.011,0.021	0.171
42283	"TLE4"	"TLE4"	chr9	+	79649819	79649858	79627373	79627448	79652589	79652798	42283	19,8,11	14,0,17	0,0,0	14,10,9	138	99	3.42151862398e-10	7.8573619964e-07	0.493,1.0,0.317	0.0,0.0,0.0	0.603
36169	"PSTK"	"PSTK"	chr10	+	122982732	122983024	122980039	122980695	122983271	122983470	36169	22,20,15	0,0,0	15,9,10	4,1,5	391	99	5.09681963301e-10	1.1195718326e-06	1.0,1.0,1.0	0.487,0.695,0.336	0.494
7352	"RBM38"	"RBM38"	chr20	+	57392396	57392492	57391452	57391795	57392653	57392777	7352	1,1,0	7,0,3	2,1,2	0,0,0	195	99	1.18544463135e-09	2.49545973604e-06	0.068,1.0,0.0	1.0,1.0,1.0	-0.644
12555	"NEXN"	"NEXN"	chr1	+	77925187	77925229	77918124	77918273	77926413	77926611	12555	4,4,4	0,0,0	8,4,10	7,9,8	141	99	1.80768600089e-09	3.5931019263e-06	1.0,1.0,1.0	0.445,0.238,0.467	0.617
53904	"TXNRD1"	"TXNRD1"	chr12	+	104309758	104310099	104288930	104289040	104311289	104311406	53904	32,20,21	450,360,295	60,41,34	274,236,222	440	99	1.84910831091e-09	3.5931019263e-06	0.016,0.012,0.016	0.047,0.038,0.033	-0.025
13645	"MOCS1"	"MOCS1"	chr6	-	39909039	39909102	39904164	39907117	39909834	39909955	13645	12,3,3	0,0,0	8,4,9	9,1,4	162	99	2.8726153678e-09	5.37519531896e-06	1.0,1.0,1.0	0.352,0.71,0.579	0.453
48401	"RNF217-AS1"	"RNF217-AS1"	chr6	-	124945298	124945439	124935007	124935117	124947930	124948098	48401	1,0,2	5,4,2	4,4,3	0,0,1	240	99	4.42791381339e-09	7.98953791715e-06	0.076,0.0,0.292	1.0,1.0,0.553	-0.728
55516	"RFX2"	"RFX2"	chr19	-	6026162	6026237	6016089	6016271	6039979	6040241	55516	7,7,2	7,2,1	5,2,3	0,0,0	174	99	4.94209440038e-09	8.60981011366e-06	0.363,0.666,0.532	1.0,1.0,1.0	-0.48
64905	"RP11-248G5.8"	"RP11-248G5.8"	chr13	-	52183975	52184114	52180581	52180654	52186682	52186823	64905	8,5,3	0,0,0	3,6,9	4,1,4	238	99	5.55717072359e-09	9.35864597657e-06	1.0,1.0,1.0	0.238,0.714,0.483	0.522
66449	"CANT1"	"CANT1"	chr17	-	79005371	79005481	78997576	78997963	79009663	79009765	66449	15,5,16	92,76,65	0,2,2	86,74,112	209	99	7.69839481052e-09	1.25463968586e-05	0.072,0.03,0.104	0.0,0.013,0.008	0.062
44116	"GMDS-AS1"	"GMDS-AS1"	chr6	+	2271815	2273417	2269697	2269799	2283498	2283774	44116	13,5,4	1,3,1	8,10,5	0,0,0	1701	99	8.38222613542e-09	1.28329342065e-05	0.431,0.088,0.189	1.0,1.0,1.0	-0.764
62769	"SRRM1"	"SRRM1"	chr1	+	24663182	24663224	24662659	24662804	24666814	24666845	62769	183,141,93	118,100,85	119,57,88	180,107,144	141	99	8.22676193835e-09	1.28329342065e-05	0.521,0.497,0.434	0.317,0.272,0.3	0.188
65303	"NBPF26"	"NBPF26"	chr1	+	120807606	120807709	120805555	120805765	120808544	120808759	65303	6,1,15	1,0,0	8,2,5	3,20,7	202	99	8.68581906399e-09	1.29066161986e-05	0.746,1.0,1.0	0.567,0.047,0.259	0.624
32056	"ZMIZ2"	"ZMIZ2"	chr7	+	44750971	44751091	44749814	44749980	44756187	44756299	32056	2,0,0	0,6,2	2,1,2	0,0,0	219	99	9.66516722212e-09	1.39515308113e-05	1.0,0.0,0.0	1.0,1.0,1.0	-0.667
31924	"SYTL4"	"SYTL4"	chrX	-	100704810	100704886	100701927	100702107	100732003	100732123	31924	4,6,3	1,0,0	2,2,2	3,5,6	175	99	1.19117533615e-08	1.67168223147e-05	0.694,1.0,1.0	0.274,0.185,0.159	0.692
49506	"SRSF11"	"SRSF11"	chr1	+	70247116	70247149	70246817	70246907	70249930	70250047	49506	2,5,4	3,4,2	1,0,0	21,5,20	132	99	1.22579268957e-08	1.67377022331e-05	0.333,0.484,0.6	0.034,0.0,0.0	0.461
44981	"ATP2C1"	"ATP2C1"	chr3	+	130894707	130894775	130893990	130894337	130930415	130930526	44981	39,26,29	0,0,3	28,26,25	9,7,15	167	99	1.32944703024e-08	1.76753481215e-05	1.0,1.0,0.851	0.648,0.688,0.497	0.339
47133	"EIF4G2"	"EIF4G2"	chr11	-	10806819	10806885	10805906	10806047	10807254	10807319	47133	2357,1697,1514	21,5,10	2528,1920,2242	39,41,46	165	99	1.40834804929e-08	1.82442461913e-05	0.985,0.995,0.989	0.975,0.966,0.967	0.02
58388	"FRMD8"	"FRMD8"	chr11	+	65393572	65393674	65389360	65389528	65394040	65394099	58388	48,53,34	2,0,0	24,5,17	5,5,5	201	99	1.62504004697e-08	2.05250683133e-05	0.922,1.0,1.0	0.703,0.33,0.626	0.421
15696	"GEMIN4"	"GEMIN4"	chr17	-	749813	749909	747166	748032	751650	752038	15696	9,3,1	0,1,0	0,1,2	1,7,1	195	99	1.72949458088e-08	2.13115915159e-05	1.0,0.604,1.0	0.0,0.068,0.504	0.677
37478	"IFT122"	"IFT122"	chr3	+	129449870	129449937	129440035	129440371	129463559	129463622	37478	19,19,14	1,0,0	6,9,5	2,3,11	166	99	1.90919895449e-08	2.29658451378e-05	0.919,1.0,1.0	0.641,0.641,0.213	0.475
22597	"OGFOD2"	"OGFOD2"	chr12	+	122976252	122976401	122975810	122975867	122976600	122976767	22597	2,2,3	0,1,0	0,1,1	2,3,6	248	99	2.13666548898e-08	2.51043287987e-05	1.0,0.444,1.0	0.0,0.117,0.062	0.755
8917	"FBXO18"	"FBXO18"	chr10	+	5924750	5924801	5924310	5924508	5925366	5925492	8917	19,9,12	40,23,32	2,1,5	54,31,45	150	99	2.28835733695e-08	2.62755430403e-05	0.239,0.205,0.198	0.024,0.021,0.068	0.176
15042	"LSM14A"	"LSM14A"	chr19	+	34215123	34215300	34208195	34209051	34215595	34215661	15042	3,3,1	55,1,0	5,5,371	0,0,1	276	99	2.77449215824e-08	3.11495317375e-05	0.019,0.518,1.0	1.0,1.0,0.993	-0.485
26832	"DBNL"	"DBNL"	chr7	+	44052866	44052941	44050224	44050280	44056756	44056903	26832	237,169,128	0,2,2	207,145,198	13,12,9	174	99	3.04250967753e-08	3.34160160713e-05	1.0,0.98,0.973	0.901,0.873,0.926	0.084
60475	"PITPNA"	"PITPNA"	chr17	-	1543019	1543027	1541565	1541640	1548295	1548387	60475	2,14,6	3,0,2	0,1,0	3,3,4	107	99	3.2252370219e-08	3.46692393235e-05	0.382,1.0,0.735	0.0,0.236,0.0	0.627
54149	"CUL5"	"CUL5"	chr11	+	108104189	108104902	108098405	108098529	108106206	108106852	54149	261,191,149	10,5,2	312,262,316	0,1,0	812	99	3.73508786122e-08	3.93133560259e-05	0.761,0.823,0.901	1.0,0.97,1.0	-0.162
18906	"RPTOR"	"RPTOR"	chr17	+	80925369	80925480	80923489	80923673	80940495	80940601	18906	142,91,57	3,0,1	76,58,76	8,4,17	210	99	4.21676844553e-08	4.34774643684e-05	0.957,1.0,0.964	0.817,0.872,0.678	0.185
17222	"SSFA2"	"SSFA2"	chr2	+	181896029	181896079	181892614	181892660	181896907	181896964	17222	180,152,133	2,1,2	180,124,206	15,10,13	149	99	4.59633857641e-08	4.64432435115e-05	0.984,0.99,0.978	0.889,0.892,0.913	0.086
39644	"SCAPER"	"SCAPER"	chr15	-	76862415	76862533	76857808	76857879	76883811	76883876	39644	11,15,19	2,6,3	15,12,10	0,0,0	217	99	5.81016632584e-08	5.71256526318e-05	0.715,0.533,0.743	1.0,1.0,1.0	-0.336
48973	"TMEM65"	"TMEM65"	chr8	-	124327353	124327421	124323320	124323375	124330747	124330792	48973	161,103,108	1,1,0	129,108,134	11,5,10	167	99	5.87968397303e-08	5.71256526318e-05	0.99,0.984,1.0	0.874,0.928,0.888	0.095
24679	"NAV2"	"NAV2"	chr11	+	20049835	20049901	20048727	20049195	20051288	20051333	24679	13,15,5	8,7,1	3,1,1	0,0,0	165	99	6.11692159147e-08	5.83092665367e-05	0.494,0.563,0.75	1.0,1.0,1.0	-0.398
68425	"PRRC2C"	"PRRC2C"	chr1	+	171591151	171591200	171588378	171588505	171591586	171592223	68425	76,33,34	70,54,43	42,23,33	122,92,123	148	99	7.5001915123e-08	7.01712362193e-05	0.421,0.29,0.346	0.187,0.143,0.152	0.192
2689	"MYL6"	"MYL6"	chr12	+	56159622	56159730	56158683	56158711	56160024	56160148	2689	286,207,146	0,0,0	207,206,186	26,0,3	207	99	8.13819833745e-08	7.47560102554e-05	1.0,1.0,1.0	0.792,1.0,0.967	0.08
15907	"CRAT"	"CRAT"	chr9	-	129109178	129109277	129107813	129108077	129110482	129110769	15907	3,6,4	0,0,0	0,2,1	1,3,1	198	99	8.29722665019e-08	7.48558008609e-05	1.0,1.0,1.0	0.0,0.25,0.333	0.806
35052	"TMEM161A"	"TMEM161A"	chr19	-	19132656	19132754	19121758	19121819	19138425	19138447	35052	1,0,0	3,1,1	2,1,4	1,0,1	197	99	8.79943836685e-08	7.79938991526e-05	0.143,0.0,0.0	0.501,1.0,0.668	-0.675
14124	"SEC31A"	"SEC31A"	chr4	-	82899712	82899737	82897988	82898062	82900076	82900223	14124	24,12,16	84,96,50	4,3,7	126,66,99	124	99	1.07982790043e-07	9.40604572164e-05	0.186,0.091,0.203	0.025,0.035,0.053	0.122
54766	"WNK1"	"WNK1"	chr12	+	879572	880031	878211	878361	880720	880814	54766	118,88,77	40,43,31	190,138,195	33,15,29	558	99	1.11938812553e-07	9.58537743695e-05	0.344,0.266,0.306	0.505,0.62,0.544	-0.251
37091	"NAF1"	"NAF1"	chr4	-	163158224	163158327	163156963	163157454	163164216	163164391	37091	12,4,6	4,1,3	12,15,8	0,0,0	202	99	1.15292756342e-07	9.70803439318e-05	0.595,0.662,0.495	1.0,1.0,1.0	-0.416
23254	"FANCI"	"FANCI"	chr15	+	89245194	89245311	89243989	89244044	89247628	89247731	23254	18,7,3	0,0,0	5,1,2	5,0,7	216	99	1.24486307818e-07	0.000103103233501	1.0,1.0,1.0	0.314,1.0,0.116	0.523
47358	"C11orf84"	"C11orf84"	chr11	+	63818526	63818652	63818215	63818365	63818801	63819002	47358	157,119,79	6,12,9	248,166,236	6,0,1	225	99	1.29322815345e-07	0.000105381407691	0.92,0.814,0.794	0.948,1.0,0.99	-0.137
26829	"DBNL"	"DBNL"	chr7	+	44051829	44051942	44050224	44050280	44056756	44056903	26829	333,270,200	0,2,2	343,226,331	13,12,9	212	99	1.43801958119e-07	0.000115320040128	1.0,0.984,0.979	0.925,0.898,0.945	0.065
64214	"METTL25"	"METTL25"	chr12	+	82386802	82386967	82358496	82358824	82389815	82389922	64214	26,11,5	0,0,0	13,5,16	4,2,2	264	99	1.60278162076e-07	0.000126524582881	1.0,1.0,1.0	0.549,0.484,0.75	0.406
22327	"CSAD"	"CSAD"	chr12	-	53171325	53171441	53170422	53170502	53171881	53171988	22327	3,6,0	4,6,1	5,2,8	0,0,1	215	99	1.72391654729e-07	0.000133993402773	0.257,0.315,0.0	1.0,1.0,0.786	-0.738
54329	"OSBPL6"	"OSBPL6"	chr2	+	178344285	178344360	178338990	178339094	178349223	178349389	54329	9,3,4	9,11,7	1,0,0	12,21,11	174	99	1.76053987944e-07	0.000134559008886	0.363,0.134,0.245	0.045,0.0,0.0	0.232
72476	"GEMIN7"	"GEMIN7"	chr19	+	45079906	45080029	45079257	45079279	45090106	45090537	72476	63,53,60	8,0,17	77,65,69	0,1,0	222	99	1.78446094679e-07	0.000134559008886	0.778,1.0,0.611	1.0,0.967,1.0	-0.193
23106	"TAF1A"	"TAF1A"	chr1	-	222579758	222579825	222577444	222577643	222584127	222584297	23106	7,5,8	0,0,1	8,8,6	6,4,7	166	99	1.81526321752e-07	0.000134868718052	1.0,1.0,0.827	0.443,0.544,0.338	0.501
35075	"SDHAF2"	"SDHAF2"	chr11	+	61437624	61437848	61430072	61430182	61445940	61446115	35075	304,245,202	19,22,20	329,299,346	13,1,8	323	99	2.22125829841e-07	0.00016100099626	0.831,0.773,0.756	0.886,0.989,0.93	-0.148
47069	"RABL2A"	"RABL2A"	chr2	+	113635050	113635130	113634152	113634232	113641352	113641450	47069	7,2,1	1,2,4	3,1,2	0,0,0	179	99	2.2307251768e-07	0.00016100099626	0.795,0.356,0.121	1.0,1.0,1.0	-0.576
29912	"TPCN1"	"TPCN1"	chr12	+	113294105	113294228	113293268	113293349	113295959	113296012	29912	16,5,7	36,44,19	0,0,0	18,17,16	222	99	2.41524433675e-07	0.000171863344199	0.165,0.048,0.141	0.0,0.0,0.0	0.118
67918	"PRR5L"	"PRR5L"	chr11	+	36393845	36394011	36376380	36376704	36400996	36401264	67918	1,1,2	3,0,3	1,4,4	0,0,0	265	99	2.55860911458e-07	0.000179536180121	0.111,1.0,0.199	1.0,1.0,1.0	-0.563
23107	"TAF1A"	"TAF1A"	chr1	-	222579758	222579872	222577444	222577643	222584127	222584297	23107	24,14,19	0,0,1	31,19,17	6,4,7	213	99	2.69210928217e-07	0.000186316089252	1.0,1.0,0.898	0.706,0.688,0.53	0.325
2686	"MYL6"	"MYL6"	chr12	+	56159586	56159622	56158683	56158711	56160024	56160148	2686	227,111,89	0,0,0	102,130,134	26,0,3	135	99	2.80013657483e-07	0.000191173648694	1.0,1.0,1.0	0.742,1.0,0.97	0.096
44980	"ATP2C1"	"ATP2C1"	chr3	+	130894589	130894775	130893967	130894337	130930415	130930526	44980	57,47,38	0,0,3	58,52,48	9,7,15	285	99	3.00160599154e-07	0.000202196183873	1.0,1.0,0.815	0.691,0.721,0.526	0.292
23109	"TAF1A"	"TAF1A"	chr1	-	222579758	222579890	222577444	222577643	222584127	222584297	23109	8,7,12	0,0,1	11,13,11	6,4,7	231	99	3.05825480273e-07	0.000203301512031	1.0,1.0,0.837	0.44,0.582,0.402	0.471
7543	"ZNF283"	"ZNF283"	chr19	+	43837052	43837179	43835504	43835592	43846938	43848898	7543	10,11,11	0,0,0	8,12,16	4,4,1	226	99	3.35248689809e-07	0.00021794978823	1.0,1.0,1.0	0.467,0.568,0.875	0.363
68546	"GPBP1L1"	"GPBP1L1"	chr1	-	45685575	45685620	45660183	45661225	45687982	45688113	68546	12,6,5	6,2,1	13,9,6	0,0,0	144	99	3.36488727326e-07	0.00021794978823	0.579,0.673,0.775	1.0,1.0,1.0	-0.324
2902	"RWDD2B"	"RWDD2B"	chr21	-	29008239	29008307	29007760	29008123	29008394	29008621	2902	137,71,58	6,4,3	88,72,99	33,14,15	167	99	4.0913075583e-07	0.000261646886659	0.931,0.913,0.92	0.613,0.753,0.796	0.201
40236	"PLEKHM2"	"PLEKHM2"	chr1	+	15721328	15721388	15719733	15719920	15725316	15725545	40236	123,104,75	135,70,57	67,53,87	168,92,141	159	99	4.17899745142e-07	0.000263914136551	0.362,0.481,0.45	0.199,0.264,0.278	0.184
59479	"TRAPPC2L"	"TRAPPC2L"	chr16	+	88859344	88859443	88858618	88858789	88859572	88859750	59479	20,23,15	0,0,0	15,13,14	9,5,0	198	99	4.26842808987e-07	0.000265125625166	1.0,1.0,1.0	0.455,0.565,1.0	0.327
68384	"ZNF415"	"ZNF415"	chr19	-	53122403	53122612	53109606	53109908	53132855	53132904	68384	1,1,2	4,2,0	8,6,3	0,0,0	308	99	4.30313551791e-07	0.000265125625166	0.074,0.138,1.0	1.0,1.0,1.0	-0.596
62477	"TNC"	"TNC"	chr9	-	115048259	115048532	115046409	115046682	115073602	115073866	62477	6,3,8	0,0,0	47,27,26	6,5,4	372	99	4.46363124684e-07	0.000271700696208	1.0,1.0,1.0	0.676,0.59,0.634	0.367
47484	"LARP4"	"LARP4"	chr12	+	50466958	50467120	50462581	50462630	50473414	50473536	47484	86,68,49	0,0,0	96,61,93	6,9,2	261	99	4.89040362872e-07	0.000292450346081	1.0,1.0,1.0	0.859,0.72,0.946	0.158
70082	"EDRF1"	"EDRF1"	chr10	+	125729002	125729104	125725681	125725838	125729357	125729479	70082	28,9,12	0,0,0	25,23,30	3,2,8	201	99	4.92028807586e-07	0.000292450346081	1.0,1.0,1.0	0.804,0.85,0.649	0.232
20985	"ERI3"	"ERI3"	chr1	-	44241914	44242080	44230316	44230470	44247938	44248002	20985	2,0,1	2,1,1	2,2,7	1,0,0	265	99	5.02816001946e-07	0.00029538686105	0.272,0.0,0.272	0.428,1.0,1.0	-0.628
26707	"TMEM39B"	"TMEM39B"	chr1	+	32076762	32076846	32075602	32075822	32091674	32091744	26707	5,3,2	1,0,0	2,5,2	11,5,1	183	99	5.52471614346e-07	0.000320827251724	0.73,1.0,1.0	0.09,0.351,0.52	0.59
31039	"SNHG16"	"SNHG16"	chr17	+	76558373	76558600	76557768	76557857	76558944	76559043	31039	22,12,25	306,216,215	73,49,58	357,311,300	326	99	5.855605264e-07	0.000336178283123	0.021,0.017,0.034	0.058,0.046,0.055	-0.029
53555	"BTD"	"BTD"	chr3	+	15630001	15630120	15601632	15601770	15635423	15635688	53555	1,2,1	3,1,1	2,1,1	0,0,0	218	99	6.23445318815e-07	0.000353906790979	0.131,0.476,0.312	1.0,1.0,1.0	-0.694
10651	"TMEM116"	"TMEM116"	chr12	-	111965594	111965759	111938183	111938210	111991757	111991889	10651	2,2,0	4,0,2	2,5,2	0,0,0	264	99	6.30635836218e-07	0.000354010930193	0.158,1.0,0.0	1.0,1.0,1.0	-0.614
12298	"ADGRL2"	"ADGRL2"	chr1	+	81986900	81987029	81985258	81985355	81987288	81987341	12298	11,15,9	11,17,6	18,14,14	1,3,0	228	99	6.40330955703e-07	0.000355503302682	0.303,0.277,0.394	0.887,0.67,1.0	-0.528
30625	"PAQR3"	"PAQR3"	chr4	-	78935120	78935176	78930169	78930325	78939039	78939195	30625	10,4,5	3,4,3	10,14,11	0,1,0	155	99	6.65007020229e-07	0.000363975677051	0.68,0.39,0.516	1.0,0.899,1.0	-0.438
62756	"BTBD1"	"BTBD1"	chr15	-	83028615	83028728	83020674	83020762	83030135	83030328	62756	1,1,1	68,44,61	7,17,9	87,68,67	212	99	6.69999959735e-07	0.000363975677051	0.007,0.011,0.008	0.036,0.105,0.059	-0.058
70437	"SMC4"	"SMC4"	chr3	+	160400599	160400965	160399637	160399749	160402675	160402867	70437	25,20,10	0,0,0	25,19,32	1,6,2	465	99	6.98012483147e-07	0.000375159432697	1.0,1.0,1.0	0.842,0.403,0.773	0.327
15156	"LZTFL1"	"LZTFL1"	chr3	-	45837926	45838047	45835589	45835784	45841988	45842116	15156	17,9,8	2,6,1	9,3,13	0,0,0	220	99	7.09578672264e-07	0.000377361407159	0.793,0.403,0.783	1.0,1.0,1.0	-0.34
12094	"VEGFA"	"VEGFA"	chr6	+	43780731	43780803	43778888	43778918	43784540	43784562	12094	24,41,20	63,64,44	7,16,10	74,65,72	171	99	7.25786686306e-07	0.00037875662379	0.181,0.271,0.208	0.052,0.125,0.074	0.136
19871	"RABGAP1"	"RABGAP1"	chr9	+	122945331	122945432	122941089	122941093	122957010	122957209	19871	0,0,0	4,8,3	6,4,2	3,2,8	200	99	7.27195924699e-07	0.00037875662379	0.0,0.0,0.0	0.497,0.497,0.11	-0.368
11989	"STK25"	"STK25"	chr2	-	241498234	241498349	241497615	241497687	241498638	241498784	11989	583,426,292	2,4,2	522,376,481	14,8,19	214	99	7.41631137835e-07	0.000382333554548	0.993,0.98,0.985	0.945,0.956,0.921	0.045
25316	"GAS5"	"GAS5"	chr1	-	173864674	173864704	173863900	173864304	173865509	173865547	25316	11,5,6	0,0,0	12,9,21	2,6,4	129	99	7.54120955349e-07	0.000384572745315	1.0,1.0,1.0	0.822,0.535,0.801	0.281
48645	"B3GALNT1"	"B3GALNT1"	chr3	-	161089943	161090062	161083896	161086788	161103426	161103517	48645	0,0,1	2,1,1	5,5,2	0,0,3	218	99	7.62093222417e-07	0.000384572745315	0.0,0.0,0.312	1.0,1.0,0.232	-0.64
62348	"SUN1"	"SUN1"	chr7	+	849922	850033	849519	849603	851383	851481	62348	259,233,206	48,34,34	222,153,172	63,68,72	210	99	7.76293407445e-07	0.000384572745315	0.718,0.764,0.741	0.624,0.515,0.53	0.185
70439	"SMC4"	"SMC4"	chr3	+	160400627	160400965	160399665	160399749	160402675	160402867	70439	19,21,10	0,0,0	24,17,30	1,6,2	437	99	7.76422549031e-07	0.000384572745315	1.0,1.0,1.0	0.845,0.391,0.773	0.33
55720	"WDR89"	"WDR89"	chr14	-	63641298	63641407	63624927	63625033	63641803	63641853	55720	2,1,0	3,1,3	6,3,4	1,1,0	208	99	7.96292634941e-07	0.000386829774062	0.241,0.322,0.0	0.741,0.588,1.0	-0.589
64725	"PIKFYVE"	"PIKFYVE"	chr2	+	208273583	208273733	208271510	208271691	208285725	208285933	64725	36,30,26	0,0,0	19,14,26	1,1,9	249	99	7.89539765012e-07	0.000386829774062	1.0,1.0,1.0	0.883,0.848,0.535	0.245
54604	"TAF11"	"TAF11"	chr6	-	34879966	34880063	34877777	34878720	34880288	34880376	54604	281,160,155	1,2,0	277,215,222	11,6,12	196	99	8.10640837678e-07	0.000390049489535	0.993,0.976,1.0	0.927,0.948,0.903	0.064
70358	"CAMLG"	"CAMLG"	chr5	+	134743986	134744052	134741062	134741523	134750758	134751377	70358	42,23,30	1,0,0	31,37,28	8,6,2	165	99	8.42337693485e-07	0.000401477216512	0.962,1.0,1.0	0.699,0.787,0.894	0.194
44982	"ATP2C1"	"ATP2C1"	chr3	+	130894730	130894775	130894181	130894337	130930415	130930526	44982	20,14,8	0,0,3	15,9,9	9,7,15	144	99	9.00919292945e-07	0.000425385462787	1.0,1.0,0.647	0.534,0.469,0.292	0.451
31682	"PPARG"	"PPARG"	chr3	+	12312379	12312453	12287859	12288020	12379703	12379931	31682	15,14,37	0,0,0	27,15,26	2,7,3	173	99	9.27101461601e-07	0.000433694630028	1.0,1.0,1.0	0.885,0.551,0.832	0.244
10411	"NEDD4L"	"NEDD4L"	chr18	+	58227829	58227907	58165787	58165861	58245426	58245508	10411	9,10,14	26,10,18	1,1,3	23,25,14	177	99	9.52439272561e-07	0.00044145997182	0.162,0.359,0.303	0.024,0.022,0.107	0.224
1816	"BCL9L"	"BCL9L"	chr11	-	118909913	118910015	118908416	118908655	118925237	118925453	1816	197,162,96	22,12,8	81,65,55	18,20,24	201	99	9.77439052363e-07	0.000448928870941	0.815,0.869,0.855	0.689,0.615,0.53	0.235
32503	"RBMXL1"	"RBMXL1"	chr1	-	88988251	88988351	88979458	88984066	88992584	88992759	32503	31,18,28	2,3,0	15,18,15	6,8,20	199	99	1.14456570788e-06	0.000516320432258	0.885,0.749,1.0	0.554,0.528,0.272	0.427
40093	"DHPS"	"DHPS"	chr19	-	12677107	12677211	12676016	12676142	12677290	12677396	40093	542,411,336	7,11,8	448,298,389	32,16,22	203	99	1.14460806011e-06	0.000516320432258	0.974,0.948,0.953	0.872,0.901,0.896	0.069
19805	"FANCE"	"FANCE"	chr6	+	35457915	35457984	35457555	35457600	35458296	35458440	19805	37,16,25	6,5,3	36,24,26	0,1,0	168	99	1.16456930577e-06	0.000520675844833	0.784,0.653,0.831	1.0,0.934,1.0	-0.222
5550	"RAD51D"	"RAD51D"	chr17	-	35106127	35106249	35103453	35103544	35106385	35106481	5550	1,0,1	27,17,18	4,11,8	31,23,13	221	99	1.25162644771e-06	0.000554690099923	0.016,0.0,0.024	0.055,0.176,0.216	-0.136
49922	"RSU1"	"RSU1"	chr10	-	16816972	16817084	16782033	16782084	16817314	16817528	49922	459,358,270	52,47,46	350,279,333	104,59,92	211	99	1.35501609944e-06	0.000595288029356	0.806,0.781,0.734	0.612,0.689,0.629	0.13
47284	"ZDHHC21"	"ZDHHC21"	chr9	-	14683570	14683729	14680032	14680162	14690336	14690385	47284	7,2,9	12,4,9	2,0,0	14,12,7	258	99	1.38700949681e-06	0.000599652935835	0.183,0.161,0.277	0.052,0.0,0.0	0.19
66451	"CANT1"	"CANT1"	chr17	-	79005371	79005481	79000099	79000270	79009663	79009765	66451	3,6,10	12,1,7	0,1,0	11,6,10	209	99	1.38868994681e-06	0.000599652935835	0.106,0.74,0.404	0.0,0.073,0.0	0.392
3551	"SHOX2"	"SHOX2"	chr3	-	158105057	158105129	158102677	158102886	158105678	158106160	3551	1,3,3	1,0,1	2,0,0	3,1,4	171	99	1.43143285924e-06	0.00061287161792	0.367,1.0,0.635	0.278,0.0,0.0	0.575
1815	"BCL9L"	"BCL9L"	chr11	-	118909913	118910015	118908416	118908655	118918825	118918879	1815	266,223,134	18,13,19	110,86,87	23,19,28	201	99	1.62296297168e-06	0.000689036430716	0.879,0.894,0.776	0.702,0.69,0.605	0.184
57502	"KIAA1586"	"KIAA1586"	chr6	+	57050773	57050854	57047312	57047396	57052685	57053046	57502	22,21,13	0,0,0	40,24,19	3,2,8	180	99	1.66915910849e-06	0.000700831010982	1.0,1.0,1.0	0.88,0.868,0.566	0.229
58895	"AMN1"	"AMN1"	chr12	-	31709292	31709425	31701862	31702007	31728970	31729021	58895	41,38,26	1,0,1	33,20,15	7,2,5	232	99	1.67848763566e-06	0.000700831010982	0.946,1.0,0.917	0.668,0.81,0.561	0.275
20910	"TCEA1"	"TCEA1"	chr8	-	54002891	54002940	53999944	54000050	54010429	54010492	20910	1,2,0	9,77,64	3,2,0	0,0,1	148	99	1.71262832338e-06	0.000709224656998	0.069,0.017,0.0	1.0,1.0,0.0	-0.638
15671	"NPM2"	"NPM2"	chr8	+	22024723	22025306	22024124	22024257	22025435	22025521	15671	27,18,11	0,0,0	17,7,13	1,1,4	682	99	1.76480733527e-06	0.000719045130585	1.0,1.0,1.0	0.712,0.504,0.321	0.488
56250	"RP11-275N1.1"	"RP11-275N1.1"	chr10	-	21369966	21370115	21354670	21354764	21372894	21372950	56250	3,1,2	5,0,2	1,3,3	0,0,0	248	99	1.75620075249e-06	0.000719045130585	0.193,1.0,0.285	1.0,1.0,1.0	-0.507
22326	"CSAD"	"CSAD"	chr12	-	53171272	53171441	53170422	53170502	53171881	53171988	22326	5,4,1	4,6,1	4,1,6	0,0,1	268	99	1.95987776674e-06	0.00079213555625	0.316,0.198,0.27	1.0,1.0,0.689	-0.635
17494	"NR2C1"	"NR2C1"	chr12	-	95040475	95040597	95031348	95031488	95049067	95049233	17494	16,14,14	4,6,0	16,16,19	0,0,0	221	99	1.99624283848e-06	0.000800430005442	0.642,0.511,1.0	1.0,1.0,1.0	-0.282
39960	"SLC2A8"	"SLC2A8"	chr9	+	127402556	127402753	127399906	127400006	127403659	127403803	39960	56,27,37	0,0,1	41,41,36	4,3,6	296	99	2.0241925176e-06	0.000805246097435	1.0,1.0,0.925	0.774,0.82,0.667	0.221
16162	"PHKA2"	"PHKA2"	chrX	-	18899172	18899226	18897162	18897333	18900669	18900699	16162	34,18,18	9,1,3	11,8,17	0,0,0	153	99	2.06313222473e-06	0.000810863104526	0.71,0.921,0.795	1.0,1.0,1.0	-0.191
48423	"TRIM16L"	"TRIM16L"	chr17	+	18723769	18723831	18722117	18722332	18727524	18727758	48423	6,14,6	58,29,30	1,0,0	22,22,16	161	99	2.07041171141e-06	0.000810863104526	0.06,0.229,0.11	0.027,0.0,0.0	0.124
26708	"TMEM39B"	"TMEM39B"	chr1	+	32077163	32077318	32075602	32075822	32091674	32091744	26708	68,52,39	1,0,0	72,46,65	11,5,1	254	99	2.1599289296e-06	0.000839414841394	0.964,1.0,1.0	0.718,0.782,0.962	0.167
323	"WDR31"	"WDR31"	chr9	-	113330983	113331116	113328880	113328955	113331906	113332050	323	5,1,1	2,0,6	2,1,2	0,0,0	232	99	2.21708956782e-06	0.000842193978537	0.516,1.0,0.066	1.0,1.0,1.0	-0.473
22149	"MBTD1"	"MBTD1"	chr17	-	51259142	51259206	51225007	51225209	51260119	51260163	22149	9,7,9	1,0,0	5,5,1	1,6,2	163	99	2.21296493175e-06	0.000842193978537	0.845,1.0,1.0	0.752,0.336,0.233	0.508
54330	"OSBPL6"	"OSBPL6"	chr2	+	178344285	178344360	178339671	178339764	178349223	178349389	54330	8,6,4	33,24,12	1,0,1	38,25,23	174	99	2.18814820885e-06	0.000842193978537	0.121,0.125,0.159	0.015,0.0,0.024	0.122
19244	"RNF144B"	"RNF144B"	chr6	+	18457154	18457359	18439683	18439744	18459606	18459751	19244	159,152,118	11,5,5	73,78,98	1,0,0	304	99	2.24808765625e-06	0.0008475961535	0.825,0.908,0.885	0.96,1.0,1.0	-0.114
58171	"NUPL2"	"NUPL2"	chr7	+	23197172	23197247	23196679	23196766	23199457	23199542	58171	25,7,6	60,32,30	3,4,6	58,78,58	174	99	2.3262881399e-06	0.000870583180771	0.192,0.111,0.102	0.029,0.028,0.056	0.097
56491	"RP11-345J4.5"	"RP11-345J4.5"	chr16	-	29450111	29450276	29446801	29447026	29452108	29454113	56491	6,0,3	1,5,1	4,8,13	1,0,0	264	99	2.51584233446e-06	0.000934598429571	0.692,0.0,0.529	0.6,1.0,1.0	-0.46
10264	"RP11-421L21.3"	"RP11-421L21.3"	chr1	+	101083460	101083574	101025918	101026061	101086851	101087171	10264	3,4,4	1,0,0	4,2,0	1,3,3	213	99	2.53554436558e-06	0.000935042134583	0.582,1.0,1.0	0.65,0.237,0.0	0.565
18679	"KCTD20"	"KCTD20"	chr6	+	36479120	36479223	36474788	36475062	36479590	36479711	18679	115,55,55	2,0,0	68,63,65	3,5,9	202	99	2.72464308415e-06	0.000997495781865	0.966,1.0,1.0	0.917,0.861,0.78	0.136
10096	"OVGP1"	"OVGP1"	chr1	-	111421275	111421461	111419609	111419726	111421564	111421673	10096	13,21,17	4,4,7	7,10,17	1,0,0	285	99	2.75721005072e-06	0.00100215659124	0.53,0.646,0.458	0.709,1.0,1.0	-0.358
40838	"HNRNPH1"	"HNRNPH1"	chr5	-	179617059	179617110	179616868	179616958	179617513	179617581	40838	575,482,15	2,1,3	15,10,0	4,2,3	150	99	2.92784795941e-06	0.00105657667575	0.995,0.997,0.767	0.712,0.767,0.0	0.427
4997	"RHBDD1"	"RHBDD1"	chr2	+	226838072	226838154	226837547	226837770	226839408	226839627	4997	5,3,4	5,0,3	2,2,4	0,0,0	181	99	3.05055507588e-06	0.00106289754168	0.354,1.0,0.422	1.0,1.0,1.0	-0.408
8324	"DEGS2"	"DEGS2"	chr14	-	100148967	100149710	100143956	100146907	100159505	100160163	8324	227,144,132	6,10,1	61,29,50	0,0,0	842	99	3.04170115595e-06	0.00106289754168	0.816,0.629,0.939	1.0,1.0,1.0	-0.205
8933	"DLGAP5"	"DLGAP5"	chr14	-	55148593	55148684	55148111	55148473	55150798	55150848	8933	34,26,13	124,54,58	14,14,23	152,134,171	190	99	3.02420413845e-06	0.00106289754168	0.125,0.201,0.105	0.046,0.052,0.065	0.089
51789	"CARKD"	"CARKD"	chr13	+	110624233	110624279	110615590	110615647	110634544	110634595	51789	0,0,1	4,4,5	3,6,5	7,2,4	145	99	3.04762433723e-06	0.00106289754168	0.0,0.0,0.12	0.226,0.672,0.46	-0.413
68927	"POP4"	"POP4"	chr19	+	29610408	29610632	29608656	29608709	29611861	29611939	68927	895,646,598	22,11,8	795,593,742	46,34,21	323	99	3.01491610044e-06	0.00106289754168	0.926,0.947,0.958	0.841,0.842,0.915	0.078
8223	"GABPB1"	"GABPB1"	chr15	-	50346371	50346395	50309690	50309798	50354984	50355202	8223	13,18,4	34,22,10	3,5,1	33,38,27	123	99	3.19614002819e-06	0.00106937342056	0.235,0.397,0.244	0.068,0.096,0.029	0.228
13419	"PCBP4"	"PCBP4"	chr3	-	51961940	51962088	51961159	51961304	51962809	51962892	13419	29,22,17	4,3,3	12,5,11	0,0,0	247	99	3.19592490272e-06	0.00106937342056	0.744,0.746,0.694	1.0,1.0,1.0	-0.272
14598	"PACRGL"	"PACRGL"	chr4	+	20701757	20701884	20700458	20700747	20704465	20704524	14598	13,4,4	0,0,0	2,5,3	7,0,2	226	99	3.18451228609e-06	0.00106937342056	1.0,1.0,1.0	0.111,1.0,0.397	0.497
30026	"PVT1"	"PVT1"	chr8	+	128082752	128082848	128070159	128070361	128096517	128096656	30026	4,1,4	0,0,6	0,0,0	4,1,7	195	99	3.10258259151e-06	0.00106937342056	1.0,1.0,0.253	0.0,0.0,0.0	0.751
40685	"THAP9-AS1"	"THAP9-AS1"	chr4	-	82897988	82898062	82895690	82895774	82900076	82900223	40685	108,109,63	15,16,17	151,85,117	1,4,10	173	99	3.11796191854e-06	0.00106937342056	0.805,0.796,0.68	0.989,0.924,0.87	-0.167
66126	"NBAS"	"NBAS"	chr2	-	15488893	15489022	15478225	15478289	15504144	15504213	66126	30,34,27	0,1,0	48,33,33	6,5,3	228	99	3.1831579369e-06	0.00106937342056	1.0,0.937,1.0	0.776,0.741,0.827	0.198
6191	"PEX16"	"PEX16"	chr11	-	45915702	45915836	45914603	45914684	45917457	45917493	6191	31,23,23	5,1,3	45,26,28	0,0,0	233	99	3.24226165016e-06	0.00107766804664	0.725,0.907,0.765	1.0,1.0,1.0	-0.201
33673	"ZNF134"	"ZNF134"	chr19	+	57619411	57619508	57614250	57614503	57620159	57620318	33673	12,3,5	0,0,0	14,7,14	0,5,5	196	99	3.36573200421e-06	0.00110665536836	1.0,1.0,1.0	1.0,0.414,0.586	0.333
35076	"SDHAF2"	"SDHAF2"	chr11	+	61438003	61438113	61430041	61430182	61445940	61446342	35076	149,96,82	19,22,20	178,123,110	13,1,8	209	99	3.37328147593e-06	0.00110665536836	0.788,0.674,0.66	0.866,0.983,0.867	-0.198
2144	"RHOA"	"RHOA"	chr3	-	49362495	49362626	49359144	49360382	49375433	49375591	2144	1965,1368,1314	22,35,3	1768,1497,1793	4,11,5	230	99	3.49860840265e-06	0.00113305572897	0.975,0.944,0.995	0.995,0.983,0.994	-0.019
67560	"GALNT11"	"GALNT11"	chr7	+	152100824	152100921	152094189	152094522	152103111	152103174	67560	39,44,24	4,6,1	43,40,32	0,0,0	196	99	3.49019850709e-06	0.00113305572897	0.831,0.787,0.924	1.0,1.0,1.0	-0.153
5309	"BBIP1"	"BBIP1"	chr10	-	110907679	110907836	110901537	110901612	110918120	110918213	5309	0,0,2	46,41,36	10,5,3	24,34,20	256	99	3.54265515379e-06	0.00113783829978	0.0,0.0,0.021	0.139,0.054,0.055	-0.076
32177	"NPRL3"	"NPRL3"	chr16	-	130521	130591	119125	119255	138149	138334	32177	53,33,22	2,1,0	39,29,42	6,8,8	169	99	3.55841913158e-06	0.00113783829978	0.939,0.951,1.0	0.792,0.68,0.755	0.221
26764	"RUNX2"	"RUNX2"	chr6	+	45491940	45492114	45437946	45438051	45512245	45512407	26764	25,15,9	5,0,4	24,15,19	0,0,0	273	99	3.62870809478e-06	0.0011530162916	0.645,1.0,0.449	1.0,1.0,1.0	-0.302
33681	"HEG1"	"HEG1"	chr3	-	125014712	125015012	125013471	125013990	125019261	125019496	33681	12,13,6	8,2,0	8,4,8	0,0,0	399	99	3.69003976453e-06	0.00116517618115	0.271,0.617,1.0	1.0,1.0,1.0	-0.371
73674	"TMPO"	"TMPO"	chr12	+	98544950	98545061	98537474	98537572	98546358	98546447	73674	185,122,98	2,0,5	220,155,177	25,13,7	210	99	3.73283632715e-06	0.00117136867652	0.978,1.0,0.902	0.806,0.849,0.923	0.101
72384	"LINC01128"	"LINC01128"	chr1	+	849483	849602	847653	847806	851926	851987	72384	10,4,6	2,1,0	5,2,3	6,8,8	218	99	3.76175988903e-06	0.0011731582291	0.694,0.645,1.0	0.275,0.102,0.146	0.605
1991	"SUMO1"	"SUMO1"	chr2	-	202231542	202231732	202220031	202220106	202233577	202233670	1991	4,3,3	0,1,0	2,2,0	0,3,2	289	99	3.83871553922e-06	0.00117539143317	1.0,0.507,1.0	1.0,0.186,0.0	0.44
19633	"ABHD5"	"ABHD5"	chr3	+	43717765	43717857	43714946	43715058	43718442	43718606	19633	35,26,21	4,3,5	36,23,37	0,1,0	191	99	3.82677702582e-06	0.00117539143317	0.819,0.818,0.685	1.0,0.923,1.0	-0.2
58713	"PPCDC"	"PPCDC"	chr15	+	75043440	75043536	75023589	75023626	75048552	75048721	58713	9,12,6	0,0,0	9,12,5	0,6,3	195	99	3.82280576328e-06	0.00117539143317	1.0,1.0,1.0	1.0,0.504,0.458	0.346
4201	"TACC1"	"TACC1"	chr8	+	38823989	38824025	38819920	38820635	38825307	38825368	4201	5,10,2	28,15,14	0,0,0	8,8,9	135	99	3.90641170311e-06	0.00118891404858	0.116,0.328,0.095	0.0,0.0,0.0	0.18
53902	"TXNRD1"	"TXNRD1"	chr12	+	104309758	104309950	104288930	104289040	104311289	104311412	53902	14,8,10	450,360,295	27,15,20	274,236,222	291	99	3.94611289944e-06	0.00119380548446	0.01,0.008,0.011	0.032,0.021,0.03	-0.018
38887	"TNFSF10"	"TNFSF10"	chr3	-	172511616	172511659	172509145	172509321	172514860	172514998	38887	101,80,39	7,0,3	60,42,55	17,8,9	142	99	4.23209679912e-06	0.00127270234813	0.91,1.0,0.901	0.711,0.785,0.81	0.168
47995	"SMUG1"	"SMUG1"	chr12	-	54188514	54188596	54187818	54187905	54188950	54188972	47995	4,4,2	0,2,0	1,0,2	3,4,1	181	99	4.32868993117e-06	0.00129404776747	1.0,0.522,1.0	0.154,0.0,0.522	0.615
73013	"RCC1"	"RCC1"	chr1	+	28530522	28530615	28529857	28529939	28531802	28531990	73013	40,18,17	210,128,135	14,8,21	263,181,275	192	99	4.44801502131e-06	0.00132189773474	0.089,0.068,0.061	0.027,0.022,0.038	0.044
15157	"LZTFL1"	"LZTFL1"	chr3	-	45837926	45838051	45834237	45835784	45841988	45842136	15157	27,15,14	2,6,1	21,11,20	0,0,0	224	99	4.53543691092e-06	0.00133999616148	0.856,0.525,0.861	1.0,1.0,1.0	-0.253
22325	"CSAD"	"CSAD"	chr12	-	53171176	53171441	53170422	53170502	53171881	53171988	22325	7,4,0	4,6,1	4,1,6	0,0,1	364	99	4.65423064155e-06	0.00136709907251	0.322,0.153,0.0	1.0,1.0,0.62	-0.715
15183	"ENOPH1"	"ENOPH1"	chr4	+	82451042	82451245	82447919	82448021	82454721	82454854	15183	540,353,324	45,23,27	557,435,507	87,74,68	302	99	4.71474861719e-06	0.00137687011351	0.797,0.834,0.797	0.677,0.658,0.71	0.128
56242	"TJAP1"	"TJAP1"	chr6	+	43478136	43478232	43477568	43477628	43497880	43497977	56242	46,45,34	6,4,4	39,31,36	0,1,0	195	99	5.05837139064e-06	0.00146873011148	0.796,0.851,0.812	1.0,0.94,1.0	-0.16
22882	"SP100"	"SP100"	chr2	+	230450171	230450255	230449374	230449710	230461261	230461328	22882	62,48,41	1,0,0	83,62,72	2,6,10	183	99	5.09167439988e-06	0.0014699518516	0.971,1.0,1.0	0.957,0.848,0.796	0.123
18550	"WDR90"	"WDR90"	chr16	+	651826	652039	651643	651747	652466	652535	18550	13,9,6	1,0,0	9,9,9	2,5,2	312	99	5.18868922283e-06	0.00148685352343	0.805,1.0,1.0	0.588,0.364,0.588	0.422
45589	"MMS22L"	"MMS22L"	chr6	-	97233860	97233980	97230268	97231652	97246627	97246690	45589	36,30,20	0,0,1	43,40,22	3,5,6	219	99	5.20907869139e-06	0.00148685352343	1.0,1.0,0.9	0.866,0.783,0.624	0.209
17735	"SNX14"	"SNX14"	chr6	-	85538837	85538864	85536791	85536924	85541984	85542043	17735	89,57,56	178,120,92	31,42,34	167,118,149	126	99	5.26008165447e-06	0.00149297665925	0.282,0.272,0.324	0.127,0.219,0.152	0.127
54293	"GIGYF2"	"GIGYF2"	chr2	+	232722553	232722658	232703423	232703489	232731121	232731258	54293	3,0,1	0,2,3	8,3,2	0,0,0	204	99	5.30328294224e-06	0.00149682938999	1.0,0.0,0.139	1.0,1.0,1.0	-0.62
54995	"ARMC1"	"ARMC1"	chr8	-	65605421	65605538	65605262	65605337	65613243	65613433	54995	51,50,43	6,2,3	55,65,51	0,0,0	216	99	5.3537114334e-06	0.00150266782799	0.796,0.92,0.868	1.0,1.0,1.0	-0.139
13595	"ZC3H18"	"ZC3H18"	chr16	+	88611267	88611536	88608516	88609051	88622196	88622388	13595	300,254,209	6,7,3	432,270,447	0,0,1	368	99	5.57734894668e-06	0.00155678908002	0.931,0.907,0.949	1.0,1.0,0.992	-0.068
70436	"SMC4"	"SMC4"	chr3	+	160400599	160400965	160399637	160399749	160401914	160402093	70436	54,43,36	0,0,0	69,60,98	2,4,5	465	99	5.8594528265e-06	0.00162654547088	1.0,1.0,1.0	0.88,0.762,0.807	0.184
64955	"IFNAR2"	"IFNAR2"	chr21	+	33243672	33243714	33241839	33241977	33244950	33245074	64955	113,70,72	3,0,0	94,101,79	4,8,10	141	99	6.15832317041e-06	0.00170016832358	0.964,1.0,1.0	0.943,0.899,0.847	0.092
12868	"IL18"	"IL18"	chr11	-	112153591	112153603	112150071	112150206	112154974	112155061	12868	84,95,70	15,17,9	111,83,57	1,5,4	111	99	6.21427315839e-06	0.00170629080711	0.833,0.833,0.874	0.99,0.937,0.927	-0.105
24413	"PCED1A"	"PCED1A"	chr20	-	2836038	2836110	2835313	2835709	2838231	2838478	24413	38,28,15	7,0,5	28,15,15	0,0,0	171	99	6.3137038695e-06	0.00171573823794	0.759,1.0,0.635	1.0,1.0,1.0	-0.202
30510	"PALB2"	"PALB2"	chr16	-	23638458	23638592	23638069	23638129	23641109	23641301	30510	0,0,0	18,9,8	1,6,6	13,10,10	233	99	6.31660093142e-06	0.00171573823794	0.0,0.0,0.0	0.032,0.203,0.203	-0.146
17112	"CCDC43"	"CCDC43"	chr17	-	44680584	44680643	44677457	44679043	44682002	44682138	17112	67,54,32	3,0,1	90,49,60	6,11,14	158	99	6.41679055324e-06	0.00173363150979	0.933,1.0,0.952	0.904,0.736,0.729	0.172
3275	"FYN"	"FYN"	chr6	-	111700103	111700268	111699514	111699670	111702884	111703034	3275	124,74,57	19,17,8	32,39,46	23,17,23	264	99	6.45947657107e-06	0.00173588125172	0.71,0.62,0.728	0.343,0.462,0.429	0.275
13610	"RPRD1B"	"RPRD1B"	chr20	+	38040434	38040564	38033545	38034098	38057531	38057644	13610	7,13,9	3,2,3	16,10,20	0,0,1	229	99	6.72174504768e-06	0.00179680425026	0.502,0.738,0.565	1.0,1.0,0.896	-0.364
30812	"LCMT1"	"LCMT1"	chr16	+	25125963	25126126	25111730	25111996	25128474	25128566	30812	9,4,5	40,17,7	15,19,16	13,7,2	262	99	6.7813720056e-06	0.00180320250772	0.078,0.082,0.213	0.304,0.506,0.751	-0.396
46222	"ASCC1"	"ASCC1"	chr10	-	72215781	72216109	72213186	72213331	72216206	72216275	46222	205,154,119	127,90,72	98,68,76	94,79,101	427	99	6.87202459071e-06	0.00181220630783	0.272,0.284,0.277	0.195,0.166,0.149	0.108
50104	"FOSL1"	"FOSL1"	chr11	-	65894013	65894116	65892644	65893296	65896808	65897006	50104	195,160,85	19,10,5	56,43,59	14,11,15	202	99	6.88697223195e-06	0.00181220630783	0.834,0.887,0.893	0.662,0.657,0.658	0.212
70438	"SMC4"	"SMC4"	chr3	+	160400627	160400965	160399665	160399749	160401914	160402093	70438	48,44,36	0,0,0	68,58,96	2,4,5	437	99	6.9702275457e-06	0.00182461054955	1.0,1.0,1.0	0.885,0.767,0.813	0.178
33654	"EIF4A2"	"EIF4A2"	chr3	+	186788309	186788420	186787802	186787882	186789124	186789291	33654	435,317,269	621,493,438	718,579,639	639,567,715	210	99	7.13020445076e-06	0.00185686695496	0.248,0.233,0.225	0.346,0.325,0.296	-0.087
48016	"SUPT16H"	"SUPT16H"	chr14	-	21372468	21372717	21371873	21372044	21373337	21373430	48016	8,4,6	80,58,59	23,11,16	51,59,46	348	99	7.2489872176e-06	0.00187272299046	0.028,0.019,0.028	0.114,0.05,0.09	-0.06
49109	"MACC1"	"MACC1"	chr7	-	20170713	20170778	20161747	20161870	20198524	20198670	49109	10,15,12	3,3,3	1,5,1	0,0,0	164	99	7.2652251718e-06	0.00187272299046	0.668,0.751,0.707	1.0,1.0,1.0	-0.291
18549	"WDR90"	"WDR90"	chr16	+	651823	652039	651643	651747	652466	652535	18549	12,9,6	1,0,0	7,11,11	2,5,2	315	99	7.34037473304e-06	0.00188248940235	0.79,1.0,1.0	0.524,0.409,0.634	0.408
57461	"RUFY1"	"RUFY1"	chr5	+	179608284	179608465	179607581	179607659	179609375	179609970	57461	5,2,2	54,64,29	10,10,22	63,50,45	280	99	7.41669246718e-06	0.0018924552365	0.032,0.011,0.024	0.053,0.066,0.147	-0.066
36903	"ARHGAP10"	"ARHGAP10"	chr4	+	148063147	148063300	148046891	148047051	148064415	148064507	36903	38,14,14	0,0,1	63,21,38	7,4,5	252	99	7.63323574937e-06	0.00193792128909	1.0,1.0,0.846	0.78,0.673,0.749	0.215
72946	"SLC23A2"	"SLC23A2"	chr20	-	4970792	4970915	4932454	4932716	5001405	5001499	72946	74,53,41	2,4,6	50,43,49	0,0,0	222	99	7.68431484188e-06	0.00194113477221	0.943,0.855,0.753	1.0,1.0,1.0	-0.15
59033	"YY1AP1"	"YY1AP1"	chr1	-	155679927	155680008	155679408	155679512	155688070	155688201	59033	4,3,1	1,0,0	4,0,4	3,2,3	180	99	7.78294152237e-06	0.00195626752036	0.688,1.0,1.0	0.423,0.0,0.423	0.614
2097	"C6orf203"	"C6orf203"	chr6	+	107030024	107030107	107028568	107028797	107039748	107040230	2097	7,1,7	0,0,0	10,11,4	3,2,2	182	99	8.03622336032e-06	0.00200036347237	1.0,1.0,1.0	0.645,0.749,0.521	0.362
8387	"SLC37A3"	"SLC37A3"	chr7	-	140345215	140345263	140337283	140337349	140345868	140345907	8387	9,4,5	1,2,4	10,9,3	0,0,0	147	99	8.10105858606e-06	0.00200036347237	0.858,0.574,0.457	1.0,1.0,1.0	-0.37
52042	"PLOD2"	"PLOD2"	chr3	-	146077861	146077924	146076781	146076895	146079115	146079257	52042	169,84,104	77,60,60	69,72,89	91,80,94	162	99	8.08007463582e-06	0.00200036347237	0.573,0.461,0.514	0.317,0.355,0.367	0.17
56977	"COG7"	"COG7"	chr16	-	23391961	23392234	23388775	23389086	23392379	23392523	56977	4,2,1	40,30,12	8,6,15	27,15,18	372	99	8.11675135259e-06	0.00200036347237	0.026,0.017,0.022	0.073,0.096,0.182	-0.095
58883	"OBSCN"	"OBSCN"	chr1	+	228292522	228292786	228291897	228292161	228293352	228293616	58883	9,12,5	1,1,0	3,2,2	1,2,3	363	99	8.28281055942e-06	0.00203137939361	0.711,0.766,1.0	0.45,0.214,0.154	0.553
51485	"PER1"	"PER1"	chr17	-	8145957	8146137	8144054	8144993	8146371	8146488	51485	57,31,32	8,1,2	14,7,13	0,0,0	279	99	8.35629761076e-06	0.00203950177725	0.717,0.917,0.85	1.0,1.0,1.0	-0.172
44552	"IFI44"	"IFI44"	chr1	+	78650540	78650652	78649831	78649905	78654242	78654279	44552	4,9,7	2,4,4	5,7,2	0,1,0	211	99	8.44649674825e-06	0.00205160533036	0.484,0.514,0.451	1.0,0.767,1.0	-0.439
46773	"RUNX3"	"RUNX3"	chr1	-	24907258	24907417	24899510	24902666	24919239	24919344	46773	662,512,283	0,7,0	240,139,193	10,3,5	258	99	8.51539022062e-06	0.00205844279773	1.0,0.966,1.0	0.902,0.947,0.937	0.06
47214	"TPRA1"	"TPRA1"	chr3	-	127590409	127590592	127580021	127580163	127590882	127591088	47214	3,3,0	9,10,5	6,5,11	1,2,5	282	99	8.58685054883e-06	0.00206583268299	0.105,0.095,0.0	0.678,0.467,0.436	-0.46
4286	"TIGD7"	"TIGD7"	chr16	-	3304763	3304944	3301678	3302009	3305211	3305430	4286	1,1,3	5,0,3	3,2,3	1,0,0	280	99	8.85516730276e-06	0.00212028797379	0.066,1.0,0.261	0.515,1.0,1.0	-0.396
59950	"HEMK1"	"HEMK1"	chr3	+	50577825	50577875	50577508	50577573	50579843	50579939	59950	14,6,8	1,0,0	8,2,2	7,0,5	149	99	9.11488329525e-06	0.00217217987662	0.903,1.0,1.0	0.432,1.0,0.21	0.42
35744	"LMO7"	"LMO7"	chr13	+	75713181	75713252	75636322	75636726	75727028	75727098	35744	11,6,7	2,3,2	6,6,8	0,0,0	170	99	9.2634549943e-06	0.00219722194001	0.762,0.538,0.671	1.0,1.0,1.0	-0.343
29650	"FUBP1"	"FUBP1"	chr1	-	77969021	77969084	77968164	77968203	77969924	77970015	29650	21,16,13	268,194,176	7,9,15	461,333,377	162	99	9.39084464735e-06	0.0022170292209	0.046,0.048,0.043	0.009,0.016,0.024	0.029
9693	"ARFGAP2"	"ARFGAP2"	chr11	-	47175181	47175313	47172280	47172333	47175850	47175923	9693	218,174,159	0,2,0	171,138,180	8,5,5	231	99	9.47522194161e-06	0.00222654494388	1.0,0.974,1.0	0.902,0.922,0.939	0.07
73552	"TLDC1"	"TLDC1"	chr16	-	84503957	84504147	84502720	84502862	84504600	84504647	73552	8,7,5	20,16,9	2,0,0	19,6,12	289	99	9.81259652433e-06	0.00229514815557	0.121,0.13,0.16	0.035,0.0,0.0	0.125
39109	"RNASEH1-AS1"	"RNASEH1-AS1"	chr2	+	3559447	3559729	3558491	3558998	3561316	3561745	39109	224,106,115	31,29,20	271,209,253	14,15,20	381	99	9.95237649304e-06	0.00230769919207	0.652,0.487,0.599	0.834,0.784,0.767	-0.216
49285	"CTNND1"	"CTNND1"	chr11	+	57814310	57814373	57811398	57811486	57815393	57815500	49285	754,564,477	4,3,6	580,425,556	13,14,14	162	99	9.95761101841e-06	0.00230769919207	0.991,0.991,0.98	0.965,0.949,0.96	0.029
46630	"DCBLD1"	"DCBLD1"	chr6	+	117484949	117485040	117482639	117482893	117503766	117503899	46630	8,1,12	11,5,6	1,0,1	10,4,9	190	99	1.0054112935e-05	0.00231942417216	0.275,0.094,0.51	0.05,0.0,0.055	0.258
11562	"ZBTB7C"	"ZBTB7C"	chr18	-	48408357	48408655	48338173	48338398	48409225	48409292	11562	1,6,5	1,2,0	0,0,0	3,1,4	397	99	1.03036424978e-05	0.00236618466488	0.2,0.428,1.0	0.0,0.0,0.0	0.543
42489	"MARK3"	"MARK3"	chr14	+	103498501	103498528	103491538	103492034	103500155	103500200	42489	1,1,5	3,1,2	0,0,0	7,4,4	126	99	1.03873213295e-05	0.002373482861	0.208,0.44,0.663	0.0,0.0,0.0	0.437
51238	"GOLGA2"	"GOLGA2"	chr9	-	128272784	128272865	128268419	128268524	128273849	128273972	51238	48,52,29	48,41,43	12,14,19	50,31,50	180	99	1.04293811635e-05	0.002373482861	0.355,0.411,0.271	0.117,0.199,0.173	0.183
19631	"ABHD5"	"ABHD5"	chr3	+	43717670	43717857	43714946	43715058	43718442	43719049	19631	85,65,55	4,3,5	86,81,89	0,1,0	286	99	1.05274139159e-05	0.00237440181187	0.88,0.882,0.792	1.0,0.966,1.0	-0.137
51166	"ZFAND1"	"ZFAND1"	chr8	-	81717248	81717288	81714986	81715114	81718181	81718224	51166	23,23,15	40,17,22	8,11,8	38,34,62	139	99	1.04911350181e-05	0.00237440181187	0.291,0.491,0.327	0.13,0.187,0.084	0.236
30060	"THADA"	"THADA"	chr2	-	43592843	43592890	43592316	43592416	43595646	43595974	30060	1,3,3	1,0,0	3,2,2	2,2,7	146	99	1.08723197307e-05	0.00244129483304	0.404,1.0,1.0	0.504,0.404,0.162	0.445
28201	"SLC6A11"	"SLC6A11"	chr3	+	10912089	10912193	10874960	10875095	10918328	10918453	28201	39,22,33	0,0,0	52,43,53	6,4,2	203	99	1.10665478844e-05	0.00246899658675	1.0,1.0,1.0	0.809,0.84,0.928	0.141
30719	"RPP14"	"RPP14"	chr3	+	58310308	58310406	58306261	58306651	58310506	58310591	30719	31,10,23	10,4,2	29,21,14	1,1,0	197	99	1.1093429104e-05	0.00246899658675	0.609,0.557,0.852	0.936,0.913,1.0	-0.277
66444	"CANT1"	"CANT1"	chr17	-	79000099	79000270	78997392	78997963	79005371	79005481	66444	21,20,14	12,4,9	17,18,19	0,1,2	270	99	1.13533913241e-05	0.00251577208981	0.391,0.647,0.363	1.0,0.868,0.777	-0.415
62487	"TNC"	"TNC"	chr9	-	115062916	115063189	115059729	115060002	115063795	115064068	62487	50,25,15	0,0,0	133,109,113	12,1,5	372	99	1.14145229122e-05	0.00251827304179	1.0,1.0,1.0	0.747,0.967,0.857	0.143
26580	"IFT27"	"IFT27"	chr22	-	36762903	36763013	36758201	36758409	36763918	36764036	26580	105,78,66	9,1,2	51,48,66	8,13,13	209	99	1.1632417698e-05	0.00255518698669	0.847,0.974,0.94	0.751,0.636,0.706	0.223
11864	"MTR"	"MTR"	chr1	+	236803427	236803642	236795280	236795737	236806143	236806233	11864	58,38,39	0,0,0	58,48,54	6,3,1	314	99	1.18963626685e-05	0.00260185296423	1.0,1.0,1.0	0.753,0.835,0.945	0.156
7347	"PTGES"	"PTGES"	chr9	-	129749520	129749642	129748654	129748737	129752886	129753019	7347	35,13,27	436,281,267	1,2,5	157,90,147	221	99	1.20536283448e-05	0.00262083170202	0.035,0.02,0.043	0.003,0.01,0.015	0.023
15016	"NASP"	"NASP"	chr1	+	45616700	45616703	45616336	45616393	45617462	45617591	15016	3,7,8	0,0,0	2,0,3	1,3,2	102	99	1.20868886143e-05	0.00262083170202	1.0,1.0,1.0	0.66,0.0,0.593	0.582
43743	"RALGAPA1"	"RALGAPA1"	chr14	-	35688458	35688540	35686541	35686666	35689835	35690003	43743	5,8,8	1,0,0	3,5,8	3,4,1	181	99	1.23896694038e-05	0.0026698152657	0.732,1.0,1.0	0.354,0.406,0.814	0.386
47495	"CDC14B"	"CDC14B"	chr9	-	96509672	96509789	96500107	96503789	96515648	96515792	47495	2,0,4	4,1,1	2,3,3	1,0,0	216	99	1.24184827885e-05	0.0026698152657	0.186,0.0,0.647	0.478,1.0,1.0	-0.548
10566	"PTPN18"	"PTPN18"	chr2	+	130359232	130359309	130358863	130358975	130369132	130369201	10566	4,2,6	0,1,0	4,0,5	1,4,3	176	99	1.2531106968e-05	0.00268261265355	1.0,0.529,1.0	0.692,0.0,0.484	0.451
2662	"ANKRD10"	"ANKRD10"	chr13	-	110900529	110900694	110893196	110893263	110906032	110906124	2662	36,33,29	34,31,29	13,31,16	40,56,54	264	99	1.26111336131e-05	0.00268835313249	0.284,0.285,0.273	0.109,0.172,0.1	0.154
41797	"RP11-983P16.4"	"RP11-983P16.4"	chr12	-	53045064	53045186	53039717	53040263	53045599	53045653	41797	5,4,4	4,2,6	2,4,2	0,1,0	221	99	1.27686365171e-05	0.00271049182402	0.359,0.473,0.23	1.0,0.642,1.0	-0.527
6145	"CYB561D1"	"CYB561D1"	chr1	+	109494519	109494623	109494079	109494154	109495142	109495180	6145	1,3,6	0,0,1	1,0,5	1,1,3	203	99	1.30962546652e-05	0.00273698833357	1.0,1.0,0.745	0.328,0.0,0.448	0.656
37155	"PNPT1"	"PNPT1"	chr2	-	55687644	55687705	55686369	55686444	55693662	55693823	37155	55,36,28	1,0,0	69,45,76	3,8,6	160	99	1.31101535316e-05	0.00273698833357	0.971,1.0,1.0	0.934,0.777,0.887	0.124
57341	"CSNK1G1"	"CSNK1G1"	chr15	-	64188374	64188485	64180347	64180454	64203081	64203189	57341	0,0,0	3,1,3	2,5,1	1,5,2	210	99	1.30907181641e-05	0.00273698833357	0.0,0.0,0.0	0.485,0.32,0.191	-0.332
62241	"TINF2"	"TINF2"	chr14	-	24241889	24241921	24241729	24241776	24242140	24242635	62241	4,9,6	3,2,2	7,5,2	0,0,0	131	99	1.29967506487e-05	0.00273698833357	0.502,0.773,0.694	1.0,1.0,1.0	-0.344
13607	"PUS7L"	"PUS7L"	chr12	-	43755216	43755261	43748449	43748609	43758729	43758759	13607	0,0,1	2,1,0	1,1,1	0,0,0	144	99	1.32466156059e-05	0.00275409676396	0.0,0.0,1.0	1.0,1.0,1.0	-0.667
13648	"MOCS1"	"MOCS1"	chr6	-	39927183	39927455	39925716	39925845	39934294	39934459	13648	8,9,4	1,0,1	4,1,0	5,0,4	371	99	1.33939273963e-05	0.00277331147507	0.681,1.0,0.516	0.176,1.0,0.0	0.34
8253	"VSIG10"	"VSIG10"	chr12	-	118121500	118121618	118117666	118117882	118126480	118126670	8253	1,2,2	1,0,0	1,1,1	2,1,1	217	99	1.36156170919e-05	0.00280602775608	0.313,1.0,1.0	0.186,0.313,0.313	0.5
49806	"ZNF133"	"ZNF133"	chr20	+	18305007	18305178	18288282	18288604	18305680	18305807	49806	1,1,5	0,0,0	0,0,2	2,1,0	270	99	1.36630146866e-05	0.00280602775608	1.0,1.0,1.0	0.0,0.0,1.0	0.667
21701	"DBN1"	"DBN1"	chr5	-	177472118	177472397	177468843	177468899	177472775	177473198	21701	5,2,3	0,0,1	3,2,2	2,3,1	378	99	1.41827092321e-05	0.00290096694666	1.0,1.0,0.44	0.282,0.149,0.344	0.555
10525	"USP53"	"USP53"	chr4	+	119291164	119291261	119273631	119273708	119292337	119294638	10525	189,101,105	2,0,2	83,67,63	8,1,7	196	99	1.45081004398e-05	0.00295555746137	0.979,1.0,0.964	0.84,0.971,0.82	0.104
38150	"ATG4A"	"ATG4A"	chrX	+	108126792	108127094	108126076	108126187	108128780	108128852	38150	25,6,11	25,26,19	16,18,17	6,8,6	401	99	1.45977561687e-05	0.00296187886408	0.198,0.054,0.125	0.397,0.357,0.412	-0.263
56241	"TJAP1"	"TJAP1"	chr6	+	43478086	43478232	43477522	43477628	43497880	43497977	56241	95,84,62	6,4,4	71,76,69	0,1,0	245	99	1.50024061553e-05	0.00302447824993	0.865,0.895,0.862	1.0,0.968,1.0	-0.115
68857	"AFMID"	"AFMID"	chr17	+	78204655	78204741	78202702	78202751	78204827	78204852	68857	17,3,10	9,4,2	0,0,2	2,3,4	185	99	1.50260092778e-05	0.00302447824993	0.503,0.286,0.728	0.0,0.0,0.211	0.435
14728	"ZNF776"	"ZNF776"	chr19	+	57749156	57749331	57746821	57747091	57750784	57750845	14728	0,0,0	14,14,5	3,1,4	2,2,1	274	99	1.53755872624e-05	0.00305636367668	0.0,0.0,0.0	0.351,0.153,0.591	-0.365
20915	"TCEA1"	"TCEA1"	chr8	-	54010429	54010492	53999624	54000050	54022062	54022148	20915	8,76,63	16,10,3	8,0,0	10,11,9	162	99	1.53697726296e-05	0.00305636367668	0.234,0.823,0.928	0.328,0.0,0.0	0.552
21413	"CLK4"	"CLK4"	chr5	-	178617343	178617434	178616881	178616948	178618555	178618778	21413	22,9,10	14,10,21	32,44,36	12,7,6	190	99	1.52955840371e-05	0.00305636367668	0.45,0.319,0.199	0.581,0.766,0.758	-0.379
45752	"SEC16A"	"SEC16A"	chr9	-	136445051	136445111	136443822	136443900	136446854	136446949	45752	28,23,21	0,1,4	27,7,16	10,3,11	159	99	1.54264031027e-05	0.00305636367668	1.0,0.935,0.766	0.627,0.592,0.475	0.336
1289	"SLC28A1"	"SLC28A1"	chr15	+	84908717	84908795	84894939	84895123	84918523	84918604	1289	22,12,14	2,3,3	15,2,6	0,0,0	177	99	1.57965317106e-05	0.00311747021517	0.86,0.691,0.723	1.0,1.0,1.0	-0.242
34156	"ACKR2"	"ACKR2"	chr3	+	42839093	42839279	42809475	42809532	42851295	42851454	34156	12,17,7	2,4,3	10,6,13	0,0,1	285	99	1.59323819156e-05	0.00313204591105	0.676,0.596,0.448	1.0,1.0,0.819	-0.366
16238	"ENTPD6"	"ENTPD6"	chr20	+	25196153	25196254	25195791	25195867	25206521	25206590	16238	8,7,2	26,27,27	0,0,2	34,30,25	200	99	1.60033520311e-05	0.00313380368727	0.132,0.114,0.035	0.0,0.0,0.038	0.081
23582	"USP10"	"USP10"	chr16	+	84740308	84740369	84733137	84733503	84744632	84744780	23582	247,190,142	9,4,3	304,207,231	15,23,24	160	99	1.62423074741e-05	0.00316831605485	0.944,0.967,0.967	0.926,0.848,0.856	0.083
68924	"POP4"	"POP4"	chr19	+	29610319	29610632	29608656	29608709	29611861	29611939	68924	570,406,373	22,11,8	481,398,458	46,34,21	412	99	1.63116496246e-05	0.00316960447052	0.862,0.899,0.918	0.715,0.738,0.84	0.129
28310	"EPB41L2"	"EPB41L2"	chr6	-	130878103	130878250	130869562	130870126	130885095	130885268	28310	514,347,350	276,179,146	367,331,355	294,216,314	246	99	1.66566185278e-05	0.00322423632667	0.428,0.438,0.491	0.334,0.381,0.313	0.11
59307	"SCAMP5"	"SCAMP5"	chr15	+	75007587	75007728	74995555	74995673	75011791	75011846	59307	4,0,7	6,6,6	0,0,0	6,9,6	240	99	1.68261361728e-05	0.00324461851802	0.216,0.0,0.325	0.0,0.0,0.0	0.18
22670	"ZNF519"	"ZNF519"	chr18	-	14124349	14124476	14084876	14085076	14132274	14132428	22670	13,3,11	4,0,3	16,4,7	0,0,0	226	99	1.71832446091e-05	0.00329272400432	0.587,1.0,0.616	1.0,1.0,1.0	-0.266
53163	"SREBF1"	"SREBF1"	chr17	-	17817547	17817591	17817255	17817457	17817695	17817916	53163	9,6,4	340,229,173	6,6,25	175,110,122	143	99	1.72059525977e-05	0.00329272400432	0.018,0.018,0.016	0.023,0.036,0.124	-0.044
52683	"KIAA0141"	"KIAA0141"	chr5	+	141938855	141938904	141938520	141938760	141939553	141940120	52683	1,2,1	0,1,0	2,0,2	2,3,3	148	99	1.74318815768e-05	0.00331801465471	1.0,0.572,1.0	0.401,0.0,0.308	0.621
72947	"SLC23A2"	"SLC23A2"	chr20	-	4970792	4970919	4932454	4932716	5001405	5001499	72947	86,66,48	2,4,6	54,41,52	0,0,0	226	99	1.74694568337e-05	0.00331801465471	0.95,0.878,0.778	1.0,1.0,1.0	-0.131
45484	"CCDC28B"	"CCDC28B"	chr1	+	32204232	32204379	32203878	32204045	32204597	32204620	45484	11,11,4	0,4,3	3,9,4	0,0,0	246	99	1.7555546851e-05	0.00332187767044	1.0,0.525,0.349	1.0,1.0,1.0	-0.375
21961	"C4orf36"	"C4orf36"	chr4	-	86890047	86890138	86888120	86888275	86891455	86891593	21961	2,0,0	5,1,5	2,2,2	0,0,3	190	99	1.76866555556e-05	0.00333419855216	0.172,0.0,0.0	1.0,1.0,0.258	-0.695
58802	"C1RL"	"C1RL"	chr12	-	7099900	7100026	7099685	7099760	7101897	7102087	58802	57,29,30	1,0,0	21,16,17	2,4,2	225	99	1.78501690152e-05	0.00335251389958	0.962,1.0,1.0	0.822,0.638,0.789	0.238
59744	"RBM3"	"RBM3"	chrX	+	48575814	48576083	48575560	48575667	48576313	48576419	59744	119,89,59	261,159,146	97,67,64	319,257,279	368	99	1.80992891111e-05	0.00338671216471	0.109,0.131,0.098	0.076,0.066,0.058	0.046
13721	"RFFL"	"RFFL"	chr17	-	35021370	35021781	35017522	35017606	35026373	35026561	13721	60,42,42	8,6,7	60,45,65	2,2,0	510	99	1.85179489655e-05	0.00345226500972	0.593,0.576,0.538	0.853,0.814,1.0	-0.32
37017	"ATXN3"	"ATXN3"	chr14	-	92096673	92096838	92096092	92096137	92106528	92106562	37017	73,33,44	0,2,1	46,35,51	4,5,8	264	99	1.87401215325e-05	0.00348083977965	1.0,0.861,0.943	0.812,0.724,0.705	0.188
31783	"LUC7L"	"LUC7L"	chr16	-	228332	228402	227241	227336	229278	229374	31783	20,9,13	17,18,9	12,6,6	38,29,48	169	99	1.88880354783e-05	0.00349546274152	0.408,0.227,0.458	0.156,0.108,0.068	0.254
22845	"PTPN20"	"PTPN20"	chr10	+	46984229	46984564	46964985	46965137	46999911	46999974	22845	33,16,9	4,1,0	12,14,20	4,20,13	434	99	1.91224567558e-05	0.00352592978181	0.653,0.785,1.0	0.406,0.138,0.26	0.545
64096	"SETMAR"	"SETMAR"	chr3	+	4313666	4313761	4303331	4303526	4316211	4317265	64096	13,5,8	6,1,1	17,8,13	1,0,0	194	99	1.93087959602e-05	0.00354734178	0.525,0.718,0.803	0.897,1.0,1.0	-0.284
19736	"TTBK2"	"TTBK2"	chr15	-	42872610	42872758	42840359	42840433	42878548	42878684	19736	12,11,8	3,4,0	15,9,14	0,0,0	247	99	1.95476136087e-05	0.00357820483601	0.616,0.524,1.0	1.0,1.0,1.0	-0.287
43595	"PPM1E"	"PPM1E"	chr17	+	58965693	58965893	58955648	58955767	58969538	58969727	43595	7,14,6	0,0,0	8,7,9	1,1,4	299	99	1.98716620676e-05	0.00362439029234	1.0,1.0,1.0	0.726,0.699,0.427	0.383
72741	"SCRIB"	"SCRIB"	chr8	-	143807551	143807614	143806923	143807013	143808608	143809025	72741	17,15,1	192,0,0	1,0,1	214,1,3	162	99	2.00095343403e-05	0.00363640897101	0.051,1.0,1.0	0.003,0.0,0.169	0.626
13917	"INTS12"	"INTS12"	chr4	-	105703647	105703809	105699849	105700014	105708637	105708659	13917	18,12,17	4,6,6	12,9,18	22,20,22	261	99	2.01710293215e-05	0.0036526191519	0.631,0.431,0.518	0.171,0.146,0.237	0.342
16725	"FAM76A"	"FAM76A"	chr1	+	27749067	27749154	27744653	27744811	27755194	27755330	16725	10,8,12	1,4,4	10,7,12	1,0,0	186	99	2.02628089017e-05	0.00365613439761	0.842,0.516,0.615	0.842,1.0,1.0	-0.29
54212	"ZBTB21"	"ZBTB21"	chr21	-	42002896	42002961	41986830	41994108	42010251	42010333	54212	35,31,30	35,24,27	3,6,12	22,18,24	164	99	2.04536094615e-05	0.00367742796162	0.376,0.438,0.401	0.076,0.168,0.232	0.246
57682	"FANCL"	"FANCL"	chr2	-	58226727	58226784	58221941	58222042	58229813	58229874	57682	31,31,26	1,0,0	42,41,27	2,6,5	156	99	2.07320684062e-05	0.00371427503552	0.952,1.0,1.0	0.93,0.813,0.774	0.145
69075	"PLCB4"	"PLCB4"	chr20	+	9405312	9405348	9401489	9401590	9407916	9408058	69075	1,0,1	5,3,1	1,2,5	1,0,2	135	99	2.0989009097e-05	0.00374702020353	0.128,0.0,0.423	0.423,1.0,0.647	-0.506
16658	"PCBP2"	"PCBP2"	chr12	+	53467804	53467843	53467220	53467293	53468776	53468832	16658	1028,618,585	156,112,125	841,709,868	234,205,242	138	99	2.12890727262e-05	0.00376777275646	0.825,0.798,0.771	0.721,0.713,0.72	0.08
24559	"ST5"	"ST5"	chr11	-	8831555	8831688	8811246	8811335	8870953	8871088	24559	2,6,1	3,4,1	2,1,4	0,0,1	232	99	2.11941712646e-05	0.00376777275646	0.221,0.39,0.299	1.0,1.0,0.631	-0.574
32475	"LCLAT1"	"LCLAT1"	chr2	+	30562145	30562292	30533115	30533314	30568059	30568176	32475	59,25,33	4,3,3	26,25,17	0,0,0	246	99	2.13561234743e-05	0.00376777275646	0.856,0.77,0.816	1.0,1.0,1.0	-0.186
72044	"GATS"	"GATS"	chr7	-	100211393	100211994	100200652	100202603	100213046	100213133	72044	40,24,26	0,5,2	24,16,28	0,0,0	700	99	2.14035624303e-05	0.00376777275646	1.0,0.404,0.648	1.0,1.0,1.0	-0.316
64003	"SOX13"	"SOX13"	chr1	+	204114518	204114605	204114320	204114432	204116506	204116627	64003	50,42,26	0,1,0	94,55,56	5,4,7	186	99	2.15449796193e-05	0.00377949812613	1.0,0.957,1.0	0.909,0.88,0.81	0.119
28550	"MTHFSD"	"MTHFSD"	chr16	-	86552032	86552146	86548463	86548577	86555168	86555235	28550	24,2,9	1,0,0	18,11,11	4,3,2	213	99	2.26349309951e-05	0.00395696188143	0.918,1.0,1.0	0.677,0.63,0.719	0.297
49145	"SLC25A30"	"SLC25A30"	chr13	-	45408926	45409074	45405882	45405977	45411361	45411480	49145	27,10,22	0,1,0	20,17,19	5,8,0	247	99	2.29039315309e-05	0.00399018078898	1.0,0.8,1.0	0.616,0.46,1.0	0.241
1098	"INPP5J"	"INPP5J"	chr22	+	31124141	31124263	31122922	31123119	31124844	31124881	1098	7,10,10	22,13,13	1,0,0	6,2,3	221	99	2.31073172927e-05	0.00400832746701	0.125,0.256,0.256	0.069,0.0,0.0	0.189
66452	"CANT1"	"CANT1"	chr17	-	79008062	79008171	79005371	79005481	79009663	79009793	66452	7,0,1	2,1,7	3,1,2	0,1,0	208	99	2.31667713148e-05	0.00400832746701	0.625,0.0,0.064	1.0,0.322,1.0	-0.544
36590	"YTHDF3"	"YTHDF3"	chr8	+	63175336	63175416	63169386	63169411	63186146	63187745	36590	44,29,27	1,0,0	44,30,41	6,4,2	179	99	2.38799722531e-05	0.00411762443062	0.961,1.0,1.0	0.802,0.806,0.919	0.145
15848	"COPS7B"	"COPS7B"	chr2	+	231791732	231791808	231788554	231788732	231794262	231794351	15848	120,110,80	3,0,2	143,96,90	12,7,7	175	99	2.4217870206e-05	0.00416168448486	0.958,1.0,0.958	0.871,0.886,0.879	0.093
51673	"TMX2"	"TMX2"	chr11	+	57737835	57738026	57737607	57737668	57738353	57738430	51673	449,348,265	22,29,26	430,333,411	68,51,55	290	99	2.4336086871e-05	0.00416782298609	0.874,0.804,0.777	0.683,0.69,0.718	0.121
6482	"PABPC4"	"PABPC4"	chr1	-	39563835	39563922	39563613	39563741	39564470	39564542	6482	412,256,249	16,9,5	306,243,262	22,12,40	186	99	2.46045500025e-05	0.00417137944707	0.932,0.938,0.964	0.881,0.915,0.777	0.087
37160	"PRC1"	"PRC1"	chr15	-	90969078	90969120	90966464	90966653	90969523	90969623	37160	2,0,0	10,11,9	3,2,6	6,2,9	141	99	2.4458438913e-05	0.00417137944707	0.123,0.0,0.0	0.26,0.413,0.319	-0.29
64242	"RHOC"	"RHOC"	chr1	-	112704281	112704440	112703643	112703806	112704938	112704997	64242	5,5,1	4,2,0	1,1,4	0,0,0	258	99	2.45351279421e-05	0.00417137944707	0.324,0.49,1.0	1.0,1.0,1.0	-0.395
73307	"ZNF211"	"ZNF211"	chr19	+	57633712	57633905	57633215	57633436	57634022	57634061	73307	5,4,1	1,0,0	2,0,1	0,3,1	292	99	2.48049157606e-05	0.00419128412728	0.629,1.0,1.0	1.0,0.0,0.253	0.459
7383	"AP4M1"	"AP4M1"	chr7	+	100102674	100102781	100101865	100101968	100103408	100103519	7383	21,13,13	6,1,2	27,10,14	0,0,1	206	99	2.51378399815e-05	0.00423337983848	0.627,0.862,0.758	1.0,1.0,0.871	-0.208
2145	"RHOA"	"RHOA"	chr3	-	49368427	49368548	49359144	49360382	49375433	49375591	2145	2109,1714,1364	22,35,3	2011,1462,1836	4,11,5	220	99	2.55576364652e-05	0.0042501590993	0.977,0.957,0.995	0.996,0.984,0.994	-0.015
21008	"SLC8B1"	"SLC8B1"	chr12	-	113320330	113320498	113318963	113319071	113320580	113320686	21008	28,31,34	4,1,5	31,31,34	1,0,0	267	99	2.54412500548e-05	0.0042501590993	0.722,0.92,0.716	0.92,1.0,1.0	-0.187
54767	"WNK1"	"WNK1"	chr12	+	879572	880031	878211	878361	881691	881789	54767	106,79,71	57,84,55	165,114,162	58,52,60	558	99	2.55636293742e-05	0.0042501590993	0.248,0.143,0.186	0.335,0.28,0.324	-0.121
71526	"MYCBP2"	"MYCBP2"	chr13	-	77126317	77126542	77125335	77125468	77139195	77139336	71526	150,118,74	10,5,7	184,133,166	1,1,4	324	99	2.55739750245e-05	0.0042501590993	0.821,0.878,0.764	0.983,0.976,0.927	-0.141
37483	"IFT122"	"IFT122"	chr3	+	129458598	129458677	129440035	129440371	129463559	129463622	37483	2,1,1	1,0,0	4,0,1	2,3,11	178	99	2.568733885e-05	0.00425500240452	0.527,1.0,1.0	0.527,0.0,0.048	0.651
13023	"ABCD4"	"ABCD4"	chr14	-	74297638	74298069	74296332	74296449	74300149	74300268	13023	10,6,7	0,0,0	10,12,7	0,4,2	530	99	2.59313530263e-05	0.00428138502482	1.0,1.0,1.0	1.0,0.359,0.395	0.415
48777	"SAFB"	"SAFB"	chr19	+	5648988	5649499	5648015	5648043	5649925	5649975	48777	306,193,183	8,1,3	421,322,405	0,1,0	610	99	2.61290008334e-05	0.00429996540751	0.861,0.969,0.908	1.0,0.981,1.0	-0.081
24415	"PCED1A"	"PCED1A"	chr20	-	2836038	2836314	2835313	2835709	2838231	2838478	24415	151,106,59	7,0,5	92,62,61	0,0,0	375	99	2.63496140707e-05	0.00431779421996	0.851,1.0,0.757	1.0,1.0,1.0	-0.131
49597	"MYSM1"	"MYSM1"	chr1	-	58689037	58689116	58685152	58685251	58690339	58690394	49597	9,4,8	0,0,0	13,21,14	0,5,3	178	99	2.65791932704e-05	0.00431779421996	1.0,1.0,1.0	1.0,0.7,0.722	0.193
58729	"RELL2"	"RELL2"	chr5	+	141638954	141639021	141638794	141638860	141639463	141639629	58729	46,39,41	2,1,0	18,10,32	2,6,5	166	99	2.64470376649e-05	0.00431779421996	0.932,0.959,1.0	0.843,0.498,0.792	0.253
71944	"TEAD1"	"TEAD1"	chr11	+	12901939	12902113	12883000	12883125	12924911	12925052	71944	163,90,97	0,3,10	110,102,118	0,0,0	273	99	2.65006111619e-05	0.00431779421996	1.0,0.916,0.779	1.0,1.0,1.0	-0.102
6034	"CEP57"	"CEP57"	chr11	+	95795515	95795559	95790512	95790743	95799231	95799388	6034	2,7,2	16,4,2	1,0,0	12,7,4	143	99	2.69544050272e-05	0.00436378643752	0.08,0.548,0.409	0.055,0.0,0.0	0.327
21191	"TCEB1"	"TCEB1"	chr8	-	73959764	73959818	73955910	73956054	73972076	73972247	21191	288,236,225	4,1,2	318,291,361	16,14,6	153	99	2.70350571027e-05	0.00436378643752	0.979,0.993,0.986	0.928,0.931,0.975	0.041
69859	"ME3"	"ME3"	chr11	-	86457365	86457759	86450300	86450398	86465090	86465200	69859	1,1,1	0,0,0	3,1,2	2,0,2	493	99	2.73014115808e-05	0.00439274495505	1.0,1.0,1.0	0.231,1.0,0.167	0.534
3241	"USP39"	"USP39"	chr2	+	85645813	85645899	85644947	85645083	85647929	85648016	3241	36,25,39	328,221,212	26,14,23	390,269,369	185	99	2.79089302088e-05	0.00444799675713	0.055,0.057,0.09	0.034,0.027,0.032	0.036
31030	"MECR"	"MECR"	chr1	-	29223139	29223260	29220716	29220921	29230730	29230901	31030	1,3,1	4,5,1	2,1,2	0,1,0	220	99	2.78790278494e-05	0.00444799675713	0.101,0.213,0.31	1.0,0.31,1.0	-0.562
32055	"ZMIZ2"	"ZMIZ2"	chr7	+	44749814	44749980	44748861	44748991	44756187	44756299	32055	5,9,16	18,15,16	0,4,4	25,20,25	265	99	2.78884587407e-05	0.00444799675713	0.094,0.183,0.272	0.0,0.07,0.056	0.141
17583	"TTN-AS1"	"TTN-AS1"	chr2	+	178531313	178531578	178523166	178523636	178535731	178535828	17583	5,0,9	6,2,0	4,4,2	1,0,0	364	99	2.82375169104e-05	0.00446866457022	0.185,0.0,1.0	0.521,1.0,1.0	-0.445
28555	"MTHFSD"	"MTHFSD"	chr16	-	86554644	86554751	86548463	86548577	86555168	86555178	28555	8,6,16	1,0,0	9,13,16	4,3,2	206	99	2.8303959908e-05	0.00446866457022	0.794,1.0,1.0	0.52,0.676,0.794	0.268
64094	"SETMAR"	"SETMAR"	chr3	+	4313646	4313761	4303336	4303526	4316211	4316536	64094	17,7,9	6,1,1	17,7,20	1,0,0	214	99	2.82785698131e-05	0.00446866457022	0.567,0.764,0.806	0.887,1.0,1.0	-0.25
7618	"PRPF38B"	"PRPF38B"	chr1	+	108693589	108693642	108692326	108692867	108695701	108695770	7618	24,23,8	130,91,90	15,12,14	226,170,228	152	99	2.84534983879e-05	0.00447827926964	0.107,0.141,0.055	0.041,0.044,0.038	0.06
44555	"IFI44"	"IFI44"	chr1	+	78662703	78662878	78659311	78659483	78663764	78663897	44555	15,6,2	2,3,2	6,5,3	1,0,0	274	99	2.86820504007e-05	0.00450023152281	0.73,0.419,0.265	0.684,1.0,1.0	-0.423
12253	"NAB1"	"NAB1"	chr2	+	190655976	190656159	190653730	190653780	190659157	190659995	12253	22,19,19	2,6,0	14,11,19	0,0,0	282	99	2.90363724635e-05	0.00451461835826	0.794,0.526,1.0	1.0,1.0,1.0	-0.227
24199	"WDR77"	"WDR77"	chr1	-	111441498	111441604	111441297	111441389	111442024	111442093	24199	31,18,18	175,129,144	19,19,22	364,263,334	205	99	2.90418226997e-05	0.00451461835826	0.079,0.063,0.057	0.025,0.034,0.031	0.036
30990	"ANKRD11"	"ANKRD11"	chr16	-	89291680	89291777	89291012	89291183	89305205	89305344	30990	71,69,49	78,68,45	37,24,47	100,57,72	196	99	2.89832577512e-05	0.00451461835826	0.315,0.339,0.355	0.157,0.175,0.248	0.143
71821	"DYNLL1"	"DYNLL1"	chr12	+	120495283	120495437	120493802	120493925	120496415	120496547	71821	7,0,0	1,2,2	2,1,2	1,0,0	253	99	2.92658064208e-05	0.00453548181593	0.733,0.0,0.0	0.439,1.0,1.0	-0.569
62303	"CD47"	"CD47"	chr3	-	108051938	108051970	108043298	108047292	108057476	108057569	62303	68,47,33	13,11,11	53,73,58	37,40,37	131	99	3.02005571162e-05	0.00466603225267	0.798,0.764,0.694	0.52,0.58,0.542	0.205
8175	"TP53TG1"	"TP53TG1"	chr7	-	87345042	87345233	87341401	87341684	87345304	87345515	8175	22,11,19	5,1,1	15,16,15	0,0,0	290	99	3.03779098567e-05	0.00467912427372	0.6,0.79,0.866	1.0,1.0,1.0	-0.248
59434	"AKAP8L"	"AKAP8L"	chr19	-	15398629	15398703	15397713	15397855	15399301	15399410	59434	20,11,7	81,61,58	10,3,4	130,74,103	173	99	3.1696706578e-05	0.00486741948247	0.124,0.094,0.065	0.042,0.023,0.022	0.065
37668	"KANK1"	"KANK1"	chr9	+	730050	730248	710803	713464	731157	731266	37668	278,252,163	10,2,11	148,91,136	2,0,0	297	99	3.1950639615e-05	0.00488281424282	0.903,0.977,0.832	0.961,1.0,1.0	-0.083
46743	"MSI2"	"MSI2"	chr17	+	57676986	57677059	57674917	57675126	57679548	57680121	46743	62,48,34	1,2,0	33,13,39	7,5,2	172	99	3.1990252056e-05	0.00488281424282	0.973,0.932,1.0	0.731,0.599,0.918	0.219
36840	"PASK"	"PASK"	chr2	-	241115021	241115177	241112239	241112439	241122731	241122899	36840	10,6,8	2,1,4	8,15,10	1,0,0	255	99	3.21980792402e-05	0.00488975167145	0.66,0.7,0.437	0.756,1.0,1.0	-0.32
44602	"RBM5"	"RBM5"	chr3	+	50104247	50104308	50100531	50103166	50105076	50105142	44602	29,34,16	0,2,0	31,32,39	8,5,3	160	99	3.22292725267e-05	0.00488975167145	1.0,0.913,1.0	0.706,0.798,0.889	0.173
30674	"SMARCC2"	"SMARCC2"	chr12	-	56178021	56178093	56174530	56174764	56178403	56178534	30674	221,171,131	5,0,2	131,79,122	5,5,12	171	99	3.23629736338e-05	0.0048953357902	0.962,1.0,0.974	0.938,0.901,0.855	0.081
70601	"ZFP90"	"ZFP90"	chr16	+	68539757	68539825	68533697	68533855	68557997	68558101	70601	4,1,3	7,2,6	1,1,3	0,1,0	167	99	3.24704117441e-05	0.00489692579742	0.253,0.229,0.229	1.0,0.372,1.0	-0.554
15672	"NPM2"	"NPM2"	chr8	+	22025215	22025306	22024136	22024257	22025435	22025521	15672	14,6,6	0,0,0	5,4,8	1,1,4	190	99	3.26950978701e-05	0.00490411269018	1.0,1.0,1.0	0.723,0.676,0.51	0.364
42492	"MARK3"	"MARK3"	chr14	+	103500155	103500200	103498501	103498528	103502881	103503071	42492	1,1,9	0,2,0	1,0,1	3,3,0	144	99	3.27122041208e-05	0.00490411269018	1.0,0.256,1.0	0.186,0.0,1.0	0.357
37179	"CTD-2245F17.3"	"CTD-2245F17.3"	chr19	+	53202551	53202702	53197110	53197262	53204015	53204142	37179	1,12,3	4,0,3	15,11,1	1,0,0	250	99	3.30675800592e-05	0.00494272272116	0.09,1.0,0.284	0.856,1.0,1.0	-0.494
59309	"SCAMP5"	"SCAMP5"	chr15	+	75007660	75007728	74995572	74995673	75011791	75011846	59309	4,2,8	6,6,6	0,2,0	6,9,6	167	99	3.32490112316e-05	0.00495518154998	0.283,0.165,0.441	0.0,0.116,0.0	0.258
28821	"C11orf54"	"C11orf54"	chr11	+	93741962	93742141	93741682	93741728	93750345	93750444	28821	0,0,3	2,1,0	5,1,4	0,0,1	278	99	3.35007514781e-05	0.00497468830197	0.0,0.0,1.0	1.0,1.0,0.588	-0.529
53048	"ARHGEF10L"	"ARHGEF10L"	chr1	+	17607801	17607977	17603507	17603591	17616093	17616202	53048	51,48,34	4,0,5	46,29,32	0,0,0	275	99	3.35768320924e-05	0.00497468830197	0.821,1.0,0.71	1.0,1.0,1.0	-0.156
55204	"NACA"	"NACA"	chr12	-	56719725	56721459	56719536	56719596	56724451	56724523	55204	9,6,11	2,0,3	22,18,15	0,0,1	1833	99	3.37064356378e-05	0.00497928813244	0.196,1.0,0.165	1.0,1.0,0.448	-0.362
