"ID"	"GeneID"	"geneSymbol"	"chr"	"strand"	"X1stExonStart_0base"	"X1stExonEnd"	"X2ndExonStart_0base"	"X2ndExonEnd"	"upstreamES"	"upstreamEE"	"downstreamES"	"downstreamEE"	"ID.1"	"IJC_SAMPLE_1"	"SJC_SAMPLE_1"	"IJC_SAMPLE_2"	"SJC_SAMPLE_2"	"IncFormLen"	"SkipFormLen"	"PValue"	"FDR"	"IncLevel1"	"IncLevel2"	"IncLevelDifference"
10743	"CTD-2116N17.1"	"CTD-2116N17.1"	chr15	-	64300318	64300723	64376742	64376905	64251544	64251581	64380957	64381038	10743	185,214,122	18,16,5	140,92,139	61,25,45	262	504	3.10862446895e-15	6.32915941878e-12	0.952,0.963,0.979	0.815,0.876,0.856	0.116
10495	"HNRNPDL"	"HNRNPDL"	chr4	-	82426036	82426129	82426462	82426633	82425562	82425667	82427189	82427304	10495	1267,1324,792	36,53,28	1098,639,1144	116,76,91	270	192	7.88258347484e-15	1.3374116629e-11	0.962,0.947,0.953	0.871,0.857,0.899	0.078
10525	"DPM1"	"DPM1"	chr20	-	50942030	50942126	50945736	50945762	50936147	50936262	50945846	50945861	10525	68,72,45	19,21,11	64,41,51	84,51,54	125	195	6.16173778667e-14	8.96092723833e-11	0.848,0.842,0.865	0.543,0.556,0.596	0.287
4768	"ANKRD11"	"ANKRD11"	chr16	-	89291680	89291777	89305205	89305344	89291012	89291183	89316932	89317078	4768	392,388,212	80,83,47	993,531,862	66,42,82	238	196	5.79092329644e-13	7.36894989472e-10	0.801,0.794,0.788	0.925,0.912,0.896	-0.117
11385	"GPI"	"GPI"	chr19	+	34381465	34381519	34393247	34393308	34379517	34379562	34393727	34393771	11385	123,1,1	1281,1380,756	0,0,3	1195,687,1098	153	160	1.51911816459e-12	1.71829143506e-09	0.091,0.001,0.001	0.0,0.0,0.003	0.03
4971	"RPL13A"	"RPL13A"	chr19	+	49490231	49490297	49490474	49490576	49489849	49489912	49490778	49490864	4971	176,225,145	3863,4264,2444	338,155,306	2977,1776,2862	165	201	9.88131798607e-12	1.00591817098e-08	0.053,0.06,0.067	0.122,0.096,0.115	-0.051
2807	"ANAPC15"	"ANAPC15"	chr11	-	72111156	72111286	72111411	72111496	72110543	72110603	72111923	72112232	2807	1,0,2	292,352,187	23,20,31	603,291,555	184	229	1.26715304916e-11	1.17269254913e-08	0.004,0.0,0.013	0.045,0.079,0.065	-0.057
3633	"FNTA"	"FNTA"	chr8	+	43072180	43072307	43077215	43080441	43064100	43064215	43083117	43083180	3633	35,35,31	332,325,210	84,39,96	277,148,243	226	3325	4.24722479409e-11	3.60306236699e-08	0.608,0.613,0.685	0.817,0.795,0.853	-0.186
10527	"DPM1"	"DPM1"	chr20	-	50942030	50942126	50945736	50945762	50941128	50941209	50945846	50945923	10527	67,72,45	25,26,16	62,41,51	82,47,61	125	195	1.38972944264e-10	1.08826505585e-07	0.807,0.812,0.814	0.541,0.576,0.566	0.25
3457	"CCNB3"	"CCNB3"	chrX	+	50294862	50294993	50308504	50311496	50288779	50288887	50312536	50312632	3457	4,5,3	49,42,44	0,0,0	36,28,38	230	3091	1.50676804367e-10	1.09563562033e-07	0.523,0.615,0.478	0.0,0.0,0.0	0.539
10468	"SARNP"	"SARNP"	chr12	-	55796024	55796076	55800561	55800629	55794806	55794880	55803628	55803728	10468	6,5,2	62,86,50	35,17,23	89,32,79	167	151	6.35192121123e-10	4.31083719535e-07	0.08,0.05,0.035	0.262,0.324,0.208	-0.21
847	"UFD1L"	"UFD1L"	chr22	-	19471686	19471808	19475067	19475100	19467872	19468003	19475495	19475602	847	7,8,6	269,291,162	45,20,58	426,238,428	132	221	9.973923909e-10	6.3459090871e-07	0.042,0.044,0.058	0.15,0.123,0.185	-0.105
8291	"UPF3A"	"UPF3A"	chr13	+	114286518	114286629	114291633	114291792	114281952	114282127	114298839	114299000	8291	7,6,2	245,275,149	26,23,35	326,206,365	210	258	8.55129367316e-09	5.1207158584e-06	0.034,0.026,0.016	0.089,0.121,0.105	-0.08
11079	"ZFX"	"ZFX"	chrX	+	24175388	24175443	24177683	24177866	24172755	24172800	24179182	24179550	11079	0,0,0	5,1,1	4,2,2	4,2,6	154	282	1.34637165861e-08	7.61447971369e-06	0.0,0.0,0.0	0.647,0.647,0.379	-0.558
7227	"CCNY"	"CCNY"	chr10	+	35483403	35483478	35501500	35501535	35394815	35394878	35516522	35516623	7227	0,0,0	54,54,19	9,3,16	72,25,79	174	134	1.56226115378e-08	8.37043081341e-06	0.0,0.0,0.0	0.088,0.085,0.135	-0.103
3903	"GAS5"	"GAS5"	chr1	-	173865228	173865547	173865856	173865894	173864256	173864304	173866176	173866206	3903	718,879,561	104,111,69	1013,578,989	73,27,67	137	418	2.9570840776e-08	1.5051557955e-05	0.955,0.96,0.961	0.977,0.985,0.978	-0.021
9964	"POLR2G"	"POLR2G"	chr11	+	62762541	62762866	62762866	62763026	62761794	62761904	62765181	62765232	9964	108,99,57	903,1159,594	249,149,278	1482,807,1383	424	259	3.60246449338e-08	1.74633754965e-05	0.068,0.05,0.055	0.093,0.101,0.109	-0.043
10070	"ZZZ3"	"ZZZ3"	chr1	-	77631849	77633405	77639448	77639602	77584516	77584655	77641383	77641446	10070	58,50,27	1088,1253,833	88,73,81	990,599,1012	253	1655	4.44482384232e-08	2.05674121431e-05	0.259,0.207,0.175	0.368,0.444,0.344	-0.172
3915	"GAS5"	"GAS5"	chr1	-	173865856	173866206	173866760	173866796	173865248	173865282	173866990	173867043	3915	1069,1369,772	92,132,49	1675,984,1504	72,33,70	135	449	8.46050088876e-08	3.74469126294e-05	0.975,0.972,0.981	0.987,0.99,0.986	-0.012
9453	"HAUS4"	"HAUS4"	chr14	-	22947867	22948013	22950313	22950410	22947600	22947731	22955099	22955176	9453	5,13,4	185,178,121	18,9,28	101,78,120	196	245	9.73067180166e-08	4.00656393075e-05	0.033,0.084,0.04	0.182,0.126,0.226	-0.126
11199	"SUB1"	"SUB1"	chr5	+	32536637	32536695	32591562	32591685	32531848	32531916	32598960	32599069	11199	9,5,7	840,968,543	19,8,30	698,380,600	157	222	9.83930238396e-08	4.00656393075e-05	0.015,0.007,0.018	0.037,0.029,0.066	-0.031
5113	"KIN"	"KIN"	chr10	-	7780263	7780307	7783080	7783175	7780055	7780178	7787819	7787981	5113	37,29,32	26,21,23	43,32,29	94,64,68	194	143	1.0536660866e-07	4.12550798523e-05	0.512,0.504,0.506	0.252,0.269,0.239	0.254
304	"VPS28"	"VPS28"	chr8	-	144425874	144426063	144426179	144426208	144424945	144425772	144426908	144426983	304	85,132,73	13,10,9	214,128,184	65,58,44	128	288	1.17231895524e-07	4.26221677298e-05	0.936,0.967,0.948	0.881,0.832,0.904	0.078
6730	"HAT1"	"HAT1"	chr2	+	171925536	171925641	171946707	171946783	171922461	171922507	171965337	171965517	6730	71,108,40	0,0,0	100,50,89	14,5,3	204	175	1.13126346957e-07	4.26221677298e-05	1.0,1.0,1.0	0.86,0.896,0.962	0.094
269	"TPD52L1"	"TPD52L1"	chr6	+	125229117	125229266	125248281	125248383	125219844	125220193	125262833	125263148	269	1917,2236,1197	700,678,485	1102,643,1079	580,343,698	248	201	2.63537078604e-07	9.25106020755e-05	0.689,0.728,0.667	0.606,0.603,0.556	0.106
10497	"RP11-274B21.14"	"RP11-274B21.14"	chr7	+	128578889	128578933	128579998	128580094	128574750	128574791	128591849	128592017	10497	0,0,0	6,14,9	8,3,5	24,9,26	143	195	2.80535276009e-07	9.51949703257e-05	0.0,0.0,0.0	0.313,0.313,0.208	-0.278
10828	"PPP1R2"	"PPP1R2"	chr3	-	195524818	195524896	195529793	195529901	195519017	195519185	195542903	195543386	10828	158,121,68	5,6,0	153,123,216	27,14,24	207	177	3.03727954343e-07	9.97403411359e-05	0.964,0.945,1.0	0.829,0.883,0.885	0.104
1707	"PGAP2"	"PGAP2"	chr11	+	3817352	3817535	3823612	3823740	3808293	3808315	3823882	3824135	1707	4,4,6	0,2,0	0,2,1	3,3,2	282	227	4.5816959815e-07	0.000145755203411	1.0,0.617,1.0	0.0,0.349,0.287	0.66
4425	"POLR2J3"	"POLR2J3"	chr7	-	102541500	102541662	102566581	102566736	102540023	102540091	102566996	102567083	4425	2,3,1	0,1,0	1,1,0	0,3,7	254	261	5.34374288153e-07	0.000155426578669	1.0,0.755,1.0	1.0,0.255,0.0	0.5
4426	"POLR2J3"	"POLR2J3"	chr7	-	102544705	102544776	102566581	102566736	102541500	102541662	102566996	102567083	4426	1,3,3	0,0,0	1,2,10	10,7,0	254	170	5.17260242305e-07	0.000155426578669	1.0,1.0,1.0	0.063,0.161,1.0	0.592
7688	"HERC6"	"HERC6"	chr4	+	88417424	88417579	88423859	88423973	88413076	88413266	88428579	88428750	7688	5,4,3	0,0,0	6,5,20	5,3,3	254	213	5.31432435613e-07	0.000155426578669	1.0,1.0,1.0	0.502,0.583,0.848	0.356
1811	"CTSC"	"CTSC"	chr11	-	88328111	88328196	88334936	88335082	88320810	88326443	88337500	88337761	1811	217,276,135	47,45,30	338,171,360	130,86,126	245	184	5.80630073244e-07	0.000164189281823	0.776,0.822,0.772	0.661,0.599,0.682	0.143
3305	"YAF2"	"YAF2"	chr12	-	42199135	42199235	42210547	42210619	42161612	42161765	42237598	42237724	3305	0,0,1	2,2,4	1,4,1	1,0,2	171	199	6.50149198145e-07	0.00017887888749	0.0,0.0,0.225	0.538,1.0,0.368	-0.56
7391	"PLSCR1"	"PLSCR1"	chr3	-	146521543	146522053	146525604	146525647	146517005	146517167	146533469	146533550	7391	17,10,2	702,832,435	23,25,26	701,407,588	142	609	6.86877247413e-07	0.000179292573812	0.094,0.049,0.019	0.123,0.209,0.159	-0.11
8419	"LTBR"	"LTBR"	chr12	+	6387797	6387910	6388397	6388505	6386346	6386444	6388799	6388825	8419	3,2,4	210,201,120	24,18,27	422,226,341	212	207	6.7554374672e-07	0.000179292573812	0.014,0.01,0.032	0.053,0.072,0.072	-0.047
3257	"TUBE1"	"TUBE1"	chr6	-	112086555	112086608	112087232	112087306	112081091	112081207	112087409	112087479	3257	135,139,102	16,16,3	307,163,345	77,38,83	173	152	7.43699508754e-07	0.000189271524978	0.881,0.884,0.968	0.778,0.79,0.785	0.127
11320	"CD44"	"CD44"	chr11	+	35204511	35204640	35208104	35208206	35189834	35190065	35214851	35214914	11320	249,313,152	327,403,262	301,143,347	225,142,230	228	201	8.91969322958e-07	0.000221469456286	0.402,0.406,0.338	0.541,0.47,0.571	-0.145
3116	"UBE2J2"	"UBE2J2"	chr1	-	1264782	1264830	1266097	1266290	1263345	1263386	1267732	1267992	3116	18,29,11	1,0,0	33,17,27	5,5,6	292	147	1.0781077896e-06	0.000261312792813	0.901,1.0,1.0	0.769,0.631,0.694	0.269
654	"UBE2Q2"	"UBE2Q2"	chr15	+	75883365	75883424	75896994	75897061	75873427	75873568	75899426	75901044	654	0,0,0	14,10,4	4,1,5	10,7,11	158	166	1.22159377736e-06	0.000289205224501	0.0,0.0,0.0	0.296,0.131,0.323	-0.25
7925	"TMX2"	"TMX2"	chr11	+	57737912	57738026	57738663	57738770	57737607	57737668	57739130	57739260	7925	281,332,175	33,33,20	353,198,420	85,53,83	213	206	1.31119433089e-06	0.000303362688374	0.892,0.907,0.894	0.801,0.783,0.83	0.093
897	"ZCCHC17"	"ZCCHC17"	chr1	+	31338956	31339048	31346639	31346740	31319108	31319166	31364031	31364953	897	0,0,0	12,2,2	3,1,6	11,6,8	191	200	1.46408691615e-06	0.000331208995698	0.0,0.0,0.0	0.222,0.149,0.44	-0.27
617	"PMF1-BGLAP"	"PMF1-BGLAP"	chr1	+	156233627	156233728	156236287	156236483	156213008	156213176	156242552	156242591	617	8,9,3	216,249,153	35,11,27	253,160,292	200	295	1.51684172378e-06	0.000331472413996	0.052,0.051,0.028	0.169,0.092,0.12	-0.083
6861	"HNRNPD"	"HNRNPD"	chr4	-	82355303	82355401	82356536	82356683	82352497	82354154	82356795	82356895	6861	266,286,165	571,767,382	160,111,172	682,422,666	246	197	1.53037362061e-06	0.000331472413996	0.272,0.23,0.257	0.158,0.174,0.171	0.085
10068	"ZZZ3"	"ZZZ3"	chr1	-	77584766	77584829	77631849	77633405	77584516	77584655	77641383	77641446	10068	1088,1253,833	2,2,2	990,599,1012	9,5,14	1655	162	1.59043863524e-06	0.000337305527224	0.982,0.984,0.976	0.915,0.921,0.876	0.077
2162	"N4BP2L2"	"N4BP2L2"	chr13	-	32537005	32537027	32538617	32538684	32527457	32527532	32538777	32538885	2162	4,5,1	0,0,1	1,3,5	2,4,10	166	121	1.63026750111e-06	0.000338696391047	1.0,1.0,0.422	0.267,0.353,0.267	0.512
7233	"CCNY"	"CCNY"	chr10	+	35516522	35516623	35525963	35525999	35483403	35483478	35529972	35530030	7233	3,3,2	48,59,42	31,5,30	103,64,91	200	135	2.03634512541e-06	0.000414599867533	0.04,0.033,0.031	0.169,0.05,0.182	-0.099
7392	"PLSCR1"	"PLSCR1"	chr3	-	146521832	146521981	146525604	146525647	146521543	146521705	146533469	146533550	7392	20,19,5	371,407,244	31,25,36	389,178,286	142	248	2.15998033781e-06	0.000431149016449	0.086,0.075,0.035	0.122,0.197,0.18	-0.101
7234	"CCNY"	"CCNY"	chr10	+	35516522	35516623	35529972	35530030	35483403	35483478	35530123	35530243	7234	0,2,1	41,59,27	15,2,20	92,58,87	200	157	2.3713343934e-06	0.000464234310093	0.0,0.026,0.028	0.113,0.026,0.153	-0.079
7393	"PLSCR1"	"PLSCR1"	chr3	-	146521832	146522053	146525604	146525647	146521543	146521705	146533469	146533550	7393	20,19,5	530,621,372	31,25,36	570,281,437	142	320	2.53416374019e-06	0.000482303949932	0.078,0.065,0.029	0.109,0.167,0.157	-0.087
7802	"CADPS2"	"CADPS2"	chr7	-	122360929	122361013	122379367	122379442	122345573	122345681	122386294	122386309	7802	7,12,4	0,0,0	10,5,7	0,4,9	174	183	2.55839030416e-06	0.000482303949932	1.0,1.0,1.0	1.0,0.568,0.45	0.327
11315	"CD44"	"CD44"	chr11	+	35198120	35198246	35204511	35204640	35189834	35190065	35206111	35206243	11315	206,230,137	562,697,356	453,304,496	863,441,915	225	228	2.74701783631e-06	0.000508448028612	0.271,0.251,0.281	0.347,0.411,0.355	-0.103
6127	"RPL10A"	"RPL10A"	chr6	+	35468798	35468873	35468946	35469027	35468407	35468439	35469380	35469529	6127	12,23,14	2011,2303,1409	33,17,44	1687,952,1646	174	180	2.84397667205e-06	0.000516994330741	0.006,0.01,0.01	0.02,0.018,0.027	-0.013
9454	"HAUS4"	"HAUS4"	chr14	-	22950313	22950410	22951554	22951689	22947600	22947731	22952327	22952459	9454	98,144,63	9,13,3	91,53,97	22,10,32	234	196	3.09931162812e-06	0.000553526182005	0.901,0.903,0.946	0.776,0.816,0.717	0.147
9807	"MIR4435-2HG"	"MIR4435-2HG"	chr2	-	111233627	111233739	111248147	111248241	111207775	111208661	111344060	111344237	9807	18,21,12	1,4,1	65,46,76	50,25,35	193	211	3.21350727261e-06	0.000564025931641	0.952,0.852,0.929	0.587,0.668,0.704	0.258
5040	"MPV17"	"MPV17"	chr2	-	27312679	27312772	27312993	27313109	27312213	27312246	27322447	27322522	5040	78,102,54	13,6,3	89,43,93	33,15,22	215	192	3.55220941373e-06	0.000612906641216	0.843,0.938,0.941	0.707,0.719,0.791	0.168
268	"TPD52L1"	"TPD52L1"	chr6	+	125229117	125229266	125248281	125248383	125153764	125153970	125262833	125264407	268	667,767,414	702,679,484	401,219,385	580,343,698	248	201	3.65086661458e-06	0.00061943036894	0.435,0.478,0.409	0.359,0.341,0.309	0.104
10494	"HNRNPDL"	"HNRNPDL"	chr4	-	82425562	82425667	82426036	82426129	82424628	82424883	82426462	82426633	10494	1096,1166,653	15,17,8	872,485,974	30,24,26	192	204	5.5936319463e-06	0.000933494642842	0.987,0.986,0.989	0.969,0.955,0.975	0.021
3224	"NFASC"	"NFASC"	chr1	+	205001169	205001286	205002595	205002748	204988632	204988806	205009556	205009688	3224	12,5,3	17,16,18	1,0,0	13,5,5	216	252	5.8114158028e-06	0.000946507759703	0.452,0.267,0.163	0.082,0.0,0.0	0.267
11434	"CALU"	"CALU"	chr7	+	128754261	128754455	128754528	128754722	128748572	128748804	128758870	128759037	11434	601,755,346	339,407,231	1174,691,1185	465,256,420	293	293	5.85756275651e-06	0.000946507759703	0.639,0.65,0.6	0.716,0.73,0.738	-0.098
5641	"ATXN3"	"ATXN3"	chr14	-	92093745	92093831	92096092	92096137	92093251	92093318	92106528	92106574	5641	3,0,0	19,10,11	10,3,9	7,9,16	144	185	6.4426562395e-06	0.0010185780876	0.169,0.0,0.0	0.647,0.3,0.42	-0.399
6908	"TRA2A"	"TRA2A"	chr7	-	23516362	23516528	23521706	23522432	23512893	23513082	23531788	23531981	6908	161,212,87	370,398,214	448,275,396	621,321,571	825	265	6.50369112909e-06	0.0010185780876	0.123,0.146,0.116	0.188,0.216,0.182	-0.067
6452	"RNF146"	"RNF146"	chr6	+	127282286	127282395	127285207	127285348	127280230	127280340	127286049	127286177	6452	1,5,2	1,0,0	0,6,2	8,1,8	208	240	7.75171094802e-06	0.00119564268865	0.536,1.0,1.0	0.0,0.874,0.224	0.479
3671	"CBY1"	"CBY1"	chr22	+	38656955	38657143	38665545	38665685	38656675	38656750	38668016	38668132	3671	20,25,16	28,28,18	49,21,60	23,10,17	287	239	8.51732901219e-06	0.0012941255126	0.373,0.426,0.425	0.64,0.636,0.746	-0.266
3534	"IMMT"	"IMMT"	chr2	-	86161951	86162079	86166507	86166644	86159535	86159671	86170748	86170801	3534	287,370,196	9,2,6	292,161,273	17,15,16	236	227	9.1096417586e-06	0.00134090723005	0.968,0.994,0.969	0.943,0.912,0.943	0.044
3749	"GTF2H3"	"GTF2H3"	chr12	+	123659429	123659475	123659515	123659584	123655770	123655824	123659794	123659930	3749	4,1,2	88,81,37	15,10,13	94,70,87	145	168	9.22038370366e-06	0.00134090723005	0.05,0.014,0.059	0.156,0.142,0.148	-0.108
9359	"EPB41L1"	"EPB41L1"	chr20	+	36122678	36122747	36125422	36125527	36121721	36121816	36173763	36173954	9359	0,7,1	4,7,4	2,1,1	0,1,0	168	204	9.08767580088e-06	0.00134090723005	0.0,0.548,0.233	1.0,0.548,1.0	-0.589
5654	"ACP2"	"ACP2"	chr11	-	47244734	47244867	47245304	47245394	47243238	47243321	47245681	47245834	5654	1,3,0	125,117,69	14,9,9	139,111,236	189	232	9.88855381212e-06	0.00141782363109	0.01,0.031,0.0	0.11,0.091,0.045	-0.068
1920	"HACL1"	"HACL1"	chr3	-	15586524	15586602	15589539	15589612	15582876	15582989	15591599	15591680	1920	19,10,5	0,0,1	10,10,11	1,6,5	172	177	1.00657569694e-05	0.00142318619373	1.0,1.0,0.837	0.911,0.632,0.694	0.2
5043	"MPV17"	"MPV17"	chr2	-	27312993	27313074	27322447	27322522	27312679	27312772	27323051	27323081	5043	19,18,9	102,104,57	50,22,41	94,59,109	174	180	1.09070497193e-05	0.0015210104951	0.162,0.152,0.14	0.355,0.278,0.28	-0.153
9494	"TBC1D12"	"TBC1D12"	chr10	+	94500220	94500327	94507266	94507347	94493364	94493447	94510090	94510179	9494	1,0,0	6,6,6	7,3,8	18,10,16	206	180	1.1476852442e-05	0.00157884267378	0.127,0.0,0.0	0.254,0.208,0.304	-0.213
4246	"HDAC10"	"HDAC10"	chr22	-	50248830	50248859	50249102	50249168	50248365	50248472	50249327	50249454	4246	12,10,20	0,2,0	7,4,8	4,3,3	165	128	1.2016033722e-05	0.00161462549454	1.0,0.795,1.0	0.576,0.508,0.674	0.346
7235	"CCNY"	"CCNY"	chr10	+	35516522	35516623	35530123	35530243	35483403	35483478	35553018	35553183	7235	2,2,1	86,132,83	15,2,19	176,103,179	200	219	1.20541785447e-05	0.00161462549454	0.025,0.016,0.013	0.085,0.021,0.104	-0.052
463	"MYL6"	"MYL6"	chr12	+	56159586	56159622	56159622	56159730	56158683	56158711	56159974	56160148	463	214,222,128	1827,2174,1342	257,157,316	1663,1166,1557	135	207	1.23911014881e-05	0.00163063341244	0.152,0.135,0.128	0.192,0.171,0.237	-0.062
4454	"CHEK2"	"CHEK2"	chr22	-	28724564	28724923	28724976	28725124	28719394	28719485	28725242	28725367	4454	81,145,60	1,1,0	71,36,58	9,2,7	247	458	1.24940477574e-05	0.00163063341244	0.993,0.996,1.0	0.936,0.971,0.939	0.048
5045	"MPV17"	"MPV17"	chr2	-	27312993	27313109	27322447	27322522	27312679	27312772	27323051	27323054	5045	19,18,9	125,122,68	50,22,41	113,68,139	174	215	1.29360051221e-05	0.00166694344485	0.158,0.154,0.141	0.353,0.286,0.267	-0.151
4510	"SPAG1"	"SPAG1"	chr8	+	100220278	100220431	100225172	100225339	100213818	100213918	100231155	100231288	4510	70,77,49	141,190,83	102,43,74	330,194,325	252	266	1.37762103837e-05	0.00175302277133	0.344,0.3,0.384	0.246,0.19,0.194	0.133
8432	"WNK1"	"WNK1"	chr12	+	879572	880031	880720	880999	878211	878361	881691	881789	8432	76,79,47	184,192,103	163,133,216	271,147,259	558	378	1.4696749035e-05	0.00184707290341	0.219,0.218,0.236	0.289,0.38,0.361	-0.119
11319	"CD44"	"CD44"	chr11	+	35201670	35201787	35206111	35206243	35198120	35198246	35208104	35208206	11319	40,50,29	369,380,200	108,92,146	578,353,599	216	231	1.50511622793e-05	0.00186854673175	0.104,0.123,0.134	0.167,0.218,0.207	-0.077
7689	"TK2"	"TK2"	chr16	-	66536963	66537017	66541878	66541953	66531379	66531469	66548977	66549009	7689	1,1,4	1,0,0	7,2,2	3,4,11	174	153	1.56986778627e-05	0.00190361048902	0.468,1.0,1.0	0.672,0.305,0.138	0.451
9619	"HMGN1"	"HMGN1"	chr21	-	39345829	39345958	39347378	39347483	39345145	39345274	39348291	39348339	9619	134,176,125	345,354,212	151,106,189	618,358,589	204	228	1.57075914615e-05	0.00190361048902	0.303,0.357,0.397	0.215,0.249,0.264	0.11
5071	"KIAA1468"	"KIAA1468"	chr18	+	62279773	62279856	62280359	62280442	62277595	62277655	62280645	62280709	5071	6,3,2	4,10,7	14,12,11	0,0,6	182	182	1.59131080245e-05	0.00190582870223	0.6,0.231,0.222	1.0,1.0,0.647	-0.531
9251	"GGA1"	"GGA1"	chr22	+	37614189	37614274	37616921	37617048	37608724	37608903	37618447	37618546	9251	32,65,38	4,16,8	80,53,69	4,3,2	184	226	1.73198709128e-05	0.00205018937084	0.908,0.833,0.854	0.961,0.956,0.977	-0.1
532	"FYN"	"FYN"	chr6	-	111699514	111699670	111700103	111700268	111696276	111696456	111702884	111703034	532	67,60,45	18,32,12	100,47,64	76,43,71	264	255	1.84376385184e-05	0.00214634884614	0.782,0.644,0.784	0.56,0.514,0.465	0.224
3611	"USP10"	"USP10"	chr16	+	84704739	84704860	84740308	84740369	84699994	84700111	84758715	84758807	3611	5,7,3	0,0,0	6,4,8	8,0,2	220	160	1.85538996523e-05	0.00214634884614	1.0,1.0,1.0	0.353,1.0,0.744	0.301
6916	"PLAGL1"	"PLAGL1"	chr6	-	143960468	143960542	143964786	143964818	143947984	143948460	143968906	143968978	6916	0,0,0	7,9,4	1,2,7	19,6,29	131	173	2.09830738021e-05	0.00240008641916	0.0,0.0,0.0	0.065,0.306,0.242	-0.204
10582	"PCBP1-AS1"	"PCBP1-AS1"	chr2	-	70053730	70053792	70059642	70059680	70051202	70051305	70083506	70083687	10582	0,0,1	1,1,2	5,1,5	3,0,4	137	161	2.16006593052e-05	0.00244327457474	0.0,0.0,0.37	0.662,1.0,0.595	-0.629
4127	"DBNL"	"DBNL"	chr7	+	44052866	44052941	44056756	44056903	44050224	44050280	44057781	44057859	4127	7,10,6	319,314,211	32,16,33	395,271,468	174	246	2.33823009425e-05	0.00261573432522	0.03,0.043,0.039	0.103,0.077,0.091	-0.053
5423	"UPP1"	"UPP1"	chr7	+	48099669	48099787	48101823	48101870	48094762	48094827	48106872	48107082	5423	44,77,31	5,9,3	286,172,282	88,44,94	217	146	2.40541655615e-05	0.00263302586469	0.856,0.852,0.874	0.686,0.725,0.669	0.167
11417	"ARIH2"	"ARIH2"	chr3	+	48945135	48945181	48961611	48961679	48927461	48927813	48964918	48964982	11417	1,3,3	149,153,117	16,13,15	256,146,288	145	167	2.38541401617e-05	0.00263302586469	0.008,0.022,0.029	0.067,0.093,0.057	-0.053
1278	"ZNF346"	"ZNF346"	chr5	+	177062057	177062151	177064511	177064601	177041777	177041870	177079381	177081189	1278	3,4,1	0,1,0	7,1,10	4,4,5	193	189	2.49351360777e-05	0.00266881425922	1.0,0.797,1.0	0.632,0.197,0.662	0.435
1922	"HACL1"	"HACL1"	chr3	-	15586524	15586602	15596383	15596424	15582876	15582989	15601089	15601194	1922	11,13,4	0,0,1	13,3,8	1,6,5	140	177	2.50671980296e-05	0.00266881425922	1.0,1.0,0.835	0.943,0.387,0.669	0.279
5656	"ACP2"	"ACP2"	chr11	-	47244734	47244867	47245304	47245427	47243238	47243321	47245681	47245834	5656	2,3,0	125,117,69	15,9,10	139,111,236	222	232	2.5449214887e-05	0.00266881425922	0.016,0.026,0.0	0.101,0.078,0.042	-0.06
5806	"DDX50"	"DDX50"	chr10	+	68936005	68936079	68941059	68941194	68934798	68934918	68943212	68943257	5806	18,28,16	66,92,48	51,24,65	71,45,73	173	234	2.56919250888e-05	0.00266881425922	0.269,0.292,0.311	0.493,0.419,0.546	-0.195
10232	"CANT1"	"CANT1"	chr17	-	79005371	79005481	79008062	79008171	79000099	79000270	79009663	79009793	10232	7,4,1	7,1,2	1,2,1	28,9,13	208	209	2.52141686737e-05	0.00266881425922	0.501,0.801,0.334	0.035,0.183,0.072	0.449
10874	"METAP1"	"METAP1"	chr4	+	99035953	99036011	99037766	99037941	99035399	99035460	99039373	99039465	10874	1,0,0	4,5,4	4,0,5	0,3,5	157	274	2.61088872688e-05	0.00268473204441	0.304,0.0,0.0	1.0,0.0,0.636	-0.444
9840	"TBCE"	"TBCE"	chr1	+	235427139	235427239	235430704	235430804	235414432	235414618	235434203	235434280	9840	2,0,0	46,52,23	7,1,6	43,21,35	199	199	2.70853057497e-05	0.00275728412532	0.042,0.0,0.0	0.14,0.045,0.146	-0.096
3873	"FAM184A"	"FAM184A"	chr6	-	118961760	118961963	118964666	118964771	118960768	118960863	118966834	118966952	3873	1,3,3	7,9,9	0,0,0	8,1,7	204	302	2.80646191049e-05	0.00282869131176	0.175,0.33,0.33	0.0,0.0,0.0	0.278
2588	"CDKL3"	"CDKL3"	chr5	-	134319357	134319497	134321790	134321903	134308573	134308727	134370997	134371042	2588	4,3,1	1,1,0	2,0,2	4,3,2	212	239	2.99565905274e-05	0.00298978521146	0.818,0.772,1.0	0.36,0.0,0.53	0.567
9274	"CS"	"CS"	chr12	-	56291630	56291793	56298608	56298691	56286594	56286645	56300159	56300391	9274	23,29,11	20,22,17	38,16,24	2,7,8	182	262	3.39827132362e-05	0.00335867981305	0.623,0.655,0.482	0.965,0.767,0.812	-0.261
5655	"ACP2"	"ACP2"	chr11	-	47244734	47244867	47245304	47245422	47243238	47243321	47245681	47245834	5655	2,3,0	125,117,69	14,9,10	139,111,236	217	232	3.82434004432e-05	0.00374344054338	0.017,0.027,0.0	0.097,0.08,0.043	-0.059
11405	"ARIH2"	"ARIH2"	chr3	+	48927461	48927813	48945135	48945181	48918820	48918998	48961611	48961679	11405	510,632,338	5,1,0	994,567,1045	23,9,9	451	145	3.92399746297e-05	0.00380440896886	0.97,0.995,1.0	0.933,0.953,0.974	0.035
2734	"ETV7"	"ETV7"	chr6	-	36375870	36376035	36385533	36385669	36373452	36373578	36387535	36387800	2734	7,3,1	2,5,1	2,2,5	0,0,1	235	264	4.14340885067e-05	0.00397923604715	0.797,0.403,0.529	1.0,1.0,0.849	-0.373
4459	"LGALS1"	"LGALS1"	chr22	+	37676855	37677065	37678482	37678654	37675656	37675711	37679602	37679802	4459	25,27,15	909,1016,629	55,14,37	753,461,725	309	271	4.65347767949e-05	0.00442732736236	0.024,0.023,0.02	0.06,0.026,0.043	-0.021
2857	"KCTD20"	"KCTD20"	chr6	+	36474788	36475062	36479120	36479223	36470051	36470257	36481561	36481759	2857	122,130,74	12,17,4	145,88,149	4,5,1	373	202	4.74065392606e-05	0.0044325692021	0.846,0.805,0.909	0.952,0.905,0.988	-0.095
5282	"SS18L1"	"SS18L1"	chr20	+	62154280	62154465	62158671	62158748	62143794	62143889	62159876	62159961	5282	18,22,9	73,85,43	62,29,31	101,50,68	284	176	4.7460711496e-05	0.0044325692021	0.133,0.138,0.115	0.276,0.264,0.22	-0.125
806	"TBC1D5"	"TBC1D5"	chr3	-	17428449	17428519	17508473	17508605	17406417	17406526	17622647	17622765	806	10,20,4	21,26,19	19,4,20	4,3,8	231	169	4.99544514966e-05	0.00454050282353	0.258,0.36,0.133	0.777,0.494,0.647	-0.389
7628	"ZNF133"	"ZNF133"	chr20	+	18305007	18305178	18305680	18305807	18297984	18298062	18306297	18306393	7628	0,1,1	9,12,3	12,3,8	24,9,21	270	226	4.98633631218e-05	0.00454050282353	0.0,0.065,0.218	0.295,0.218,0.242	-0.157
9421	"TRAIP"	"TRAIP"	chr3	-	49840283	49840373	49843800	49843928	49839771	49839860	49844540	49844580	9421	24,30,25	10,16,6	38,26,16	38,32,44	227	189	4.9328028223e-05	0.00454050282353	0.666,0.61,0.776	0.454,0.404,0.232	0.321
9428	"PRRG2"	"PRRG2"	chr19	+	49583541	49583717	49583912	49583952	49583206	49583304	49588496	49588632	9428	58,62,40	4,3,1	70,33,78	17,5,14	275	139	5.13475924945e-05	0.00458524992626	0.88,0.913,0.953	0.675,0.769,0.738	0.188
11136	"AC013461.1"	"AC013461.1"	chr2	+	173217114	173217250	173229688	173229733	173209728	173209835	173232191	173232222	11136	284,322,214	28,47,24	620,299,500	131,50,136	235	144	5.11148201254e-05	0.00458524992626	0.861,0.808,0.845	0.744,0.786,0.693	0.097
2572	"WDR27"	"WDR27"	chr6	-	169665485	169665556	169670568	169670693	169664165	169664286	169672254	169672396	2572	9,11,7	2,5,1	11,8,13	0,0,1	224	170	5.24836637171e-05	0.00464594518817	0.774,0.625,0.842	1.0,1.0,0.908	-0.222
9114	"GLOD4"	"GLOD4"	chr17	-	778621	778661	778694	778744	776867	776988	780683	780738	9114	29,23,23	2,1,3	41,25,46	20,10,10	149	139	5.32329535667e-05	0.00467165058025	0.931,0.955,0.877	0.657,0.7,0.811	0.198
4661	"CCDC122"	"CCDC122"	chr13	-	43868693	43868803	43869330	43869489	43859671	43860070	43874841	43874927	4661	4,0,2	0,3,3	3,1,3	0,0,0	258	209	5.63681286444e-05	0.00485674497455	1.0,0.0,0.351	1.0,1.0,1.0	-0.55
7627	"ZNF133"	"ZNF133"	chr20	+	18305007	18305178	18305667	18305807	18297984	18298062	18306297	18306393	7627	0,1,1	9,12,4	12,3,8	25,10,24	270	239	5.59527149212e-05	0.00485674497455	0.0,0.069,0.181	0.298,0.21,0.228	-0.162
9272	"SKP1"	"SKP1"	chr5	-	134170950	134171038	134173700	134173766	134167169	134167243	134173925	134174022	9272	4,5,7	1,0,0	15,10,6	4,3,5	165	187	5.67733449874e-05	0.00485674497455	0.819,1.0,1.0	0.81,0.791,0.576	0.214
7004	"AUP1"	"AUP1"	chr2	-	74528416	74528489	74528750	74528935	74527939	74528006	74529131	74529282	7004	417,486,242	14,5,6	717,448,726	39,22,37	284	172	5.90389943372e-05	0.00496708233349	0.947,0.983,0.961	0.918,0.925,0.922	0.042
7510	"SLC25A30"	"SLC25A30"	chr13	-	45405882	45405977	45408926	45409074	45402274	45402370	45418299	45418455	7510	8,16,5	0,1,0	15,13,20	5,1,5	247	194	5.86219926614e-05	0.00496708233349	1.0,0.926,1.0	0.702,0.911,0.759	0.185
4987	"RP11-69E11.4"	"RP11-69E11.4"	chr1	-	39523806	39523896	39524835	39525057	39522279	39522505	39529054	39529164	4987	4,4,2	1,0,0	4,4,3	6,0,3	321	189	6.44908930447e-05	0.00538128927209	0.702,1.0,1.0	0.282,1.0,0.371	0.35
4359	"EPB41L2"	"EPB41L2"	chr6	-	130863637	130863718	130869562	130870126	130839346	130840598	130885095	130885268	4359	4422,4736,2657	30,30,27	5102,2741,5116	68,48,58	663	180	6.58841105954e-05	0.00541718703251	0.976,0.977,0.964	0.953,0.939,0.96	0.022
7033	"FAM49B"	"FAM49B"	chr8	-	129880375	129880458	129896748	129896854	129879388	129879471	129903311	129903350	7033	13,15,3	22,50,11	0,0,5	21,11,32	205	182	6.65175225013e-05	0.00541718703251	0.344,0.21,0.195	0.0,0.0,0.122	0.209
10363	"DIABLO"	"DIABLO"	chr12	-	122224511	122224644	122224644	122224748	122218265	122218397	122225964	122226052	10363	41,56,31	219,264,172	158,71,112	436,230,335	203	232	6.63270893396e-05	0.00541718703251	0.176,0.195,0.171	0.293,0.261,0.276	-0.096
2338	"CCNYL1"	"CCNYL1"	chr2	+	207742222	207742342	207747046	207747213	207737410	207737446	207750956	207751114	2338	13,11,7	86,84,64	39,17,35	127,66,80	219	266	6.72402005426e-05	0.00543258128193	0.155,0.137,0.117	0.272,0.238,0.347	-0.149
6841	"MEMO1"	"MEMO1"	chr2	-	31920797	31920910	31932066	31932135	31917925	31918037	31943301	31943383	6841	0,0,61	117,129,71	48,28,127	152,78,110	168	212	7.52273187987e-05	0.00598292269821	0.0,0.0,0.52	0.285,0.312,0.593	-0.223
8437	"CBWD1"	"CBWD1"	chr9	-	146101	146158	151304	151427	134978	135030	152033	152078	8437	0,0,1	2,2,0	6,4,7	1,0,4	222	156	7.46559585488e-05	0.00598292269821	0.0,0.0,1.0	0.808,1.0,0.552	-0.453
153	"RFWD2"	"RFWD2"	chr1	-	176149005	176149074	176162868	176162988	176135009	176135086	176163814	176163891	153	49,72,44	6,1,1	90,47,86	18,4,21	219	168	7.7485023381e-05	0.00602135525205	0.862,0.982,0.971	0.793,0.9,0.759	0.121
3263	"ADAM15"	"ADAM15"	chr1	+	155055786	155055852	155055931	155056000	155054313	155054506	155056385	155056470	3263	0,1,0	1,3,1	6,3,4	10,6,3	165	168	7.65362672187e-05	0.00602135525205	0.0,0.253,0.0	0.379,0.337,0.576	-0.346
3335	"EIF2B4"	"EIF2B4"	chr2	-	27367745	27367822	27368024	27368113	27367456	27367559	27368371	27368463	3335	2,3,0	54,52,42	12,12,5	75,31,85	188	176	7.6960970335e-05	0.00602135525205	0.034,0.051,0.0	0.13,0.266,0.052	-0.121
10588	"PCBP1-AS1"	"PCBP1-AS1"	chr2	-	70055713	70055910	70059642	70059680	70051202	70051305	70083506	70083687	10588	0,0,1	2,4,2	5,1,5	7,5,9	137	296	7.9199068349e-05	0.00610792814995	0.0,0.0,0.519	0.607,0.302,0.546	-0.312
3220	"TCEB1"	"TCEB1"	chr8	-	73964486	73964625	73970578	73970634	73959764	73959818	73971869	73971908	3220	4,5,2	36,49,29	0,0,1	35,23,59	155	238	8.03507612445e-05	0.00615015601105	0.146,0.135,0.096	0.0,0.0,0.025	0.117
7164	"ASPH"	"ASPH"	chr8	-	61618977	61619019	61633682	61633727	61583943	61584029	61637946	61638003	7164	92,99,58	20,44,18	62,34,67	51,23,45	144	141	8.31562643506e-05	0.0063173938141	0.818,0.688,0.759	0.543,0.591,0.593	0.179
8327	"GALT"	"GALT"	chr9	+	34647388	34647567	34647656	34647705	34647122	34647258	34647831	34647961	8327	1,0,0	19,25,7	3,2,4	7,3,14	278	148	8.44152596622e-05	0.00636553587675	0.027,0.0,0.0	0.186,0.262,0.132	-0.184
146	"CCDC84"	"CCDC84"	chr11	+	119012148	119012254	119013231	119013262	119011938	119012003	119014993	119015083	146	30,21,11	2,1,0	44,31,49	8,7,12	205	130	9.11550764525e-05	0.00682322557564	0.905,0.93,1.0	0.777,0.737,0.721	0.2
7553	"RP1-309K20.6"	"RP1-309K20.6"	chr20	-	35632794	35632923	35655201	35655344	35632516	35632696	35658929	35659014	7553	270,313,189	138,159,64	512,290,540	121,107,125	242	228	9.85927447706e-05	0.00732608862602	0.648,0.65,0.736	0.799,0.719,0.803	-0.096
1913	"VEGFA"	"VEGFA"	chr6	+	43780731	43780803	43781955	43782052	43778888	43778918	43784540	43784562	1913	18,32,23	34,40,23	37,14,36	137,53,101	171	196	9.99788497593e-05	0.00737525138079	0.378,0.478,0.534	0.236,0.232,0.29	0.211
4520	"SPAG1"	"SPAG1"	chr8	+	100233410	100233537	100239239	100239404	100220278	100220431	100240402	100240771	4520	43,45,30	194,243,151	165,79,134	420,247,422	226	264	0.000101688235762	0.00739418742898	0.206,0.178,0.188	0.315,0.272,0.271	-0.095
9429	"PRRG2"	"PRRG2"	chr19	+	49583912	49583952	49588496	49588632	49583206	49583304	49589899	49590052	9429	1,0,0	17,16,10	9,0,3	12,13,22	139	235	0.000101341458645	0.00739418742898	0.09,0.0,0.0	0.559,0.0,0.187	-0.219
6839	"MEMO1"	"MEMO1"	chr2	-	31883385	31883462	31932066	31932135	31869847	31869952	31943301	31943383	6839	0,0,61	87,84,48	49,28,125	89,65,95	168	176	0.000105507401577	0.00761748473797	0.0,0.0,0.571	0.366,0.311,0.58	-0.229
9348	"SHMT2"	"SHMT2"	chr12	+	57230802	57231000	57231480	57231560	57230085	57230244	57231712	57231913	9348	1211,1364,836	342,419,255	2396,1226,2295	512,253,455	297	179	0.000107311553786	0.00769318040522	0.681,0.662,0.664	0.738,0.745,0.752	-0.076
11323	"CD44"	"CD44"	chr11	+	35208104	35208206	35211245	35211449	35189834	35190065	35214851	35214914	11323	327,403,262	937,1140,642	225,142,230	868,590,934	201	303	0.000108071507799	0.00769348216359	0.345,0.348,0.381	0.281,0.266,0.271	0.085
5070	"KIAA1468"	"KIAA1468"	chr18	+	62279773	62279856	62280359	62280442	62275373	62275473	62280645	62280709	5070	12,16,10	9,16,14	27,17,30	6,3,11	182	182	0.000111464423491	0.00787991549402	0.571,0.5,0.417	0.818,0.85,0.732	-0.304
8587	"ACSL3"	"ACSL3"	chr2	+	222887829	222887888	222900673	222900780	222860933	222861258	222908732	222909150	8587	253,249,146	149,165,106	204,109,221	85,45,80	158	206	0.000114918907907	0.00806809987926	0.689,0.663,0.642	0.758,0.76,0.783	-0.102
7709	"FUS"	"FUS"	chr16	+	31183860	31184002	31184938	31185179	31182512	31182664	31188324	31188357	7709	768,846,457	250,189,149	784,492,843	369,245,278	241	340	0.000116953436696	0.00815469853127	0.813,0.863,0.812	0.75,0.739,0.811	0.063
3086	"FGFR1"	"FGFR1"	chr8	-	38421796	38421941	38423024	38423175	38419532	38419735	38424508	38424699	3086	7,17,4	231,258,146	22,9,45	273,164,276	250	244	0.000122828769282	0.00846456841064	0.029,0.06,0.026	0.073,0.051,0.137	-0.049
4583	"COPZ1"	"COPZ1"	chr12	+	54342205	54342287	54343224	54343316	54325138	54325181	54345459	54345515	4583	8,7,5	205,244,129	21,18,20	241,157,259	181	191	0.00012331702828	0.00846456841064	0.04,0.029,0.039	0.084,0.108,0.075	-0.053
10587	"PCBP1-AS1"	"PCBP1-AS1"	chr2	-	70055713	70055910	70059642	70059680	70051202	70051305	70077300	70077381	10587	0,0,1	2,4,5	6,0,3	7,4,9	137	296	0.000123892013083	0.00846456841064	0.0,0.0,0.302	0.649,0.0,0.419	-0.255
3002	"SCLT1"	"SCLT1"	chr4	-	129003740	129003876	129039040	129039096	128999671	128999794	129043394	129043467	3002	5,1,0	16,20,13	17,8,9	13,7,25	155	235	0.000128472888064	0.00871902666994	0.321,0.07,0.0	0.665,0.634,0.353	-0.42
5321	"KIAA1191"	"KIAA1191"	chr5	-	176355570	176355749	176359480	176359567	176350612	176350737	176359810	176359918	5321	112,117,75	184,218,138	132,80,98	344,208,352	186	278	0.000133094633234	0.00892614293665	0.476,0.445,0.448	0.364,0.365,0.294	0.115
10467	"SARNP"	"SARNP"	chr12	-	55757382	55757553	55760550	55760640	55752462	55752840	55789074	55789143	10467	220,243,148	114,126,69	274,181,304	113,49,68	189	270	0.000133278362119	0.00892614293665	0.734,0.734,0.754	0.776,0.841,0.865	-0.087
5455	"HSF2BP"	"HSF2BP"	chr21	-	43613829	43613947	43630321	43630454	43529191	43529962	43633271	43633421	5455	8,13,4	0,0,0	50,20,23	6,1,4	232	217	0.000137132165637	0.00901319757647	1.0,1.0,1.0	0.886,0.949,0.843	0.107
11122	"ELN"	"ELN"	chr7	+	74043878	74043920	74046187	74046217	74043117	74043168	74046695	74046767	11122	1,2,0	2,4,1	1,1,3	1,1,0	141	129	0.000137078661478	0.00901319757647	0.314,0.314,0.0	0.478,0.478,1.0	-0.443
11258	"SCRIB"	"SCRIB"	chr8	-	143795419	143795530	143803382	143803571	143795276	143795333	143803646	143803940	11258	1,1,1	0,0,0	2,1,0	5,0,1	288	210	0.000137234344239	0.00901319757647	1.0,1.0,1.0	0.226,1.0,0.0	0.591
290	"TRAPPC6B"	"TRAPPC6B"	chr14	-	39151745	39151839	39154210	39154294	39147811	39150381	39158284	39158402	290	28,31,24	23,37,23	62,32,48	134,67,109	183	193	0.000143883757731	0.00932953282612	0.562,0.469,0.524	0.328,0.335,0.317	0.192
1090	"HNRNPC"	"HNRNPC"	chr14	-	21230957	21231072	21263310	21263336	21230318	21230366	21269297	21269411	1090	386,405,227	642,702,373	302,128,243	633,375,649	125	214	0.000143626715432	0.00932953282612	0.507,0.497,0.51	0.45,0.369,0.391	0.101
4726	"KPNA1"	"KPNA1"	chr3	-	122427537	122427716	122433660	122433788	122421948	122427172	122437169	122437295	4726	159,175,100	251,271,199	247,157,227	635,359,643	227	278	0.00014500602089	0.00934279299152	0.437,0.442,0.381	0.323,0.349,0.302	0.095
5100	"PTPN2"	"PTPN2"	chr18	-	12830942	12831041	12859163	12859254	12817155	12817365	12884072	12884214	5100	101,110,55	3,0,2	193,95,186	8,15,10	190	198	0.000150197968324	0.00949698954993	0.972,1.0,0.966	0.962,0.868,0.951	0.052
9349	"SHMT2"	"SHMT2"	chr12	+	57230802	57231000	57231480	57231560	57230353	57230474	57231712	57231913	9349	1080,1181,729	340,419,253	2078,1099,1996	514,253,456	297	179	0.000148663008615	0.00949698954993	0.657,0.629,0.635	0.709,0.724,0.725	-0.079
9618	"HMGN1"	"HMGN1"	chr21	-	39345829	39345958	39347378	39347478	39345145	39345274	39348291	39348339	9618	92,145,92	345,354,212	118,76,150	618,358,589	199	228	0.000149706150539	0.00949698954993	0.234,0.319,0.332	0.179,0.196,0.226	0.095
5417	"PTCD3"	"PTCD3"	chr2	+	86127940	86127991	86131077	86131106	86127160	86127305	86132317	86132424	5417	52,48,34	37,33,26	78,52,56	23,15,22	150	128	0.000152137667168	0.00956025587512	0.545,0.554,0.527	0.743,0.747,0.685	-0.183
7626	"ZNF133"	"ZNF133"	chr20	+	18305007	18305178	18305667	18305807	18289898	18290074	18306297	18306393	7626	0,0,1	9,12,4	6,4,3	24,10,22	270	239	0.0001534753433	0.00958514720733	0.0,0.0,0.181	0.181,0.261,0.108	-0.123
1031	"MPHOSPH9"	"MPHOSPH9"	chr12	-	123223037	123223127	123227462	123227616	123221692	123221723	123230260	123230522	1031	12,3,5	1,0,0	21,5,12	3,3,3	253	189	0.000154586645014	0.0095956832088	0.9,1.0,1.0	0.839,0.555,0.749	0.252
10067	"ZZZ3"	"ZZZ3"	chr1	-	77584766	77584829	77631849	77633405	77584516	77584655	77639448	77639602	10067	1109,1297,846	3,3,2	1076,649,1095	9,3,14	1655	162	0.000159874481956	0.00986377106856	0.973,0.977,0.976	0.921,0.955,0.884	0.055
8126	"PICALM"	"PICALM"	chr11	-	85983865	85983973	85990249	85990399	85981871	85982003	85996825	85996929	8126	130,177,74	215,230,170	109,75,107	327,195,317	249	207	0.000176252170835	0.0108087174645	0.335,0.39,0.266	0.217,0.242,0.219	0.104
4103	"PRUNE"	"PRUNE"	chr1	+	151025514	151025673	151027232	151027327	151024741	151024795	151033805	151035711	4103	57,61,31	6,1,5	108,85,169	41,19,30	258	194	0.000185170769367	0.0112876552824	0.877,0.979,0.823	0.665,0.771,0.809	0.145
375	"VRK3"	"VRK3"	chr19	-	49994813	49994919	49997503	49997570	49989638	49989771	50000789	50000854	375	21,25,10	0,0,1	15,5,9	2,4,2	166	205	0.000204672881438	0.0123288161718	1.0,1.0,0.925	0.903,0.607,0.847	0.189
9820	"FAM208B"	"FAM208B"	chr10	+	5712822	5712918	5717658	5717750	5684837	5685175	5720543	5720668	9820	7,13,2	20,23,16	43,23,37	41,16,30	195	191	0.000203656461254	0.0123288161718	0.255,0.356,0.109	0.507,0.585,0.547	-0.306
9526	"CEP290"	"CEP290"	chr12	-	88131164	88131218	88136642	88136786	88130544	88130565	88139144	88139191	9526	11,14,3	0,0,1	17,7,7	3,0,10	243	153	0.000207482291113	0.0124245277855	1.0,1.0,0.654	0.781,1.0,0.306	0.189
5687	"CTBP2"	"CTBP2"	chr10	-	125133511	125133612	125160318	125160520	125038996	125039155	125160826	125161170	5687	22,28,19	8,7,7	50,42,42	5,0,5	301	200	0.000213034299756	0.0126823928159	0.646,0.727,0.643	0.869,1.0,0.848	-0.234
1911	"VEGFA"	"VEGFA"	chr6	+	43778459	43778536	43782010	43782087	43777468	43777665	43784540	43784562	1911	176,160,124	59,58,55	583,328,638	138,65,149	176	176	0.000217846147971	0.0128189236205	0.749,0.734,0.693	0.809,0.835,0.811	-0.093
4833	"BTC"	"BTC"	chr4	-	74755858	74755976	74770057	74770156	74750572	74750719	74794261	74794686	4833	8,7,0	7,6,4	3,5,1	1,0,1	198	217	0.000217338610732	0.0128189236205	0.556,0.561,0.0	0.767,1.0,0.523	-0.391
7619	"NAPB"	"NAPB"	chr20	-	23395138	23395185	23397071	23397188	23394921	23394999	23402992	23403072	7619	1,4,0	0,6,3	3,2,3	0,1,1	216	146	0.000222235310549	0.0130020428815	1.0,0.311,0.0	1.0,0.575,0.67	-0.311
2390	"SDCCAG3"	"SDCCAG3"	chr9	-	136405117	136405202	136405904	136405978	136404630	136404693	136406945	136407208	2390	4,1,1	2,4,3	1,0,0	11,4,12	173	184	0.000223639404516	0.0130094236456	0.68,0.21,0.262	0.088,0.0,0.0	0.355
10586	"PCBP1-AS1"	"PCBP1-AS1"	chr2	-	70055655	70055910	70059642	70059680	70051202	70051305	70077300	70077381	10586	0,0,1	1,4,4	6,0,3	18,4,8	137	354	0.000225759338182	0.0130581253562	0.0,0.0,0.392	0.463,0.0,0.492	-0.188
2867	"TCF7L2"	"TCF7L2"	chr10	+	113158666	113158717	113159919	113159992	113158020	113158069	113160618	113160691	2867	0,6,5	4,7,0	1,3,5	0,0,1	150	172	0.000230437668376	0.0132534207009	0.0,0.496,1.0	1.0,1.0,0.851	-0.452
7923	"TMX2"	"TMX2"	chr11	+	57737835	57738026	57738663	57738770	57737607	57737668	57739130	57739260	7923	104,111,55	33,33,20	152,85,138	85,53,83	290	206	0.000233386936372	0.0133476349004	0.691,0.705,0.661	0.56,0.533,0.542	0.141
7924	"TMX2"	"TMX2"	chr11	+	57737912	57738026	57738353	57738430	57737607	57737668	57739130	57739260	7924	281,332,175	45,58,23	353,198,420	102,51,107	213	176	0.000236147601976	0.0134300703247	0.838,0.825,0.863	0.741,0.762,0.764	0.086
169	"NFYC"	"NFYC"	chr1	+	40723688	40723792	40735600	40735750	40723207	40723274	40738835	40738948	169	1,0,0	3,6,4	2,2,3	6,6,6	203	249	0.000243786422502	0.0136647290909	0.29,0.0,0.0	0.29,0.29,0.38	-0.223
1867	"PIGF"	"PIGF"	chr2	-	46588074	46588179	46591802	46591925	46581284	46581591	46592474	46592583	1867	5,12,4	19,12,11	23,18,23	12,6,13	222	204	0.000242045187036	0.0136647290909	0.195,0.479,0.25	0.638,0.734,0.619	-0.356
4018	"GMCL1"	"GMCL1"	chr2	+	69849651	69849742	69854822	69854960	69844130	69844196	69861277	69861347	4018	0,0,0	57,74,50	9,2,4	117,62,129	190	237	0.000244300657618	0.0136647290909	0.0,0.0,0.0	0.088,0.039,0.037	-0.055
6619	"GRN"	"GRN"	chr17	+	44345530	44345605	44346088	44346228	44345301	44345334	44349157	44349302	6619	22,22,14	3,0,1	10,7,25	6,6,4	174	239	0.000246802738677	0.0137292452444	0.91,1.0,0.951	0.696,0.616,0.896	0.218
3360	"DLG1"	"DLG1"	chr3	-	197142717	197142768	197161639	197161738	197140139	197140264	197194424	197194589	3360	84,75,40	44,58,25	100,49,99	130,69,97	198	150	0.000255786703085	0.0140721814221	0.591,0.495,0.548	0.368,0.35,0.436	0.16
5531	"EXTL3"	"EXTL3"	chr8	+	28713456	28713550	28715584	28718207	28701326	28701659	28731222	28731350	5531	19,12,12	1020,1170,639	35,15,27	917,584,845	193	2722	0.000257023360428	0.0140721814221	0.208,0.126,0.209	0.35,0.266,0.311	-0.128
8759	"IL12A"	"IL12A"	chr3	+	159993011	159993125	159993450	159993492	159990166	159990312	159993567	159993609	8759	6,1,2	0,0,0	5,2,5	0,4,2	213	141	0.000257114513213	0.0140721814221	1.0,1.0,1.0	1.0,0.249,0.623	0.376
8289	"UPF3A"	"UPF3A"	chr13	+	114282836	114282943	114286301	114286400	114282020	114282127	114286518	114286629	8289	183,192,144	162,158,83	295,210,310	156,65,147	206	198	0.000265791917032	0.014469313986	0.521,0.539,0.625	0.645,0.756,0.67	-0.129
576	"MSRB3"	"MSRB3"	chr12	+	65308528	65308655	65326825	65326934	65278642	65278865	65368997	65369026	576	1,4,1	3,0,2	0,0,1	1,3,3	226	208	0.000269692513398	0.0146035626936	0.235,1.0,0.315	0.0,0.0,0.235	0.438
10647	"ANXA11"	"ANXA11"	chr10	-	80176106	80176155	80180940	80181136	80172806	80172869	80205342	80205572	10647	37,40,17	182,210,149	50,13,36	102,67,108	295	148	0.000271379175336	0.0146171428832	0.093,0.087,0.054	0.197,0.089,0.143	-0.065
11403	"ARIH2"	"ARIH2"	chr3	+	48924717	48924839	48944981	48945181	48922747	48922811	48961611	48961679	11403	37,44,42	5,1,0	114,46,99	24,9,9	221	299	0.000274520298714	0.0147085086364	0.909,0.983,1.0	0.865,0.874,0.937	0.072
10700	"POP4"	"POP4"	chr19	+	29608656	29608709	29610319	29610632	29606302	29606325	29611861	29611939	10700	22,26,14	519,567,307	83,45,69	967,577,917	152	412	0.000280970382779	0.0149752800874	0.103,0.111,0.11	0.189,0.175,0.169	-0.07
7927	"TMX2"	"TMX2"	chr11	+	57738663	57738770	57739130	57739260	57737607	57737668	57740098	57740369	7927	33,31,20	744,879,434	84,53,84	1244,661,1262	206	229	0.000291206845139	0.0153600294483	0.047,0.038,0.049	0.07,0.082,0.069	-0.029
9564	"RBM47"	"RBM47"	chr4	-	40466576	40466699	40544421	40544506	40438552	40438924	40630462	40630621	9564	1,6,1	44,49,26	21,11,7	74,28,58	184	222	0.000291051546648	0.0153600294483	0.027,0.129,0.044	0.255,0.322,0.127	-0.168
10699	"POP4"	"POP4"	chr19	+	29608656	29608709	29610408	29610632	29604016	29606325	29611861	29611939	10699	22,26,14	507,565,303	83,45,69	957,570,909	152	323	0.000294358987369	0.015446260265	0.084,0.089,0.089	0.156,0.144,0.139	-0.059
6840	"MEMO1"	"MEMO1"	chr2	-	31891991	31892134	31932066	31932135	31883385	31883462	31943301	31943383	6840	0,0,61	217,212,105	48,29,126	320,181,268	168	242	0.000296227687001	0.0154646043778	0.0,0.0,0.456	0.178,0.188,0.404	-0.105
6402	"KIAA0319L"	"KIAA0319L"	chr1	-	35466607	35466695	35470862	35470960	35462620	35462713	35478965	35479212	6402	1,1,0	48,47,23	6,0,8	59,19,64	197	187	0.000300629563294	0.0156143313997	0.019,0.02,0.0	0.088,0.0,0.106	-0.052
2859	"KCTD20"	"KCTD20"	chr6	+	36479120	36479223	36479590	36479711	36470051	36470257	36481561	36481759	2859	12,17,4	40,78,24	4,5,1	62,26,67	202	220	0.000303207097743	0.0156682652539	0.246,0.192,0.154	0.066,0.173,0.016	0.112
6905	"ZNF326"	"ZNF326"	chr1	+	90005002	90005092	90005132	90005244	89998109	89998154	90007344	90007750	6905	4,19,4	37,49,20	32,10,29	36,22,30	189	211	0.000308564738219	0.0158645910862	0.108,0.302,0.183	0.498,0.337,0.519	-0.254
5312	"KIAA1191"	"KIAA1191"	chr5	-	176352621	176352748	176355570	176355749	176348249	176348356	176359480	176359567	5312	333,370,228	49,56,29	395,217,399	75,70,97	278	226	0.000310622479786	0.0158901348956	0.847,0.843,0.865	0.811,0.716,0.77	0.086
2667	"TSEN54"	"TSEN54"	chr17	+	75523274	75523335	75523662	75523779	75521704	75522333	75524261	75524739	2667	13,8,5	46,59,32	56,35,53	133,75,115	160	216	0.000326384277572	0.0166129597284	0.276,0.155,0.174	0.362,0.387,0.384	-0.176
7368	"WDSUB1"	"WDSUB1"	chr2	-	159259809	159259843	159271701	159271795	159256195	159256375	159275545	159275638	7368	4,6,1	0,1,0	7,1,8	0,4,3	193	133	0.000357083636473	0.0180851314393	1.0,0.805,1.0	1.0,0.147,0.648	0.337
1143	"CEACAM19"	"CEACAM19"	chr19	+	44666957	44667321	44671745	44671986	44662277	44662398	44672595	44672708	1143	26,29,15	55,61,27	0,5,5	34,11,27	463	340	0.000362430414816	0.0181750818858	0.258,0.259,0.29	0.0,0.25,0.12	0.146
10368	"GRHPR"	"GRHPR"	chr9	+	37428483	37428572	37429731	37429836	37426537	37426654	37430510	37430646	10368	213,212,147	245,268,169	292,131,292	209,99,260	188	204	0.000361178127108	0.0181750818858	0.485,0.462,0.486	0.603,0.589,0.549	-0.103
4370	"EPB41L2"	"EPB41L2"	chr6	-	130870327	130870381	130872370	130872538	130869851	130870126	130878103	130878250	4370	1,2,2	0,1,0	6,6,6	4,1,2	267	153	0.000372195939807	0.0185733071923	1.0,0.534,1.0	0.462,0.775,0.632	0.222
305	"VPS28"	"VPS28"	chr8	-	144425921	144426063	144426179	144426208	144424945	144425772	144426908	144426983	305	85,132,73	6,10,7	214,128,184	24,26,43	128	241	0.000378948799426	0.0188180428203	0.964,0.961,0.952	0.944,0.903,0.89	0.047
4245	"HDAC10"	"HDAC10"	chr22	-	50248661	50248751	50249102	50249168	50248365	50248472	50249327	50249454	4245	12,10,20	13,14,10	7,4,8	31,8,29	165	189	0.00038353249651	0.0188778346616	0.514,0.45,0.696	0.205,0.364,0.24	0.284
7790	"TBC1D15"	"TBC1D15"	chr12	+	71854562	71854602	71861404	71861496	71839758	71839811	71872069	71872168	7790	1,0,2	4,1,2	1,1,1	0,0,2	139	191	0.00038386166748	0.0188778346616	0.256,0.0,0.579	1.0,1.0,0.407	-0.524
10521	"TMEM161B-AS1"	"TMEM161B-AS1"	chr5	+	88282714	88282866	88283009	88283086	88282041	88282106	88285740	88285851	10521	9,14,14	0,4,3	24,22,41	1,0,0	251	176	0.000386541361061	0.0189182262289	1.0,0.71,0.766	0.944,1.0,1.0	-0.156
4771	"ANKRD11"	"ANKRD11"	chr16	-	89305205	89305344	89313316	89313589	89291012	89291183	89316932	89317078	4771	71,62,47	392,388,212	118,57,96	993,531,862	372	238	0.000394293028631	0.0192052776625	0.104,0.093,0.124	0.071,0.064,0.067	0.04
7629	"ZNF133"	"ZNF133"	chr20	+	18305007	18305178	18305680	18305807	18298288	18298464	18306297	18306393	7629	0,0,1	9,13,3	5,3,3	21,9,21	270	226	0.000399887555851	0.0193850253265	0.0,0.0,0.218	0.166,0.218,0.107	-0.091
8285	"UPF3A"	"UPF3A"	chr13	+	114282836	114282943	114286301	114286400	114281644	114281846	114286518	114286629	8285	77,86,70	162,158,86	137,106,156	155,65,146	206	198	0.000407104817312	0.0196275401152	0.314,0.343,0.439	0.459,0.611,0.507	-0.16
9026	"PSMA3-AS1"	"PSMA3-AS1"	chr14	-	58273978	58274010	58285590	58285756	58265364	58267393	58291634	58291707	9026	42,28,33	7,2,2	66,20,75	25,12,19	265	131	0.000408746414973	0.0196275401152	0.748,0.874,0.891	0.566,0.452,0.661	0.278
572	"SETD6"	"SETD6"	chr16	+	58516807	58516928	58518050	58518231	58516201	58516343	58518400	58518543	572	19,27,17	213,191,121	84,40,72	357,208,335	220	280	0.000411107481521	0.0196482355018	0.102,0.152,0.152	0.23,0.197,0.215	-0.079
4807	"ZBTB8OS"	"ZBTB8OS"	chr1	-	32627507	32627544	32633950	32634110	32621829	32621948	32634767	32634792	4807	50,53,29	30,44,19	123,83,125	46,21,49	259	136	0.000416865625346	0.0197690536427	0.467,0.387,0.445	0.584,0.675,0.573	-0.178
5515	"IGF2BP2"	"IGF2BP2"	chr3	-	185689554	185689627	185692698	185692780	185687056	185687191	185696611	185696663	5515	2,1,1	0,1,0	6,3,4	4,0,5	181	172	0.000421403206332	0.0197690536427	1.0,0.487,1.0	0.588,1.0,0.432	0.156
7482	"RP11-242D8.1"	"RP11-242D8.1"	chr17	-	43159422	43159727	43166979	43167849	43148367	43148783	43170125	43170316	7482	19,28,11	2,1,0	29,26,31	10,2,9	969	404	0.000418793481324	0.0197690536427	0.798,0.921,1.0	0.547,0.844,0.59	0.246
7708	"FUS"	"FUS"	chr16	+	31183857	31184002	31184938	31185179	31182512	31182664	31188324	31188357	7708	1241,1406,720	250,189,149	1340,792,1460	369,245,278	244	340	0.000420639399247	0.0197690536427	0.874,0.912,0.871	0.835,0.818,0.88	0.041
4858	"UBE2G1"	"UBE2G1"	chr17	-	4296716	4296814	4307020	4307123	4269258	4272516	4366270	4366482	4858	50,55,31	1,0,0	97,45,96	6,0,9	202	197	0.000429738248792	0.0200675934528	0.98,1.0,1.0	0.94,1.0,0.912	0.043
812	"TBC1D5"	"TBC1D5"	chr3	-	17562018	17562142	17622647	17622765	17518901	17518995	17623848	17623913	812	3,1,3	1,2,0	0,0,4	7,4,4	217	223	0.000434737723529	0.0202083562809	0.755,0.339,1.0	0.0,0.0,0.507	0.529
7253	"MELK"	"MELK"	chr9	+	36589535	36589652	36597221	36597290	36583626	36583712	36599393	36599486	7253	36,34,37	65,95,67	42,10,26	121,74,135	216	168	0.000438961801727	0.0203119597345	0.301,0.218,0.3	0.213,0.095,0.13	0.127
7625	"ZNF133"	"ZNF133"	chr20	+	18305007	18305178	18305680	18305807	18288282	18288604	18306297	18306393	7625	0,1,1	10,12,5	5,6,4	22,10,23	270	226	0.000442467168152	0.0203815193294	0.0,0.065,0.143	0.16,0.334,0.127	-0.138
2774	"MDM4"	"MDM4"	chr1	+	204526359	204526434	204537458	204537497	204525483	204525596	204538208	204538308	2774	24,14,8	4,4,1	15,13,31	1,0,1	174	138	0.000458508508664	0.0209465037146	0.826,0.735,0.864	0.922,1.0,0.961	-0.153
3392	"SUMF2"	"SUMF2"	chr7	+	56072996	56073111	56074173	56074218	56068481	56068638	56078101	56078186	3392	360,427,218	9,4,1	286,167,266	11,6,13	214	144	0.000458847772923	0.0209465037146	0.964,0.986,0.993	0.946,0.949,0.932	0.039
11048	"ORAOV1"	"ORAOV1"	chr11	-	69667894	69668012	69671748	69671819	69665562	69667587	69673215	69673321	11048	30,52,36	34,59,25	54,33,38	97,65,90	170	217	0.00046215750118	0.0210034078661	0.53,0.529,0.648	0.415,0.393,0.35	0.183
1095	"HNRNPC"	"HNRNPC"	chr14	-	21236372	21236460	21262600	21262768	21233952	21234229	21263310	21263336	1095	46,52,34	11,20,5	125,78,70	14,3,7	267	187	0.000467757808025	0.0211450746449	0.745,0.646,0.826	0.862,0.948,0.875	-0.156
8155	"WDR53"	"WDR53"	chr3	-	196560995	196561491	196566876	196567307	196554176	196554807	196568518	196568639	8155	83,57,43	123,153,64	187,116,170	670,336,583	530	595	0.000469428965595	0.0211450746449	0.431,0.295,0.43	0.239,0.279,0.247	0.13
323	"TBCEL"	"TBCEL"	chr11	+	121053629	121053732	121055051	121055308	121047527	121047667	121058344	121058471	323	1,0,1	8,25,13	9,3,6	57,30,44	202	356	0.0004795350067	0.0214343628019	0.181,0.0,0.119	0.218,0.15,0.194	-0.087
8183	"RAD51"	"RAD51"	chr15	+	40709024	40709116	40718885	40718899	40701063	40701201	40728710	40728824	8183	1,1,3	3,7,4	12,5,12	1,8,1	191	113	0.000480062349591	0.0214343628019	0.165,0.078,0.307	0.877,0.27,0.877	-0.491
1660	"SLC29A2"	"SLC29A2"	chr11	-	66371243	66371325	66371562	66371646	66369368	66369532	66372009	66372174	1660	4,2,1	87,110,74	10,7,9	125,58,109	183	181	0.000485373100184	0.0215768478597	0.043,0.018,0.013	0.073,0.107,0.076	-0.061
556	"CASP8"	"CASP8"	chr2	+	201272897	201272942	201274888	201274953	201272637	201272776	201284815	201285317	556	13,21,6	15,17,7	17,14,21	53,28,63	144	164	0.000487695461603	0.0215858252136	0.497,0.585,0.494	0.268,0.363,0.275	0.223
3396	"SUMF2"	"SUMF2"	chr7	+	56074173	56074218	56076833	56076889	56068481	56068638	56078101	56078186	3396	9,4,1	253,327,190	11,6,13	203,132,215	144	155	0.000490548319228	0.0216181034188	0.037,0.013,0.006	0.055,0.047,0.061	-0.036
8760	"SNX17"	"SNX17"	chr2	+	27372622	27372740	27373039	27373113	27371268	27371343	27373246	27373311	8760	243,299,159	1,6,6	349,186,299	22,8,12	217	173	0.000510090188196	0.0223824056717	0.995,0.975,0.955	0.927,0.949,0.952	0.032
257	"NDUFAF2"	"NDUFAF2"	chr5	+	61073124	61073214	61098991	61099032	60945206	60945428	61152703	61153026	257	6,0,8	16,18,11	21,25,48	28,18,28	189	140	0.000518420728244	0.0225105801269	0.217,0.0,0.35	0.357,0.507,0.559	-0.285
4521	"SPAG1"	"SPAG1"	chr8	+	100233410	100233537	100239239	100239404	100225172	100225339	100240402	100240771	4521	43,47,31	194,243,151	154,80,132	418,249,428	226	264	0.000519557008041	0.0225105801269	0.206,0.184,0.193	0.301,0.273,0.265	-0.085
7624	"ZNF133"	"ZNF133"	chr20	+	18305007	18305178	18305667	18305807	18288282	18288604	18306297	18306393	7624	0,1,1	9,16,4	5,6,4	26,12,22	270	239	0.000520177573379	0.0225105801269	0.0,0.052,0.181	0.145,0.307,0.139	-0.119
10292	"ZNF410"	"ZNF410"	chr14	+	73909340	73909430	73920979	73921105	73904901	73905083	73922065	73922206	10292	44,58,34	22,43,27	101,42,85	115,53,127	189	225	0.00052185627799	0.0225105801269	0.704,0.616,0.6	0.511,0.485,0.443	0.16
6912	"TNS3"	"TNS3"	chr7	-	47481102	47481141	47529035	47529147	47442002	47442055	47582050	47582144	6912	21,26,23	27,39,25	53,23,22	12,9,18	211	138	0.000535907392772	0.0230191445503	0.337,0.304,0.376	0.743,0.626,0.444	-0.265
10127	"KIAA1671"	"KIAA1671"	chr22	+	25014429	25014566	25025632	25025784	24952729	24952772	25027944	25029540	10127	6,9,3	45,43,25	2,3,3	72,56,80	236	251	0.000541643479499	0.0231677757197	0.124,0.182,0.113	0.029,0.054,0.038	0.099
11412	"ARIH2"	"ARIH2"	chr3	+	48927461	48927813	48945135	48945181	48924717	48924839	48961611	48961679	11412	564,681,368	5,2,1	1120,624,1146	23,9,9	451	145	0.000544259625306	0.0231822719063	0.973,0.991,0.992	0.94,0.957,0.976	0.028
1874	"INPP5B"	"INPP5B"	chr1	-	37891357	37891454	37931672	37932053	37889556	37889724	37940687	37940798	1874	0,9,6	16,46,18	0,2,0	21,12,28	480	196	0.000552170133535	0.0233229847108	0.0,0.074,0.12	0.0,0.064,0.0	0.043
6646	"CCBL1"	"CCBL1"	chr9	-	128846679	128846859	128847432	128847643	128845352	128845411	128881896	128882075	6646	0,2,0	7,12,5	1,3,4	8,0,6	310	279	0.000553828739222	0.0233229847108	0.0,0.13,0.0	0.101,1.0,0.375	-0.449
11124	"ELN"	"ELN"	chr7	+	74045221	74045293	74046187	74046217	74043878	74043920	74046695	74046767	11124	6,3,4	2,4,2	0,0,1	1,1,0	171	129	0.000554436375247	0.0233229847108	0.694,0.361,0.601	0.0,0.0,1.0	0.219
4202	"PIGU"	"PIGU"	chr20	-	34581547	34581672	34585436	34585580	34575103	34575246	34588452	34588607	4202	88,84,59	87,97,67	191,110,173	115,73,128	243	224	0.000566726488607	0.0237418751194	0.483,0.444,0.448	0.605,0.581,0.555	-0.122
593	"HSF4"	"HSF4"	chr16	+	67167302	67167402	67167460	67167599	67167119	67167222	67167823	67167947	593	1,4,1	6,9,6	0,0,0	15,2,2	199	238	0.000581862877396	0.0242760823438	0.166,0.347,0.166	0.0,0.0,0.0	0.226
2146	"NARS2"	"NARS2"	chr11	-	78528841	78528936	78559538	78559619	78478584	78478683	78566131	78566267	2146	37,31,21	2,0,2	33,22,74	9,1,13	180	194	0.00060040983558	0.024854636073	0.952,1.0,0.919	0.798,0.96,0.86	0.084
6082	"YPEL5"	"YPEL5"	chr2	+	30148244	30148541	30155849	30155910	30146940	30147062	30156627	30156792	6082	90,146,73	12,5,5	213,128,213	6,2,3	396	160	0.000600613013158	0.024854636073	0.752,0.922,0.855	0.935,0.963,0.966	-0.112
9427	"PRRG2"	"PRRG2"	chr19	+	49583374	49583717	49583912	49583952	49583206	49583304	49588496	49588632	9427	37,42,20	4,3,1	38,26,54	17,5,14	442	139	0.000608929372594	0.0250967652348	0.744,0.815,0.863	0.413,0.621,0.548	0.28
6664	"SNRPA1"	"SNRPA1"	chr15	-	101284966	101285060	101285725	101285801	101281513	101281782	101286907	101287010	6664	20,27,16	239,286,162	55,24,51	327,174,273	175	193	0.00062308220126	0.0255765193904	0.084,0.094,0.098	0.156,0.132,0.171	-0.061
6904	"GUCY1A3"	"GUCY1A3"	chr4	+	155703931	155703993	155708235	155708294	155696755	155697122	155710541	155711251	6904	3,0,3	0,1,0	1,5,1	6,1,2	161	158	0.000628732447873	0.0257048044954	1.0,0.0,1.0	0.141,0.831,0.329	0.233
5728	"EPB41L4A"	"EPB41L4A"	chr5	-	112205420	112205504	112209891	112209982	112204374	112204488	112228671	112228778	5728	1,1,4	2,9,3	0,0,0	8,1,16	190	183	0.000634246752971	0.025826527781	0.325,0.097,0.562	0.0,0.0,0.0	0.328
8190	"ZNF620"	"ZNF620"	chr3	+	40508655	40508774	40511469	40511596	40506303	40506376	40515859	40518736	8190	0,0,1	4,4,1	3,2,2	6,4,6	218	226	0.000643170607843	0.0260855648918	0.0,0.0,0.509	0.341,0.341,0.257	-0.143
2009	"SCFD1"	"SCFD1"	chr14	+	30639776	30639864	30643315	30643405	30638124	30638247	30649527	30649583	2009	68,79,39	52,74,41	98,41,114	54,22,50	187	189	0.000667316990935	0.0267452242824	0.569,0.519,0.49	0.647,0.653,0.697	-0.14
6463	"MARK3"	"MARK3"	chr14	+	103451917	103451983	103457141	103457212	103428386	103428440	103462404	103462461	6463	1,1,2	66,71,25	10,9,8	132,59,135	165	170	0.000663193361124	0.0267452242824	0.015,0.014,0.076	0.072,0.136,0.058	-0.054
9201	"ZNF562"	"ZNF562"	chr19	-	9656546	9656653	9659378	9659467	9652278	9653881	9660719	9660874	9201	11,16,11	28,17,15	4,4,4	29,14,23	188	206	0.000666228301482	0.0267452242824	0.301,0.508,0.446	0.131,0.238,0.16	0.242
8182	"RAD51"	"RAD51"	chr15	+	40709024	40709116	40718804	40718899	40701063	40701201	40728710	40728824	8182	1,1,3	35,55,23	12,5,12	68,49,75	191	194	0.000671248711649	0.0267973015082	0.028,0.018,0.117	0.152,0.094,0.14	-0.074
6398	"GARNL3"	"GARNL3"	chr9	+	127385026	127385145	127387192	127387331	127383437	127383545	127388903	127389119	6398	1,1,1	0,0,2	3,0,0	1,1,4	218	238	0.000684499340366	0.0272195440817	1.0,1.0,0.353	0.766,0.0,0.0	0.529
7040	"FAM49B"	"FAM49B"	chr8	-	129904498	129904585	129912469	129912515	129903311	129903350	129970942	129970995	7040	16,6,6	289,359,199	3,2,0	201,131,189	145	186	0.000688186414643	0.0272596797707	0.066,0.021,0.037	0.019,0.019,0.0	0.029
1566	"MRPS22"	"MRPS22"	chr3	+	139350178	139350322	139350976	139351060	139348159	139348324	139352646	139352792	1566	298,318,152	55,55,42	354,218,358	54,18,38	243	183	0.000696253023764	0.0274723092322	0.803,0.813,0.732	0.832,0.901,0.876	-0.087
2337	"CCNYL1"	"CCNYL1"	chr2	+	207742222	207742342	207747046	207747213	207726841	207726876	207750956	207751114	2337	5,7,4	86,85,64	20,9,19	126,68,81	219	266	0.000704553730011	0.0276924979595	0.066,0.091,0.071	0.162,0.138,0.222	-0.098
9505	"PGS1"	"PGS1"	chr17	+	78396307	78396385	78398251	78398351	78392475	78392665	78399347	78399537	9505	30,27,24	84,77,58	110,60,108	169,94,164	177	199	0.000717521321624	0.028093719439	0.286,0.283,0.318	0.423,0.418,0.425	-0.126
6313	"PRPF40A"	"PRPF40A"	chr2	-	152677450	152677475	152679055	152679109	152676404	152676779	152679351	152679472	6313	26,53,19	77,98,37	58,20,53	199,112,222	153	124	0.000721882327068	0.0281561765883	0.215,0.305,0.294	0.191,0.126,0.162	0.112
10885	"PNKP"	"PNKP"	chr19	-	49861607	49861695	49861771	49861881	49861448	49861510	49862043	49862105	10885	109,75,40	50,27,28	106,63,111	30,12,22	209	187	0.000769321793872	0.0298919689375	0.661,0.713,0.561	0.76,0.824,0.819	-0.156
325	"MPDU1"	"MPDU1"	chr17	+	7585731	7585797	7585950	7586078	7583665	7583965	7586655	7586777	325	54,51,33	25,19,19	44,30,45	38,30,43	165	227	0.000790388222857	0.0305937342536	0.748,0.787,0.705	0.614,0.579,0.59	0.152
1990	"SCMH1"	"SCMH1"	chr1	-	41152598	41152741	41159724	41159933	41142877	41143112	41160874	41160898	1990	16,20,21	18,25,16	37,12,28	14,5,11	308	242	0.000838210443148	0.032273520374	0.411,0.386,0.508	0.675,0.653,0.667	-0.23
11201	"SUB1"	"SUB1"	chr5	+	32588511	32588584	32591562	32591685	32571090	32571174	32598960	32599069	11201	10,20,11	840,968,543	28,8,25	696,380,600	172	222	0.000840126021523	0.032273520374	0.015,0.026,0.025	0.049,0.026,0.051	-0.02
5318	"KIAA1191"	"KIAA1191"	chr5	-	176352621	176352748	176359480	176359567	176350612	176350737	176359810	176359918	5318	112,117,75	410,465,207	132,80,98	612,378,650	186	226	0.000850829368895	0.0325618156968	0.249,0.234,0.306	0.208,0.205,0.155	0.074
1188	"EPS15L1"	"EPS15L1"	chr19	-	16395343	16395467	16402320	16402485	16393950	16394001	16403732	16403745	1188	87,117,48	40,52,31	227,145,218	66,38,61	264	223	0.000856575927789	0.0326589623404	0.648,0.655,0.567	0.744,0.763,0.751	-0.129
1279	"ZNF346"	"ZNF346"	chr5	+	177062057	177062151	177064511	177064601	177044388	177044533	177079381	177081189	1279	7,0,4	0,1,0	4,7,1	4,2,4	193	189	0.000883942777741	0.0334793327684	1.0,0.0,1.0	0.495,0.774,0.197	0.178
8382	"CAP2"	"CAP2"	chr6	+	17513848	17513954	17540972	17541148	17507168	17507312	17542836	17542960	8382	11,11,8	172,184,116	31,12,17	185,82,164	205	275	0.000884669991621	0.0334793327684	0.079,0.074,0.085	0.184,0.164,0.122	-0.077
459	"MYL6"	"MYL6"	chr12	+	56158683	56158711	56159586	56159730	56158160	56158404	56159974	56160148	459	66,96,46	3183,3717,2165	104,64,116	3220,1998,3016	127	243	0.000890839373079	0.0335879437702	0.038,0.047,0.039	0.058,0.058,0.069	-0.02
826	"PRR5-ARHGAP8"	"PRR5-ARHGAP8"	chr22	+	44714590	44714671	44725243	44725292	44702232	44702608	44726576	44726634	826	21,16,8	13,28,16	19,9,14	66,40,66	180	148	0.000917926108045	0.0344004578743	0.57,0.32,0.291	0.191,0.156,0.149	0.228
7161	"ITPA"	"ITPA"	chr20	+	3213168	3213226	3213257	3213383	3209488	3209535	3213984	3214058	7161	6,3,2	80,69,49	10,6,20	97,33,96	157	225	0.00091914779389	0.0344004578743	0.097,0.059,0.055	0.129,0.207,0.23	-0.118
8527	"NVL"	"NVL"	chr1	-	224311799	224311857	224313049	224313151	224307992	224308263	224317693	224317793	8527	2,0,0	48,36,22	3,0,13	67,46,68	201	157	0.000933531338637	0.0348108022979	0.032,0.0,0.0	0.034,0.0,0.13	-0.044
6196	"TCF3"	"TCF3"	chr19	-	1612206	1612433	1615284	1615520	1609289	1611849	1615685	1615821	6196	359,331,209	324,385,191	477,273,481	707,375,635	335	326	0.000942046764986	0.0348790660378	0.519,0.456,0.516	0.396,0.415,0.424	0.085
6233	"CCDC91"	"CCDC91"	chr12	+	28225794	28225861	28255580	28255662	28198942	28199056	28257201	28257245	6233	0,2,0	4,10,5	0,5,8	8,1,11	166	181	0.000942214455834	0.0348790660378	0.0,0.179,0.0	0.0,0.845,0.442	-0.369
2268	"PACRGL"	"PACRGL"	chr4	+	20709682	20709773	20712787	20712922	20707802	20707870	20713431	20713539	2268	20,14,8	32,35,20	15,7,9	59,46,62	190	234	0.000951142275808	0.0349261965038	0.435,0.33,0.33	0.238,0.158,0.152	0.182
6242	"FAM98C"	"FAM98C"	chr19	+	38405518	38405635	38406909	38407077	38405343	38405421	38408750	38409084	6242	46,36,24	74,62,34	51,33,45	172,74,139	216	267	0.000952943052474	0.0349261965038	0.435,0.418,0.466	0.268,0.355,0.286	0.137
9640	"C5orf28"	"C5orf28"	chr5	-	43453657	43454043	43476113	43476258	43444251	43446557	43479889	43479987	9640	0,0,0	63,99,32	6,1,6	185,113,140	244	485	0.000953780218867	0.0349261965038	0.0,0.0,0.0	0.061,0.017,0.079	-0.052
5930	"CTH"	"CTH"	chr1	+	70415955	70416037	70417936	70418032	70411271	70411583	70421565	70421675	5930	41,42,35	38,79,31	49,23,24	120,48,89	181	195	0.000962465132167	0.0351179033887	0.538,0.364,0.549	0.306,0.34,0.225	0.193
3803	"ALG11"	"ALG11"	chr13	+	52018912	52019143	52024005	52024937	52012413	52012462	52028318	52029664	3803	17,41,16	98,129,65	37,33,55	94,63,91	330	1031	0.000979478288974	0.0356110320777	0.351,0.498,0.435	0.552,0.621,0.654	-0.181
154	"RFWD2"	"RFWD2"	chr1	-	176149005	176149074	176162868	176162988	176135009	176135086	176163826	176163891	154	27,34,24	6,1,1	56,39,50	21,6,20	219	168	0.000986203246367	0.0357279325552	0.775,0.963,0.948	0.672,0.833,0.657	0.175
1912	"VEGFA"	"VEGFA"	chr6	+	43780731	43780785	43781955	43782052	43778888	43778918	43784540	43784562	1912	15,24,20	34,40,23	35,12,31	137,53,101	153	196	0.000992311112831	0.0358217274065	0.361,0.435,0.527	0.247,0.225,0.282	0.19
5316	"KIAA1191"	"KIAA1191"	chr5	-	176352621	176352748	176355570	176355749	176350612	176350737	176359480	176359567	5316	333,370,228	408,465,208	393,217,398	601,378,634	278	226	0.00100058082299	0.0359926246574	0.399,0.393,0.471	0.347,0.318,0.338	0.087
9750	"SQSTM1"	"SQSTM1"	chr5	+	179822957	179823053	179823857	179824087	179811573	179811682	179824181	179824323	9750	62,70,44	2846,3181,1839	43,31,37	3257,1778,3013	195	329	0.00101944739147	0.0365421635393	0.035,0.036,0.039	0.022,0.029,0.02	0.013
8326	"ZBTB21"	"ZBTB21"	chr21	-	42002896	42002961	42009466	42009597	41993947	41994108	42010251	42010357	8326	14,12,7	29,35,21	21,14,14	24,13,12	230	164	0.00103084620957	0.036821103205	0.256,0.196,0.192	0.384,0.434,0.454	-0.209
1240	"NUP214"	"NUP214"	chr9	+	131189052	131189131	131195232	131195294	131178310	131178410	131197215	131197330	1240	0,1,0	27,27,32	3,4,6	63,37,65	178	161	0.00103876606228	0.0368904211172	0.0,0.032,0.0	0.041,0.089,0.077	-0.058
4765	"HMGN2"	"HMGN2"	chr1	+	26473482	26473527	26473702	26473732	26472518	26472627	26474084	26474135	4765	1060,1013,574	242,265,148	1226,695,1165	217,130,195	144	129	0.00104003446568	0.0368904211172	0.797,0.774,0.777	0.835,0.827,0.843	-0.052
7037	"FAM49B"	"FAM49B"	chr8	-	129903311	129903350	129904498	129904585	129879388	129879471	129970942	129970995	7037	99,82,54	245,307,170	41,21,44	192,134,202	186	138	0.00104979862139	0.0371074651589	0.231,0.165,0.191	0.137,0.104,0.139	0.069
8843	"RPL18"	"RPL18"	chr19	-	48616725	48616824	48617315	48617415	48616078	48616202	48617790	48617877	8843	33,33,11	2295,2564,1424	36,26,55	2156,1206,2177	199	198	0.00105662439494	0.0372195029083	0.014,0.013,0.008	0.016,0.021,0.025	-0.009
1659	"SLC29A2"	"SLC29A2"	chr11	-	66371243	66371325	66371562	66371611	66369368	66369532	66372009	66372099	1659	3,2,1	87,110,74	8,7,7	125,58,109	148	181	0.0010849782601	0.0379555968654	0.04,0.022,0.016	0.073,0.129,0.073	-0.066
6407	"KIAA0319L"	"KIAA0319L"	chr1	-	35470862	35470960	35474804	35474906	35462620	35462713	35478965	35479212	6407	56,44,41	1,1,0	76,50,81	6,0,8	201	197	0.00108324743497	0.0379555968654	0.982,0.977,1.0	0.925,1.0,0.908	0.042
8094	"DPY30"	"DPY30"	chr2	-	31891991	31892134	31932066	31932135	31869847	31869952	31943301	31943383	8094	0,0,61	77,68,40	49,28,125	126,69,87	168	242	0.00112395791595	0.0391845602204	0.0,0.0,0.687	0.359,0.369,0.674	-0.238
2391	"SDCCAG3"	"SDCCAG3"	chr9	-	136405117	136405202	136405904	136405978	136404630	136404693	136407144	136407185	2391	90,92,50	5,5,3	135,97,202	28,9,22	173	184	0.00113678194046	0.0394963827778	0.95,0.951,0.947	0.837,0.92,0.907	0.061
4207	"IL32"	"IL32"	chr16	+	3067376	3067415	3067442	3067613	3065783	3065826	3067983	3068010	4207	0,2,0	3,0,2	1,1,2	2,0,0	138	270	0.00114639475296	0.0395603341869	0.0,1.0,0.0	0.495,1.0,1.0	-0.498
9375	"FRAS1"	"FRAS1"	chr4	+	78286404	78286539	78308065	78308209	78284404	78284548	78315593	78315734	9375	10,8,4	5,8,3	3,1,6	9,11,13	234	243	0.0011437386336	0.0395603341869	0.675,0.509,0.581	0.257,0.086,0.324	0.366
586	"GCOM1"	"GCOM1"	chr15	+	57674967	57675068	57711983	57712188	57661449	57661533	57714535	57714745	586	18,8,3	100,124,69	3,7,7	215,117,186	200	304	0.00118645846404	0.040755050576	0.215,0.089,0.062	0.021,0.083,0.054	0.069
9913	"ATG13"	"ATG13"	chr11	+	46618259	46618375	46621041	46621157	46617556	46617890	46644278	46644360	9913	41,46,20	0,1,10	50,30,84	2,0,0	215	215	0.00118902259539	0.040755050576	1.0,0.979,0.667	0.962,1.0,1.0	-0.105
9332	"PHKG2"	"PHKG2"	chr16	+	30751548	30751603	30753231	30753297	30751105	30751217	30753393	30753553	9332	0,1,0	55,51,49	3,1,9	80,56,96	154	165	0.00121287674592	0.0414331720586	0.0,0.021,0.0	0.039,0.019,0.091	-0.043
7615	"SSR1"	"SSR1"	chr6	-	7295384	7295485	7297922	7298001	7289675	7289931	7298746	7298823	7615	130,184,98	1,1,0	225,87,176	7,3,9	178	200	0.00123741909501	0.041989754624	0.993,0.995,1.0	0.973,0.97,0.956	0.03
8103	"PTPN12"	"PTPN12"	chr7	+	77538764	77538845	77563935	77564195	77537553	77537645	77571077	77571186	8103	0,2,0	8,4,8	1,3,2	7,3,2	180	359	0.00123582802103	0.041989754624	0.0,0.499,0.0	0.222,0.666,0.666	-0.352
5322	"KIAA1191"	"KIAA1191"	chr5	-	176355570	176355749	176359480	176359567	176352621	176352748	176359810	176359918	5322	111,116,74	375,462,266	127,84,98	685,368,639	186	278	0.00124660979123	0.0421610886203	0.307,0.273,0.294	0.217,0.254,0.186	0.072
4751	"DMKN"	"DMKN"	chr19	-	35506509	35506665	35507457	35507511	35506125	35506185	35508204	35508240	4751	18,31,27	0,4,7	61,20,40	1,1,1	153	255	0.00131329152652	0.0438354168775	1.0,0.928,0.865	0.99,0.971,0.985	-0.051
8753	"USP28"	"USP28"	chr11	-	113852500	113852633	113854257	113854335	113841662	113841768	113875444	113875528	8753	3,2,0	39,13,20	10,12,6	42,26,46	177	232	0.00131764612618	0.0438354168775	0.092,0.168,0.0	0.238,0.377,0.146	-0.167
9998	"OGFOD3"	"OGFOD3"	chr17	-	82411454	82411530	82415397	82415627	82406417	82406482	82418411	82418576	9998	103,72,51	0,0,0	107,57,111	4,1,5	329	175	0.00131650162778	0.0438354168775	1.0,1.0,1.0	0.934,0.968,0.922	0.059
10963	"RP11-286N22.8"	"RP11-286N22.8"	chr11	+	61437624	61437848	61438003	61438113	61430149	61430182	61445940	61446231	10963	243,311,166	123,163,95	617,334,627	243,108,234	323	209	0.0013135628442	0.0438354168775	0.561,0.552,0.531	0.622,0.667,0.634	-0.093
11407	"ARIH2"	"ARIH2"	chr3	+	48927461	48927813	48944981	48945181	48922747	48922811	48961611	48961679	11407	540,672,365	5,1,0	1076,612,1131	24,9,9	451	299	0.00131700744259	0.0438354168775	0.986,0.998,1.0	0.967,0.978,0.988	0.017
3159	"SLC50A1"	"SLC50A1"	chr1	+	155136298	155136376	155136827	155136951	155135849	155135991	155137560	155137722	3159	267,317,179	170,176,122	220,143,228	211,113,212	177	223	0.00134363262161	0.0444096756104	0.664,0.694,0.649	0.568,0.615,0.575	0.083
7157	"PRKAB2"	"PRKAB2"	chr1	-	147166845	147166939	147171988	147172167	147162439	147162573	147172428	147172544	7157	20,13,9	1,1,1	29,15,32	11,1,11	278	193	0.00134311333978	0.0444096756104	0.933,0.9,0.862	0.647,0.912,0.669	0.156
3941	"BIN1"	"BIN1"	chr2	-	127051153	127051243	127057472	127057601	127050801	127050912	127059010	127059155	3941	15,9,2	15,11,11	28,7,22	11,4,8	228	189	0.0013634828141	0.0449199192477	0.453,0.404,0.131	0.678,0.592,0.695	-0.326
3467	"ZCCHC7"	"ZCCHC7"	chr9	+	37302187	37302231	37304187	37304313	37126311	37126942	37305543	37305714	3467	0,1,0	27,31,23	4,6,6	119,91,135	143	225	0.00139683382864	0.0458702205663	0.0,0.048,0.0	0.05,0.094,0.065	-0.054
1798	"BIRC5"	"BIRC5"	chr17	+	78215965	78216034	78216663	78216781	78214679	78214789	78223464	78225636	1798	30,50,22	602,662,328	95,45,67	818,505,691	168	217	0.00142799206218	0.0466975392534	0.06,0.089,0.08	0.13,0.103,0.111	-0.038
6214	"UBE2K"	"UBE2K"	chr4	+	39755656	39755739	39774833	39774933	39745751	39745810	39778359	39779983	6214	114,119,84	22,23,14	135,76,150	13,12,6	182	199	0.00143120159598	0.0466975392534	0.85,0.85,0.868	0.919,0.874,0.965	-0.063
846	"UFD1L"	"UFD1L"	chr22	-	19471686	19471808	19475067	19475100	19467402	19468003	19475469	19475602	846	94,97,45	269,291,162	88,58,84	425,238,428	132	221	0.00144851492677	0.0469614074985	0.369,0.358,0.317	0.257,0.29,0.247	0.083
9563	"RBM47"	"RBM47"	chr4	-	40466576	40466699	40544421	40544506	40437770	40438924	40629395	40629864	9563	40,56,38	46,49,26	32,20,32	64,29,56	184	222	0.00144779419763	0.0469614074985	0.512,0.58,0.638	0.376,0.454,0.408	0.164
5746	"ZNF559-ZNF177"	"ZNF559-ZNF177"	chr19	+	9341101	9341184	9364861	9364948	9324694	9324780	9371609	9371752	5746	0,0,1	4,1,4	2,0,6	0,4,6	182	186	0.00146522206452	0.0473522559264	0.0,0.0,0.204	1.0,0.0,0.505	-0.434
1189	"SBF1"	"SBF1"	chr22	-	50457033	50457111	50459254	50459392	50456491	50456673	50459469	50459666	1189	153,138,95	82,75,41	377,208,353	128,59,124	237	177	0.00147426233436	0.0474936410246	0.582,0.579,0.634	0.687,0.725,0.68	-0.099
8317	"APTX"	"APTX"	chr9	-	32987543	32987731	32988082	32988129	32985970	32986030	32989758	32989895	8317	20,15,11	177,226,106	57,30,44	316,154,333	146	287	0.00148083775949	0.0475549791533	0.182,0.115,0.169	0.262,0.277,0.206	-0.093
10657	"STX16"	"STX16"	chr20	+	58659622	58659634	58667200	58667318	58652072	58652087	58667489	58667597	10657	5,11,6	1,4,3	4,14,26	2,0,0	111	217	0.00149184682164	0.0477578636613	0.907,0.843,0.796	0.796,1.0,1.0	-0.083
11243	"TBXAS1"	"TBXAS1"	chr7	+	139780739	139780824	139782665	139782729	139778247	139778471	139787337	139787426	11243	16,13,10	2,6,2	6,3,8	6,5,8	184	163	0.00150012118648	0.0478722058883	0.876,0.657,0.816	0.47,0.347,0.47	0.354
1779	"ZMYND8"	"ZMYND8"	chr20	-	47349860	47349988	47355449	47355520	47347855	47347926	47356656	47356889	1779	3,5,4	0,0,0	14,9,10	2,3,2	170	227	0.00151910440613	0.04832650892	1.0,1.0,1.0	0.903,0.8,0.87	0.142
5784	"METTL5"	"METTL5"	chr2	-	169812456	169812524	169815476	169815528	169811756	169811858	169819560	169819643	5784	24,55,13	0,1,0	42,32,37	4,1,5	151	167	0.00153368828425	0.0486384633448	1.0,0.984,1.0	0.921,0.973,0.891	0.066
327	"MPDU1"	"MPDU1"	chr17	+	7585731	7585797	7585945	7586078	7583847	7583965	7586655	7587201	327	54,51,33	31,19,20	44,30,45	42,33,43	165	232	0.00155826290761	0.0492643366443	0.71,0.791,0.699	0.596,0.561,0.595	0.149
3748	"GTF2H3"	"GTF2H3"	chr12	+	123659429	123659475	123659515	123659584	123652706	123652735	123659794	123659930	3748	0,2,1	53,36,12	3,5,5	52,29,33	145	168	0.00156917993914	0.0492680592059	0.0,0.06,0.088	0.063,0.167,0.149	-0.077
10349	"B4GALT4"	"B4GALT4"	chr3	-	119229846	119230244	119236852	119237070	119226808	119227041	119240849	119240878	10349	90,86,50	202,182,114	192,116,169	280,163,259	317	497	0.00156475283976	0.0492680592059	0.411,0.426,0.407	0.518,0.527,0.506	-0.102
11092	"UBR2"	"UBR2"	chr6	+	42617239	42617338	42617408	42617507	42616001	42616090	42632551	42632715	11092	0,0,5	24,29,21	13,4,19	61,39,68	198	198	0.00157289972907	0.0492680592059	0.0,0.0,0.192	0.176,0.093,0.218	-0.098
3304	"YAF2"	"YAF2"	chr12	-	42199135	42199235	42210354	42210454	42161612	42161765	42210547	42210619	3304	2,3,7	2,2,4	5,2,3	0,0,2	199	199	0.00158272455169	0.0493267175804	0.5,0.6,0.636	1.0,1.0,0.6	-0.288
9742	"TACC2"	"TACC2"	chr10	+	122132608	122132734	122143571	122143706	122088477	122088591	122195039	122195176	9742	77,111,72	49,71,44	49,28,49	61,23,65	225	234	0.00158446332503	0.0493267175804	0.62,0.619,0.63	0.455,0.559,0.439	0.139
3801	"SMG6"	"SMG6"	chr17	-	2236491	2236637	2244657	2244719	2188398	2188515	2282646	2282859	3801	2,2,6	29,36,28	16,11,18	60,33,53	161	245	0.00160189328863	0.0497172977996	0.095,0.078,0.246	0.289,0.337,0.341	-0.183
8848	"TMPRSS2"	"TMPRSS2"	chr21	-	41489506	41489593	41494355	41494578	41480475	41480602	41498118	41498189	8848	364,367,241	2,6,4	345,199,359	8,11,11	322	186	0.00160764609971	0.0497441863071	0.991,0.972,0.972	0.961,0.913,0.95	0.037
