"ID"	"GeneID"	"geneSymbol"	"chr"	"strand"	"X1stExonStart_0base"	"X1stExonEnd"	"X2ndExonStart_0base"	"X2ndExonEnd"	"upstreamES"	"upstreamEE"	"downstreamES"	"downstreamEE"	"ID.1"	"IJC_SAMPLE_1"	"SJC_SAMPLE_1"	"IJC_SAMPLE_2"	"SJC_SAMPLE_2"	"IncFormLen"	"SkipFormLen"	"PValue"	"FDR"	"IncLevel1"	"IncLevel2"	"IncLevelDifference"
1797	"BIRC5"	"BIRC5"	chr17	+	78214679	78214789	78216663	78216781	78214262	78214427	78222827	78222992	1797	387,433,206	8,5,1	652,329,639	57,25,57	198	198	4.66293670343e-15	7.82829356894e-12	0.98,0.989,0.995	0.92,0.929,0.918	0.066
1383	"RUNX1"	"RUNX1"	chr21	-	34834409	34834601	34859473	34859578	34821278	34821696	34880556	34880713	1383	288,350,222	21,21,8	305,169,346	63,54,67	198	198	5.55111512313e-15	7.98805466218e-12	0.932,0.943,0.965	0.829,0.758,0.838	0.138
4377	"CTNNA1"	"CTNNA1"	chr5	+	138783176	138783372	138824529	138824799	138781922	138782029	138827514	138827718	4377	37,44,18	118,141,102	190,99,222	217,115,228	198	198	8.10462807976e-15	1.02047398309e-11	0.239,0.238,0.15	0.467,0.463,0.493	-0.265
3489	"TYK2"	"TYK2"	chr19	-	10352433	10352551	10352925	10353098	10351051	10351162	10354041	10354234	3489	3,13,9	159,148,79	51,25,54	153,86,148	198	198	5.81756864904e-14	6.20671847251e-11	0.019,0.081,0.102	0.25,0.225,0.267	-0.18
10525	"DPM1"	"DPM1"	chr20	-	50942030	50942126	50945736	50945762	50936147	50936262	50945846	50945861	10525	68,72,45	19,21,11	64,41,51	84,51,54	124	194	6.16173778667e-14	6.20671847251e-11	0.848,0.843,0.865	0.544,0.557,0.596	0.286
10495	"HNRNPDL"	"HNRNPDL"	chr4	-	82426036	82426129	82426462	82426633	82425562	82425667	82427189	82427304	10495	476,502,306	36,53,28	420,257,426	116,76,91	198	191	7.76045894213e-14	7.10646390219e-11	0.927,0.901,0.913	0.777,0.765,0.819	0.127
4768	"ANKRD11"	"ANKRD11"	chr16	-	89291680	89291777	89305205	89305344	89291012	89291183	89316932	89317078	4768	276,288,150	80,83,47	746,378,640	66,42,82	198	195	3.13860049062e-13	2.63459356183e-10	0.773,0.774,0.759	0.918,0.899,0.885	-0.132
5321	"KIAA1191"	"KIAA1191"	chr5	-	176355570	176355749	176359480	176359567	176350612	176350737	176359810	176359918	5321	112,117,75	30,25,14	132,80,98	93,58,101	185	198	7.09432512735e-13	5.49701053906e-10	0.8,0.834,0.851	0.603,0.596,0.509	0.259
6064	"TMEM183A"	"TMEM183A"	chr1	+	203014888	203015048	203015959	203016140	203008642	203008810	203017755	203017919	6064	212,227,153	24,22,29	270,161,269	92,64,114	198	198	1.24489307751e-12	8.95700569268e-10	0.898,0.912,0.841	0.746,0.716,0.702	0.162
11385	"GPI"	"GPI"	chr19	+	34381465	34381519	34393247	34393308	34379517	34379562	34393727	34393771	11385	123,1,1	1281,1380,756	0,0,3	1195,687,1098	152	159	1.51778589697e-12	1.01924382268e-09	0.091,0.001,0.001	0.0,0.0,0.003	0.03
4971	"RPL13A"	"RPL13A"	chr19	+	49490231	49490297	49490474	49490576	49489849	49489912	49490778	49490864	4971	176,225,145	3702,4079,2324	338,155,306	2840,1672,2711	164	198	5.84887693833e-12	3.68223358749e-09	0.054,0.062,0.07	0.126,0.101,0.12	-0.054
10070	"ZZZ3"	"ZZZ3"	chr1	-	77631849	77633405	77639448	77639602	77584516	77584655	77641383	77641446	10070	47,26,19	70,58,46	54,52,52	18,20,29	198	198	8.11051226179e-12	4.80571705959e-09	0.402,0.31,0.292	0.75,0.722,0.642	-0.37
2807	"ANAPC15"	"ANAPC15"	chr11	-	72111156	72111286	72111411	72111496	72110543	72110603	72111923	72112232	2807	1,0,2	224,265,135	23,20,31	485,237,455	183	198	3.42212924664e-11	1.91506155008e-08	0.005,0.0,0.016	0.049,0.084,0.069	-0.06
5308	"KIAA1191"	"KIAA1191"	chr5	-	176350612	176350737	176355570	176355749	176348249	176348356	176359810	176359918	5308	30,25,14	243,298,169	95,58,102	325,215,401	198	198	6.89363011119e-11	3.65471242684e-08	0.11,0.077,0.077	0.226,0.212,0.203	-0.126
10527	"DPM1"	"DPM1"	chr20	-	50942030	50942126	50945736	50945762	50941128	50941209	50945846	50945923	10527	67,72,45	25,26,16	62,41,51	82,47,61	124	194	1.38934419525e-10	6.99743203938e-08	0.807,0.812,0.815	0.542,0.577,0.567	0.249
5320	"KIAA1191"	"KIAA1191"	chr5	-	176355570	176355749	176359480	176359567	176348249	176348356	176359810	176359918	5320	144,145,86	30,25,14	191,120,175	95,58,102	185	198	2.06787587054e-10	9.91891125902e-08	0.837,0.861,0.868	0.683,0.689,0.647	0.182
11323	"CD44"	"CD44"	chr11	+	35208104	35208206	35211245	35211449	35189834	35190065	35214851	35214914	11323	250,319,196	544,639,367	124,87,117	484,335,516	198	198	2.89186119495e-10	1.32407808258e-07	0.315,0.333,0.348	0.204,0.206,0.185	0.134
2568	"CIZ1"	"CIZ1"	chr9	-	128185546	128185776	128187862	128187934	128180720	128180799	128190328	128190444	2568	79,109,47	10,18,12	128,78,165	93,39,87	170	198	3.84520082441e-10	1.62542959907e-07	0.902,0.876,0.82	0.616,0.7,0.688	0.198
6908	"TRA2A"	"TRA2A"	chr7	-	23516362	23516528	23521706	23522432	23512893	23513082	23531788	23531981	6908	16,20,9	124,161,91	82,52,81	233,127,225	198	198	3.87275989056e-10	1.62542959907e-07	0.114,0.11,0.09	0.26,0.291,0.265	-0.167
10468	"SARNP"	"SARNP"	chr12	-	55796024	55796076	55800561	55800629	55794806	55794880	55803628	55803728	10468	6,5,2	62,86,50	35,17,23	89,32,79	166	150	6.34500452179e-10	2.55652922192e-07	0.08,0.05,0.035	0.262,0.324,0.208	-0.21
10068	"ZZZ3"	"ZZZ3"	chr1	-	77584766	77584829	77631849	77633405	77584516	77584655	77641383	77641446	10068	70,58,46	2,2,2	18,20,29	9,5,14	198	161	8.16141043636e-10	3.16191874329e-07	0.966,0.959,0.949	0.619,0.765,0.627	0.288
9348	"SHMT2"	"SHMT2"	chr12	+	57230802	57231000	57231480	57231560	57230085	57230244	57231712	57231913	9348	140,201,116	342,419,255	439,204,418	512,253,455	198	178	1.19781018437e-09	4.4687192545e-07	0.269,0.301,0.29	0.435,0.42,0.452	-0.149
9359	"EPB41L1"	"EPB41L1"	chr20	+	36122678	36122747	36125422	36125527	36121721	36121816	36173763	36173954	9359	0,7,1	4,5,4	2,1,1	0,0,0	167	198	1.29061161758e-09	4.64297529424e-07	0.0,0.624,0.229	1.0,1.0,1.0	-0.716
847	"UFD1L"	"UFD1L"	chr22	-	19471686	19471808	19475067	19475100	19467872	19468003	19475495	19475602	847	7,8,6	236,255,143	45,20,58	372,206,396	131	198	1.74662484476e-09	6.06681105561e-07	0.043,0.045,0.06	0.155,0.128,0.181	-0.105
8291	"UPF3A"	"UPF3A"	chr13	+	114286518	114286629	114291633	114291792	114281952	114282127	114298839	114299000	8291	7,6,2	207,230,123	26,23,35	261,165,302	198	198	4.70552297127e-09	1.57995776299e-06	0.033,0.025,0.016	0.091,0.122,0.104	-0.081
532	"FYN"	"FYN"	chr6	-	111699514	111699670	111700103	111700268	111696276	111696456	111702884	111703034	532	54,46,32	10,17,10	64,33,39	57,39,56	198	198	6.20364781767e-09	2.0157853054e-06	0.844,0.73,0.762	0.529,0.458,0.411	0.313
5317	"KIAA1191"	"KIAA1191"	chr5	-	176352621	176352748	176355570	176355749	176350612	176350737	176359810	176359918	5317	30,25,14	362,412,179	93,58,101	538,312,558	198	198	6.65742649897e-09	2.09563303513e-06	0.077,0.057,0.073	0.147,0.157,0.153	-0.083
1617	"NDUFS2"	"NDUFS2"	chr1	+	161206406	161206597	161209192	161209313	161202045	161202480	161209482	161209516	1617	2,4,4	205,253,124	11,10,25	188,98,188	198	198	1.26822242708e-08	3.87115288121e-06	0.01,0.016,0.031	0.055,0.093,0.117	-0.069
7227	"CCNY"	"CCNY"	chr10	+	35483403	35483478	35501500	35501535	35394815	35394878	35516522	35516623	7227	0,0,0	54,54,19	9,3,16	72,25,79	173	133	1.57615511753e-08	4.6695913232e-06	0.0,0.0,0.0	0.088,0.084,0.135	-0.102
5316	"KIAA1191"	"KIAA1191"	chr5	-	176352621	176352748	176355570	176355749	176350612	176350737	176359480	176359567	5316	179,177,104	360,412,180	142,67,147	527,312,542	198	198	2.0814069579e-08	5.99028922484e-06	0.332,0.301,0.366	0.212,0.177,0.213	0.132
7501	"ST6GALNAC5"	"ST6GALNAC5"	chr1	+	77044203	77044613	77050257	77050365	76868496	76868742	77062974	77065711	7501	5,0,0	28,44,28	9,11,19	25,7,30	198	198	2.25192919867e-08	6.30102300506e-06	0.152,0.0,0.0	0.265,0.611,0.388	-0.371
7500	"ST6GALNAC5"	"ST6GALNAC5"	chr1	+	77044203	77044613	77050261	77050365	76868496	76868742	77062974	77064058	7500	5,0,0	28,46,28	9,11,19	25,6,30	198	198	3.09306731339e-08	8.42066676967e-06	0.152,0.0,0.0	0.265,0.647,0.388	-0.383
2567	"CIZ1"	"CIZ1"	chr9	-	128180720	128180799	128185546	128185776	128180414	128180523	128190328	128190444	2567	8,9,7	118,123,80	46,27,52	182,112,204	198	177	3.39900623203e-08	8.77902301929e-06	0.057,0.061,0.073	0.184,0.177,0.186	-0.119
5530	"FTH1"	"FTH1"	chr11	-	61964986	61965112	61965368	61965577	61964565	61964891	61967311	61967633	5530	114,138,86	6492,7657,4508	331,170,297	9270,5219,10168	198	198	3.39555819018e-08	8.77902301929e-06	0.017,0.018,0.019	0.034,0.032,0.028	-0.013
897	"ZCCHC17"	"ZCCHC17"	chr1	+	31338956	31339048	31346639	31346740	31319108	31319166	31364031	31364953	897	0,0,0	9,2,1	3,1,6	3,4,5	190	198	5.4889941481e-08	1.38226595135e-05	0.0,0.0,0.0	0.51,0.207,0.556	-0.424
7233	"CCNY"	"CCNY"	chr10	+	35516522	35516623	35525963	35525999	35483403	35483478	35529972	35530030	7233	3,1,1	48,59,42	26,5,27	103,64,91	198	134	7.29335063454e-08	1.79185173029e-05	0.041,0.011,0.016	0.146,0.05,0.167	-0.098
3224	"NFASC"	"NFASC"	chr1	+	205001169	205001286	205002595	205002748	204988632	204988806	205009556	205009688	3224	8,4,3	10,5,12	0,0,0	11,1,3	198	198	8.2640351895e-08	1.98199110628e-05	0.444,0.444,0.2	0.0,0.0,0.0	0.363
5113	"KIN"	"KIN"	chr10	-	7780263	7780307	7783080	7783175	7780055	7780178	7787819	7787981	5113	37,29,32	26,21,23	43,32,29	94,64,68	193	142	1.05467470313e-07	2.47063681038e-05	0.511,0.504,0.506	0.252,0.269,0.239	0.254
11199	"SUB1"	"SUB1"	chr5	+	32536637	32536695	32591562	32591685	32531848	32531916	32598960	32599069	11199	9,5,7	639,761,430	19,8,30	550,276,490	156	198	1.23501744831e-07	2.82734789928e-05	0.018,0.008,0.02	0.042,0.035,0.072	-0.034
9205	"ZNF562"	"ZNF562"	chr19	-	9658008	9658135	9659378	9659467	9653707	9653881	9660719	9660874	9205	11,16,11	0,0,0	4,4,4	3,1,5	187	198	1.39664654397e-07	3.1263156972e-05	1.0,1.0,1.0	0.585,0.809,0.459	0.382
2684	"PNPO"	"PNPO"	chr17	+	47943305	47943430	47944615	47944715	47941570	47942051	47945558	47945612	2684	0,0,0	19,16,17	7,3,5	15,14,24	198	198	1.58905841263e-07	3.47969247618e-05	0.0,0.0,0.0	0.318,0.176,0.172	-0.222
6730	"HAT1"	"HAT1"	chr2	+	171925536	171925641	171946707	171946783	171922461	171922507	171965337	171965517	6730	66,103,37	0,0,0	99,50,89	14,5,3	198	174	1.6796755864e-07	3.59986642166e-05	1.0,1.0,1.0	0.861,0.898,0.963	0.093
11281	"FAM192A"	"FAM192A"	chr16	-	57175538	57175700	57178709	57178852	57173772	57173869	57185820	57186039	11281	3,6,1	5,4,0	0,0,0	1,5,4	198	198	2.05120267438e-07	4.30453427896e-05	0.375,0.6,1.0	0.0,0.0,0.0	0.658
6824	"PKD1L2"	"PKD1L2"	chr16	-	81175604	81175750	81177806	81177983	81174719	81174914	81179644	81179786	6824	6,3,2	1,3,2	1,0,0	6,2,5	198	198	2.41135630796e-07	4.95705961022e-05	0.857,0.5,0.5	0.143,0.0,0.0	0.571
7234	"CCNY"	"CCNY"	chr10	+	35516522	35516623	35529972	35530030	35483403	35483478	35530123	35530243	7234	0,0,0	41,59,27	10,2,17	92,58,87	198	156	2.63402025968e-07	5.30649721515e-05	0.0,0.0,0.0	0.079,0.026,0.133	-0.079
10497	"RP11-274B21.14"	"RP11-274B21.14"	chr7	+	128578889	128578933	128579998	128580094	128574750	128574791	128591849	128592017	10497	0,0,0	6,14,9	8,3,5	24,9,26	142	194	2.78302119794e-07	5.39103317824e-05	0.0,0.0,0.0	0.313,0.313,0.208	-0.278
10828	"PPP1R2"	"PPP1R2"	chr3	-	195524818	195524896	195529793	195529901	195519017	195519185	195542903	195543386	10828	147,115,63	5,6,0	141,118,198	27,14,24	198	176	2.76186362891e-07	5.39103317824e-05	0.963,0.945,1.0	0.823,0.882,0.88	0.108
1549	"PYROXD1"	"PYROXD1"	chr12	+	21445346	21445466	21449562	21449691	21440367	21440448	21455131	21455292	1549	14,32,14	0,0,3	37,27,24	20,7,13	198	198	2.96725658711e-07	5.63946709471e-05	1.0,1.0,0.824	0.649,0.794,0.649	0.244
463	"MYL6"	"MYL6"	chr12	+	56159586	56159622	56159622	56159730	56158683	56158711	56159974	56160148	463	214,222,128	1488,1786,1188	257,157,316	1357,839,1229	134	198	3.66143006358e-07	6.82992315379e-05	0.175,0.155,0.137	0.219,0.217,0.275	-0.081
269	"TPD52L1"	"TPD52L1"	chr6	+	125229117	125229266	125248281	125248383	125219844	125220193	125262833	125263148	269	1253,1473,783	637,614,428	702,424,697	524,298,625	198	198	4.08356858106e-07	7.44052492221e-05	0.663,0.706,0.647	0.573,0.587,0.527	0.11
7393	"PLSCR1"	"PLSCR1"	chr3	-	146521832	146522053	146525604	146525647	146521543	146521705	146533469	146533550	7393	20,19,5	278,298,193	31,25,36	269,119,200	141	198	4.13649752451e-07	7.44052492221e-05	0.092,0.082,0.035	0.139,0.228,0.202	-0.12
9453	"HAUS4"	"HAUS4"	chr14	-	22947867	22948013	22950313	22950410	22947600	22947731	22955099	22955176	9453	5,13,4	126,127,85	18,9,28	74,58,87	195	198	4.86643986886e-07	8.59993838579e-05	0.039,0.094,0.046	0.198,0.136,0.246	-0.134
3116	"UBE2J2"	"UBE2J2"	chr1	-	1264782	1264830	1266097	1266290	1263345	1263386	1267732	1267992	3116	8,16,5	1,0,0	14,8,12	5,5,6	198	146	5.27375526027e-07	9.15905805805e-05	0.855,1.0,1.0	0.674,0.541,0.596	0.348
5469	"EIF3H"	"EIF3H"	chr8	-	116655855	116656005	116726015	116726172	116646470	116646603	116755665	116755797	5469	614,703,357	4,2,1	402,276,438	21,6,11	198	198	5.85705726919e-07	9.99968438518e-05	0.994,0.997,0.997	0.95,0.979,0.976	0.028
7392	"PLSCR1"	"PLSCR1"	chr3	-	146521832	146521981	146525604	146525647	146521543	146521705	146533469	146533550	7392	20,19,5	278,298,193	31,25,36	277,117,200	141	198	5.99252924616e-07	0.000100604578494	0.092,0.082,0.035	0.136,0.231,0.202	-0.12
3305	"YAF2"	"YAF2"	chr12	-	42199135	42199235	42210547	42210619	42161612	42161765	42237598	42237724	3305	0,0,1	2,2,4	1,4,1	1,0,2	170	198	6.41784820732e-07	0.000105978663922	0.0,0.0,0.226	0.538,1.0,0.368	-0.56
3257	"TUBE1"	"TUBE1"	chr6	-	112086555	112086608	112087232	112087306	112081091	112081207	112087409	112087479	3257	135,139,102	16,16,3	307,163,345	77,38,83	172	151	7.45342687791e-07	0.000121094143454	0.881,0.884,0.968	0.778,0.79,0.785	0.127
7391	"PLSCR1"	"PLSCR1"	chr3	-	146521543	146522053	146525604	146525647	146517005	146517167	146533469	146533550	7391	17,10,2	250,289,128	23,25,26	232,133,200	141	198	8.53577610593e-07	0.000136477575738	0.087,0.046,0.021	0.122,0.209,0.154	-0.11
3181	"UBE2E1"	"UBE2E1"	chr3	+	23811459	23811510	23887566	23887699	23807236	23807421	23890508	23891316	3181	135,143,87	13,13,2	148,67,132	2,0,0	149	198	9.23350324089e-07	0.000145326684602	0.932,0.936,0.983	0.99,1.0,1.0	-0.046
11315	"CD44"	"CD44"	chr11	+	35198120	35198246	35204511	35204640	35189834	35190065	35206111	35206243	11315	179,185,111	461,587,281	390,243,401	676,351,706	198	198	9.82529350768e-07	0.000152261817697	0.28,0.24,0.283	0.366,0.409,0.362	-0.111
9807	"MIR4435-2HG"	"MIR4435-2HG"	chr2	-	111233627	111233739	111248147	111248241	111207775	111208661	111344060	111344237	9807	18,21,12	1,3,1	65,46,76	44,23,35	192	198	1.13314151484e-06	0.0001729414315	0.949,0.878,0.925	0.604,0.673,0.691	0.261
654	"UBE2Q2"	"UBE2Q2"	chr15	+	75883365	75883424	75896994	75897061	75873427	75873568	75899426	75901044	654	0,0,0	14,10,4	4,1,5	10,7,11	157	165	1.21956477273e-06	0.000183353372473	0.0,0.0,0.0	0.296,0.131,0.323	-0.25
3297	"DAZAP1"	"DAZAP1"	chr19	+	1428841	1428995	1429966	1429996	1422347	1422396	1430221	1430362	3297	17,30,14	31,27,20	108,45,96	39,21,40	198	128	1.34527896645e-06	0.000199279338663	0.262,0.418,0.312	0.642,0.581,0.608	-0.28
9043	"YY1AP1"	"YY1AP1"	chr1	-	155668626	155668717	155670319	155670464	155661306	155661423	155675009	155675096	9043	1,3,0	117,68,27	30,4,19	202,100,209	198	189	1.39668555243e-06	0.000200983050995	0.008,0.04,0.0	0.124,0.037,0.08	-0.064
9421	"TRAIP"	"TRAIP"	chr3	-	49840283	49840373	49843800	49843928	49839771	49839860	49844540	49844580	9421	19,28,24	10,16,6	28,15,13	38,32,44	198	188	1.38158812113e-06	0.000200983050995	0.643,0.624,0.792	0.412,0.308,0.219	0.373
9964	"POLR2G"	"POLR2G"	chr11	+	62762541	62762866	62762866	62763026	62761794	62761904	62765181	62765232	9964	44,38,28	613,815,401	106,66,122	961,570,956	198	198	1.42668877201e-06	0.000202408957753	0.067,0.045,0.065	0.099,0.104,0.113	-0.046
7923	"TMX2"	"TMX2"	chr11	+	57737835	57738026	57738663	57738770	57737607	57737668	57739130	57739260	7923	34,34,16	0,3,0	58,24,47	10,7,14	198	198	1.48371153508e-06	0.000207575365179	1.0,0.919,1.0	0.853,0.774,0.77	0.174
2162	"N4BP2L2"	"N4BP2L2"	chr13	-	32537005	32537027	32538617	32538684	32527457	32527532	32538777	32538885	2162	4,5,1	0,0,1	1,3,5	2,4,10	165	120	1.63778365192e-06	0.000225991708572	1.0,1.0,0.421	0.267,0.353,0.267	0.511
9045	"YY1AP1"	"YY1AP1"	chr1	-	155668626	155668777	155670319	155670464	155661306	155661423	155675009	155675096	9045	1,3,0	125,77,29	30,4,19	219,114,244	198	198	2.11656424909e-06	0.000288110157852	0.008,0.037,0.0	0.12,0.034,0.072	-0.06
1647	"USP53"	"USP53"	chr4	+	119235289	119235411	119239217	119239903	119217549	119217673	119245336	119245429	1647	22,25,17	85,90,56	4,7,5	87,55,64	198	198	2.21981060111e-06	0.000298135362466	0.206,0.217,0.233	0.044,0.113,0.072	0.142
1367	"CTD-3074O7.11"	"CTD-3074O7.11"	chr11	+	66514405	66514678	66515539	66515586	66511012	66511089	66515692	66515731	1367	0,1,0	15,16,9	5,4,5	9,10,19	198	145	2.54963174828e-06	0.00032757979012	0.0,0.044,0.0	0.289,0.227,0.162	-0.211
5656	"ACP2"	"ACP2"	chr11	-	47244734	47244867	47245304	47245427	47243238	47243321	47245681	47245834	5656	1,3,0	92,84,36	15,9,10	94,60,164	198	198	2.56415674582e-06	0.00032757979012	0.011,0.034,0.0	0.138,0.13,0.057	-0.093
7235	"CCNY"	"CCNY"	chr10	+	35516522	35516623	35530123	35530243	35483403	35483478	35553018	35553183	7235	2,0,0	73,112,69	10,2,16	137,90,146	198	198	2.56912572416e-06	0.00032757979012	0.027,0.0,0.0	0.068,0.022,0.099	-0.054
7802	"CADPS2"	"CADPS2"	chr7	-	122360929	122361013	122379367	122379442	122345573	122345681	122386294	122386309	7802	7,12,4	0,0,0	10,5,7	0,4,9	173	182	2.55936799698e-06	0.00032757979012	1.0,1.0,1.0	1.0,0.568,0.45	0.327
10232	"CANT1"	"CANT1"	chr17	-	79005371	79005481	79008062	79008171	79000099	79000270	79009663	79009793	10232	7,4,1	6,1,1	1,2,1	26,9,12	198	198	2.67362371575e-06	0.000336642646109	0.538,0.8,0.5	0.037,0.182,0.077	0.514
3534	"IMMT"	"IMMT"	chr2	-	86161951	86162079	86166507	86166644	86159535	86159671	86170748	86170801	3534	168,221,113	4,1,4	202,89,148	13,14,9	198	198	2.73977656695e-06	0.000340713201962	0.977,0.995,0.966	0.94,0.864,0.943	0.064
459	"MYL6"	"MYL6"	chr12	+	56158683	56158711	56159586	56159730	56158160	56158404	56159974	56160148	459	66,96,46	1482,1783,1164	104,64,116	1334,830,1229	126	198	2.78733444592e-06	0.000342400242363	0.065,0.078,0.058	0.109,0.108,0.129	-0.048
6127	"RPL10A"	"RPL10A"	chr6	+	35468798	35468873	35468946	35469027	35468407	35468439	35469380	35469529	6127	12,23,14	2011,2303,1409	33,17,44	1687,952,1646	173	179	2.83831420789e-06	0.000344461915856	0.006,0.01,0.01	0.02,0.018,0.027	-0.013
11405	"ARIH2"	"ARIH2"	chr3	+	48927461	48927813	48945135	48945181	48918820	48918998	48961611	48961679	11405	76,67,41	5,1,0	104,46,97	23,9,9	198	144	3.35639306304e-06	0.000402487468143	0.917,0.98,1.0	0.767,0.788,0.887	0.152
3950	"PTGES3"	"PTGES3"	chr12	-	56672739	56672809	56672951	56673065	56671748	56671847	56687249	56687997	3950	6,2,14	389,500,225	28,16,21	418,252,395	198	168	3.64880899362e-06	0.000430227575138	0.013,0.003,0.05	0.054,0.051,0.043	-0.027
4701	"FANCM"	"FANCM"	chr14	+	45159095	45159280	45164358	45164565	45155372	45155459	45166949	45167163	4701	1,1,0	17,16,4	5,5,13	27,6,18	198	198	3.67314320082e-06	0.000430227575138	0.056,0.059,0.0	0.156,0.455,0.419	-0.305
5655	"ACP2"	"ACP2"	chr11	-	47244734	47244867	47245304	47245422	47243238	47243321	47245681	47245834	5655	1,3,0	92,84,36	14,9,10	94,60,164	198	198	3.88084731751e-06	0.000449330747463	0.011,0.034,0.0	0.13,0.13,0.057	-0.091
5314	"KIAA1191"	"KIAA1191"	chr5	-	176352621	176352748	176359480	176359567	176348249	176348356	176359810	176359918	5314	144,145,86	3,3,0	191,120,175	12,4,21	185	198	5.16146361684e-06	0.000590811625141	0.981,0.981,1.0	0.945,0.97,0.899	0.049
7516	"NMRAL1"	"NMRAL1"	chr16	-	4469226	4469465	4474092	4474166	4466152	4466402	4474553	4474895	7516	0,12,0	7,1,4	2,1,2	1,0,0	172	198	5.51588867326e-06	0.000624287040514	0.0,0.932,0.0	0.697,1.0,1.0	-0.588
5654	"ACP2"	"ACP2"	chr11	-	47244734	47244867	47245304	47245394	47243238	47243321	47245681	47245834	5654	1,3,0	92,84,36	14,9,9	94,60,164	188	198	6.12965090208e-06	0.000686044150407	0.011,0.036,0.0	0.136,0.136,0.055	-0.093
1811	"CTSC"	"CTSC"	chr11	-	88328111	88328196	88334936	88335082	88320810	88326443	88337500	88337761	1811	131,159,73	47,45,30	196,103,218	130,86,126	198	183	6.2578843425e-06	0.000692699659143	0.72,0.766,0.692	0.582,0.525,0.615	0.152
5641	"ATXN3"	"ATXN3"	chr14	-	92093745	92093831	92096092	92096137	92093251	92093318	92106528	92106574	5641	3,0,0	19,10,11	10,3,9	7,9,16	143	184	6.4545128402e-06	0.000699100084294	0.169,0.0,0.0	0.648,0.3,0.42	-0.4
6861	"HNRNPD"	"HNRNPD"	chr4	-	82355303	82355401	82356536	82356683	82352497	82354154	82356795	82356895	6861	220,235,131	571,767,382	138,97,131	682,422,666	198	196	6.43898666719e-06	0.000699100084294	0.276,0.233,0.253	0.167,0.185,0.163	0.082
5040	"MPV17"	"MPV17"	chr2	-	27312679	27312772	27312993	27313109	27312213	27312246	27322447	27322522	5040	66,91,44	13,6,3	78,41,78	33,15,22	198	191	6.55533021809e-06	0.000702466396668	0.83,0.936,0.934	0.695,0.725,0.774	0.169
9998	"OGFOD3"	"OGFOD3"	chr17	-	82411454	82411530	82415397	82415627	82406417	82406482	82418411	82418576	9998	18,14,17	0,0,0	21,12,17	4,1,5	198	174	7.07076666917e-06	0.000749724554301	1.0,1.0,1.0	0.822,0.913,0.749	0.172
169	"NFYC"	"NFYC"	chr1	+	40723688	40723792	40735600	40735750	40723207	40723274	40738835	40738948	169	1,0,0	3,2,2	2,2,3	2,5,1	198	198	7.94105213686e-06	0.000833231439319	0.25,0.0,0.0	0.5,0.286,0.75	-0.429
3749	"GTF2H3"	"GTF2H3"	chr12	+	123659429	123659475	123659515	123659584	123655770	123655824	123659794	123659930	3749	4,1,2	88,81,37	15,10,13	94,70,87	144	167	9.22095640421e-06	0.000938209028885	0.05,0.014,0.059	0.156,0.142,0.148	-0.108
6452	"RNF146"	"RNF146"	chr6	+	127282286	127282395	127285207	127285348	127280230	127280340	127286049	127286177	6452	1,4,2	1,0,0	0,5,2	6,1,7	198	198	9.14810859776e-06	0.000938209028885	0.5,1.0,1.0	0.0,0.833,0.222	0.482
11159	"WDR61"	"WDR61"	chr15	-	78289950	78290099	78292615	78292885	78289618	78289712	78293166	78293272	11159	0,7,1	86,86,36	12,7,18	84,57,80	198	198	9.09477821232e-06	0.000938209028885	0.0,0.075,0.027	0.125,0.109,0.184	-0.105
1857	"LDLRAD4"	"LDLRAD4"	chr18	+	13387340	13387762	13438243	13438384	13278102	13278188	13621116	13621271	1857	16,18,4	20,16,7	0,3,2	8,13,17	198	198	1.00416224819e-05	0.0010040906546	0.444,0.529,0.364	0.0,0.188,0.105	0.348
1920	"HACL1"	"HACL1"	chr3	-	15586524	15586602	15589539	15589612	15582876	15582989	15591599	15591680	1920	19,10,5	0,0,1	10,10,11	1,6,5	171	176	1.00678205217e-05	0.0010040906546	1.0,1.0,0.837	0.911,0.632,0.694	0.2
5307	"KIAA1191"	"KIAA1191"	chr5	-	176350612	176350737	176355570	176355749	176348249	176348356	176359480	176359567	5307	179,177,104	244,300,170	144,67,148	324,210,401	198	198	1.04075455944e-05	0.00102779614483	0.423,0.371,0.38	0.308,0.242,0.27	0.118
5043	"MPV17"	"MPV17"	chr2	-	27312993	27313074	27322447	27322522	27312679	27312772	27323051	27323081	5043	19,18,9	102,104,57	50,22,41	94,59,109	173	179	1.09088828052e-05	0.00106684637376	0.162,0.152,0.14	0.355,0.278,0.28	-0.153
9995	"ZYG11A"	"ZYG11A"	chr1	+	52881470	52881665	52885832	52885894	52877681	52877843	52886955	52887053	9995	0,1,2	7,6,19	12,4,8	17,9,12	198	160	1.12101532952e-05	0.0010857680206	0.0,0.119,0.078	0.363,0.264,0.35	-0.26
4246	"HDAC10"	"HDAC10"	chr22	-	50248830	50248859	50249102	50249168	50248365	50248472	50249327	50249454	4246	12,10,20	0,2,0	7,4,8	4,3,3	164	127	1.19885853337e-05	0.00115010495301	1.0,0.795,1.0	0.575,0.508,0.674	0.346
10874	"METAP1"	"METAP1"	chr4	+	99035953	99036011	99037766	99037941	99035399	99035460	99039373	99039465	10874	1,0,0	3,2,4	4,0,5	0,1,4	156	198	1.2295814374e-05	0.00116845036028	0.297,0.0,0.0	1.0,0.0,0.613	-0.439
9619	"HMGN1"	"HMGN1"	chr21	-	39345829	39345958	39347378	39347483	39345145	39345274	39348291	39348339	9619	132,172,122	283,288,163	146,101,184	521,292,482	198	198	1.2897918836e-05	0.00121421249005	0.318,0.374,0.428	0.219,0.257,0.276	0.123
5533	"MAP4K4"	"MAP4K4"	chr2	+	101859642	101859864	101863820	101864051	101855976	101856138	101864929	101865036	5533	25,28,8	1,0,0	28,10,21	6,1,5	198	198	1.38799882937e-05	0.00128268919342	0.962,1.0,1.0	0.824,0.909,0.808	0.14
9274	"CS"	"CS"	chr12	-	56291630	56291793	56298608	56298691	56286594	56286645	56300159	56300391	9274	23,29,11	12,18,12	38,16,24	2,5,3	181	198	1.38189625374e-05	0.00128268919342	0.677,0.638,0.501	0.954,0.778,0.897	-0.271
5071	"KIAA1468"	"KIAA1468"	chr18	+	62279773	62279856	62280359	62280442	62277595	62277655	62280645	62280709	5071	6,3,2	4,10,7	14,12,11	0,0,6	181	181	1.59131080245e-05	0.00143797891216	0.6,0.231,0.222	1.0,1.0,0.647	-0.531
7689	"TK2"	"TK2"	chr16	-	66536963	66537017	66541878	66541953	66531379	66531469	66548977	66549009	7689	1,1,4	1,0,0	7,2,2	3,4,11	173	152	1.57058024214e-05	0.00143797891216	0.468,1.0,1.0	0.672,0.305,0.138	0.451
9454	"HAUS4"	"HAUS4"	chr14	-	22950313	22950410	22951554	22951689	22947600	22947731	22952327	22952459	9454	68,89,50	9,13,3	68,37,61	22,10,32	198	195	1.59886466953e-05	0.00143797891216	0.882,0.871,0.943	0.753,0.785,0.652	0.169
11407	"ARIH2"	"ARIH2"	chr3	+	48927461	48927813	48944981	48945181	48922747	48922811	48961611	48961679	11407	106,107,68	5,1,0	186,91,183	23,9,9	198	198	1.77734307528e-05	0.00158435192896	0.955,0.991,1.0	0.89,0.91,0.953	0.064
3611	"USP10"	"USP10"	chr16	+	84704739	84704860	84740308	84740369	84699994	84700111	84758715	84758807	3611	5,7,3	0,0,0	6,3,8	8,0,2	198	159	1.87532407417e-05	0.00165702977185	1.0,1.0,1.0	0.376,1.0,0.763	0.287
9494	"TBC1D12"	"TBC1D12"	chr10	+	94500220	94500327	94507266	94507347	94493364	94493447	94510090	94510179	9494	1,0,0	6,6,6	7,2,8	18,10,16	198	179	1.92941927947e-05	0.00169000351323	0.131,0.0,0.0	0.26,0.153,0.311	-0.198
8217	"SOGA1"	"SOGA1"	chr20	-	36805852	36805957	36808512	36808743	36804734	36804902	36809981	36810107	8217	6,2,2	17,23,9	27,12,21	17,18,20	198	198	1.95822192013e-05	0.00170044563806	0.261,0.08,0.182	0.614,0.4,0.512	-0.334
7925	"TMX2"	"TMX2"	chr11	+	57737912	57738026	57738663	57738770	57737607	57737668	57739130	57739260	7925	232,275,150	0,3,0	295,167,360	10,7,14	198	198	2.02025746173e-05	0.00173932080444	1.0,0.989,1.0	0.967,0.96,0.963	0.033
6916	"PLAGL1"	"PLAGL1"	chr6	-	143960468	143960542	143964786	143964818	143947984	143948460	143968906	143968978	6916	0,0,0	7,9,4	1,2,7	19,6,29	130	172	2.08139638563e-05	0.00176283678052	0.0,0.0,0.0	0.065,0.306,0.242	-0.204
10494	"HNRNPDL"	"HNRNPDL"	chr4	-	82425562	82425667	82426036	82426129	82424628	82424883	82426462	82426633	10494	1096,1166,653	11,17,8	872,485,974	26,20,25	191	198	2.08257298602e-05	0.00176283678052	0.99,0.986,0.988	0.972,0.962,0.976	0.018
10582	"PCBP1-AS1"	"PCBP1-AS1"	chr2	-	70053730	70053792	70059642	70059680	70051202	70051305	70083506	70083687	10582	0,0,1	1,1,2	5,1,5	3,0,4	136	160	2.16288015371e-05	0.00181555764903	0.0,0.0,0.37	0.662,1.0,0.595	-0.629
7926	"TMX2"	"TMX2"	chr11	+	57738353	57738430	57738663	57738770	57737607	57737668	57739130	57739260	7926	45,58,23	0,3,0	102,51,107	10,7,14	175	198	2.30794417226e-05	0.00192131583861	1.0,0.956,1.0	0.92,0.892,0.896	0.083
10264	"RALGPS2"	"RALGPS2"	chr1	+	178833423	178833550	178877497	178877635	178811314	178811404	178878901	178878992	10264	1,0,0	9,19,10	5,1,8	22,11,26	198	198	2.35745435158e-05	0.00194644571176	0.1,0.0,0.0	0.185,0.083,0.235	-0.134
11417	"ARIH2"	"ARIH2"	chr3	+	48945135	48945181	48961611	48961679	48927461	48927813	48964918	48964982	11417	1,3,3	149,153,117	16,13,15	256,146,288	144	166	2.3848018341e-05	0.0019530169817	0.008,0.022,0.029	0.067,0.093,0.057	-0.053
1278	"ZNF346"	"ZNF346"	chr5	+	177062057	177062151	177064511	177064601	177041777	177041870	177079381	177081189	1278	3,4,1	0,1,0	7,1,10	4,4,5	192	188	2.49320546883e-05	0.00202381754927	1.0,0.797,1.0	0.631,0.197,0.662	0.436
1922	"HACL1"	"HACL1"	chr3	-	15586524	15586602	15596383	15596424	15582876	15582989	15601089	15601194	1922	11,13,4	0,0,1	13,3,8	1,6,5	139	176	2.511438436e-05	0.00202381754927	1.0,1.0,0.835	0.943,0.388,0.67	0.278
5045	"MPV17"	"MPV17"	chr2	-	27312993	27313109	27322447	27322522	27312679	27312772	27323051	27323054	5045	19,18,9	113,111,58	50,22,41	102,66,124	173	198	2.83106948821e-05	0.00226328277419	0.161,0.157,0.151	0.359,0.276,0.275	-0.147
11136	"AC013461.1"	"AC013461.1"	chr2	+	173217114	173217250	173229688	173229733	173209728	173209835	173232191	173232222	11136	187,202,141	28,47,24	382,182,306	131,50,136	198	143	3.2150449128e-05	0.00255001160682	0.828,0.756,0.809	0.678,0.724,0.619	0.124
10638	"C1orf43"	"C1orf43"	chr1	-	154212457	154212624	154214456	154214574	154206719	154207648	154220341	154220619	10638	109,147,73	7,4,0	99,60,93	14,3,16	198	198	3.25872849191e-05	0.00256446657024	0.94,0.974,1.0	0.876,0.952,0.853	0.078
9428	"PRRG2"	"PRRG2"	chr19	+	49583541	49583717	49583912	49583952	49583206	49583304	49588496	49588632	9428	34,33,23	4,3,1	35,19,35	17,5,14	198	138	3.34481701304e-05	0.00261180943972	0.856,0.885,0.941	0.589,0.726,0.635	0.244
4090	"PRUNE"	"PRUNE"	chr1	+	151017811	151017904	151024610	151024795	151008476	151008671	151027232	151027327	4090	24,14,12	0,0,1	67,40,46	13,0,11	191	198	3.52244715488e-05	0.00272935463009	1.0,1.0,0.926	0.842,1.0,0.813	0.09
5423	"UPP1"	"UPP1"	chr7	+	48099669	48099787	48101823	48101870	48094762	48094827	48106872	48107082	5423	40,69,24	5,9,3	256,149,250	88,44,94	198	145	3.61259881996e-05	0.00277784029874	0.854,0.849,0.854	0.681,0.713,0.661	0.167
4833	"BTC"	"BTC"	chr4	-	74755858	74755976	74770057	74770156	74750572	74750719	74794261	74794686	4833	8,7,0	6,5,2	3,5,1	0,0,1	197	198	3.73826352595e-05	0.0028526915528	0.573,0.585,0.0	1.0,1.0,0.501	-0.448
5806	"DDX50"	"DDX50"	chr10	+	68936005	68936079	68941059	68941194	68934798	68934918	68943212	68943257	5806	18,28,16	63,86,47	51,24,65	71,43,68	172	198	4.09549407426e-05	0.00310179788045	0.247,0.273,0.282	0.453,0.391,0.524	-0.189
153	"RFWD2"	"RFWD2"	chr1	-	176149005	176149074	176162868	176162988	176135009	176135086	176163814	176163891	153	39,50,30	6,1,1	57,29,59	18,4,21	198	167	4.60242488777e-05	0.00342155735537	0.846,0.977,0.962	0.728,0.859,0.703	0.165
572	"SETD6"	"SETD6"	chr16	+	58516807	58516928	58518050	58518231	58516201	58516343	58518400	58518543	572	6,9,9	109,92,69	55,18,38	209,116,172	198	198	4.61959496009e-05	0.00342155735537	0.052,0.089,0.115	0.208,0.134,0.181	-0.089
11434	"CALU"	"CALU"	chr7	+	128754261	128754455	128754528	128754722	128748572	128748804	128758870	128759037	11434	442,566,237	228,302,179	847,543,881	335,201,300	198	198	4.57419774959e-05	0.00342155735537	0.66,0.652,0.57	0.717,0.73,0.746	-0.104
8290	"UPF3A"	"UPF3A"	chr13	+	114282836	114282943	114291633	114291792	114282020	114282127	114301730	114301867	8290	111,108,74	7,22,8	161,104,158	40,25,67	198	198	4.67590627874e-05	0.00343798568947	0.941,0.831,0.902	0.801,0.806,0.702	0.122
10363	"DIABLO"	"DIABLO"	chr12	-	122224511	122224644	122224644	122224748	122218265	122218397	122225964	122226052	10363	39,55,31	189,238,157	157,70,111	397,199,297	198	198	4.99386076372e-05	0.00364515648355	0.171,0.188,0.165	0.283,0.26,0.272	-0.097
2572	"WDR27"	"WDR27"	chr6	-	169665485	169665556	169670568	169670693	169664165	169664286	169672254	169672396	2572	8,10,5	2,5,1	11,6,11	0,0,1	198	169	5.20591612559e-05	0.00374565665236	0.773,0.631,0.81	1.0,1.0,0.904	-0.23
10401	"VPS26A"	"VPS26A"	chr10	+	69157006	69157163	69158046	69158211	69132897	69133047	69162405	69162512	10401	3,9,4	120,117,70	22,15,21	149,105,127	198	198	5.19385837959e-05	0.00374565665236	0.024,0.071,0.054	0.129,0.125,0.142	-0.082
9114	"GLOD4"	"GLOD4"	chr17	-	778621	778661	778694	778744	776867	776988	780683	780738	9114	29,23,23	2,1,3	41,25,46	20,10,10	148	138	5.32677423679e-05	0.00380543240335	0.931,0.955,0.877	0.657,0.7,0.811	0.198
304	"VPS28"	"VPS28"	chr8	-	144425874	144426063	144426179	144426208	144424945	144425772	144426908	144426983	304	85,132,73	7,4,2	214,128,184	34,18,17	127	198	5.56729654065e-05	0.00394925197563	0.95,0.981,0.983	0.908,0.917,0.944	0.048
9272	"SKP1"	"SKP1"	chr5	-	134170950	134171038	134173700	134173766	134167169	134167243	134173925	134174022	9272	4,5,7	1,0,0	15,10,6	4,3,5	164	186	5.68361483851e-05	0.00400357008869	0.819,1.0,1.0	0.81,0.791,0.576	0.214
10900	"TFDP1"	"TFDP1"	chr13	+	113610995	113611062	113623179	113623286	113585773	113585849	113633119	113633285	10900	193,249,121	52,70,29	283,141,287	47,21,31	165	198	5.89261319661e-05	0.00412196477288	0.817,0.81,0.834	0.878,0.89,0.917	-0.075
5687	"CTBP2"	"CTBP2"	chr10	-	125133511	125133612	125160318	125160520	125038996	125039155	125160826	125161170	5687	22,27,19	8,7,7	50,42,42	4,0,5	198	198	6.08740156951e-05	0.00422885489722	0.733,0.794,0.731	0.926,1.0,0.894	-0.187
6841	"MEMO1"	"MEMO1"	chr2	-	31920797	31920910	31932066	31932135	31917925	31918037	31943301	31943383	6841	0,0,61	103,110,66	48,28,127	136,67,92	167	198	6.99536820834e-05	0.00482632492895	0.0,0.0,0.523	0.295,0.331,0.621	-0.241
