"ID"	"GeneID"	"geneSymbol"	"chr"	"strand"	"riExonStart_0base"	"riExonEnd"	"upstreamES"	"upstreamEE"	"downstreamES"	"downstreamEE"	"ID.1"	"IJC_SAMPLE_1"	"SJC_SAMPLE_1"	"IJC_SAMPLE_2"	"SJC_SAMPLE_2"	"IncFormLen"	"SkipFormLen"	"PValue"	"FDR"	"IncLevel1"	"IncLevel2"	"IncLevelDifference"
1865	"SNHG1"	"SNHG1"	chr11	-	62853800	62854064	62853800	62853833	62854017	62854064	1865	95,115,52	115,127,75	85,45,79	335,169,309	198	99	1.11022302463e-16	3.97792909725e-14	0.292,0.312,0.257	0.113,0.117,0.113	0.173
5329	"SNHG12"	"SNHG12"	chr1	-	28579532	28579981	28579532	28579587	28579911	28579981	5329	51,68,17	23,23,9	23,14,17	68,27,55	198	99	6.66133814775e-16	2.16977950758e-13	0.526,0.596,0.486	0.145,0.206,0.134	0.374
2264	"NSD1"	"NSD1"	chr5	+	177135086	177136030	177135086	177135200	177135940	177136030	2264	15,20,11	43,36,21	4,1,3	110,55,87	198	99	7.77156117238e-16	2.32045864005e-13	0.149,0.217,0.208	0.018,0.009,0.017	0.177
1234	"NCK1"	"NCK1"	chr3	+	136945582	136946295	136945582	136945752	136946151	136946295	1234	99,102,62	3,6,8	267,163,253	125,62,117	198	99	4.55191440096e-15	1.25457763836e-12	0.943,0.895,0.795	0.516,0.568,0.52	0.343
976	"ALKBH2"	"ALKBH2"	chr12	-	109092506	109093472	109092506	109092787	109093246	109093472	976	62,80,59	36,39,20	100,35,92	200,90,160	198	99	7.21644966006e-15	1.84689565229e-12	0.463,0.506,0.596	0.2,0.163,0.223	0.326
1670	"DDX39A"	"DDX39A"	chr19	-	14409302	14409645	14409302	14409447	14409535	14409645	1670	17,34,15	266,312,151	98,55,97	300,182,331	186	99	1.65423230669e-14	3.95140956991e-12	0.033,0.055,0.05	0.148,0.139,0.135	-0.095
5775	"C5orf45"	"C5orf45"	chr5	-	179837275	179840959	179837275	179837885	179840871	179840959	5775	83,81,46	29,24,13	94,45,72	98,54,98	198	99	2.31703545239e-13	5.1887112662e-11	0.589,0.628,0.639	0.324,0.294,0.269	0.323
2555	"WRAP53"	"WRAP53"	chr17	+	7688476	7689079	7688476	7688561	7688647	7689079	2555	17,30,18	54,41,28	10,1,7	93,49,123	184	99	4.85944617878e-13	1.02419974462e-10	0.145,0.282,0.257	0.055,0.011,0.03	0.196
6238	"ST3GAL1"	"ST3GAL1"	chr8	-	133475718	133476600	133475718	133476074	133476277	133476600	6238	65,82,36	94,95,69	10,2,7	59,26,64	198	99	7.7815531796e-13	1.54896139125e-10	0.257,0.301,0.207	0.078,0.037,0.052	0.199
1291	"CIRBP"	"CIRBP"	chr19	+	1271139	1271365	1271139	1271246	1271328	1271365	1291	17,12,10	360,335,204	39,22,42	225,147,206	180	99	1.84452453311e-12	3.14711019149e-10	0.025,0.019,0.026	0.087,0.076,0.101	-0.065
3533	"RPL10A"	"RPL10A"	chr6	+	35468946	35469529	35468946	35469027	35469380	35469529	3533	277,262,173	2118,2437,1488	394,241,410	1757,998,1719	198	99	1.81754611361e-12	3.14711019149e-10	0.061,0.051,0.055	0.101,0.108,0.107	-0.05
6004	"SRSF5"	"SRSF5"	chr14	+	69768797	69770540	69768797	69769251	69770466	69770540	6004	87,91,55	536,532,374	130,58,92	282,146,264	198	99	1.74094072491e-12	3.14711019149e-10	0.075,0.079,0.068	0.187,0.166,0.148	-0.093
310	"SLU7"	"SLU7"	chr5	-	160418595	160419081	160418595	160418685	160419022	160419081	310	1,12,5	0,0,0	5,3,5	9,3,5	198	99	2.72426525783e-12	4.34459038794e-10	1.0,1.0,1.0	0.217,0.333,0.333	0.706
1306	"ZNF131"	"ZNF131"	chr5	+	43161248	43161931	43161248	43161606	43161708	43161931	1306	46,40,25	42,62,21	37,26,34	206,107,153	198	99	2.78888023786e-12	4.34459038794e-10	0.354,0.244,0.373	0.082,0.108,0.1	0.227
2809	"TINAGL1"	"TINAGL1"	chr1	+	31585439	31586755	31585439	31585876	31586709	31586755	2809	81,102,37	835,981,526	50,35,52	1555,811,1533	198	99	4.15967260636e-12	6.21004456191e-10	0.046,0.049,0.034	0.016,0.021,0.017	0.025
2142	"THAP7"	"THAP7"	chr22	-	21000646	21001411	21000646	21000787	21001255	21001411	2142	17,45,12	142,179,102	14,13,9	335,201,373	198	99	2.91500157346e-11	4.17778025508e-09	0.056,0.112,0.056	0.02,0.031,0.012	0.054
384	"BCKDHA"	"BCKDHA"	chr19	+	41410636	41411009	41410636	41410816	41410922	41411009	384	2,5,0	118,142,98	23,12,23	136,81,144	198	99	4.08244549277e-11	5.62592392331e-09	0.008,0.017,0.0	0.078,0.069,0.074	-0.065
1595	"ASTE1"	"ASTE1"	chr3	-	131024004	131025331	131024004	131024238	131025163	131025331	1595	44,44,21	0,0,0	56,28,92	15,8,12	198	99	6.1863403289e-11	8.20950274017e-09	1.0,1.0,1.0	0.651,0.636,0.793	0.307
136	"VPS28"	"VPS28"	chr8	-	144423600	144424132	144423600	144423922	144424040	144424132	136	108,100,57	76,73,44	362,197,393	103,63,73	198	99	8.25672863414e-11	1.02013305849e-08	0.415,0.407,0.393	0.637,0.61,0.729	-0.254
277	"SKIL"	"SKIL"	chr3	+	170359698	170361429	170359698	170359876	170360367	170361429	277	72,75,44	0,0,0	88,42,83	14,6,8	198	99	8.0885631526e-11	1.02013305849e-08	1.0,1.0,1.0	0.759,0.778,0.838	0.208
5459	"AKR1C1"	"AKR1C1"	chr10	+	4966926	4968386	4966926	4967043	4968308	4968386	5459	50,74,44	2009,2180,1281	96,24,89	1038,621,1107	198	99	1.4545675775e-10	1.73723854339e-08	0.012,0.017,0.017	0.044,0.019,0.039	-0.019
2217	"GAS5"	"GAS5"	chr1	-	173865228	173865547	173865228	173865282	173865470	173865547	2217	145,125,72	675,844,495	94,42,78	1078,646,1028	198	99	1.71126668391e-10	1.94565235937e-08	0.097,0.069,0.068	0.042,0.031,0.037	0.041
3290	"SLC25A3"	"SLC25A3"	chr12	+	98593624	98594135	98593624	98593740	98593974	98594135	3290	46,42,34	785,583,452	120,77,96	689,430,713	198	99	1.73767444878e-10	1.94565235937e-08	0.028,0.035,0.036	0.08,0.082,0.063	-0.042
2468	"MTO1"	"MTO1"	chr6	+	73479935	73480367	73479935	73480126	73480292	73480367	2468	3,4,4	3,4,2	8,9,7	0,0,0	198	99	2.69215760795e-10	2.92303051797e-08	0.333,0.333,0.5	1.0,1.0,1.0	-0.611
1102	"LRRC75A-AS1"	"LRRC75A-AS1"	chr17	+	16439326	16440253	16439326	16439703	16440184	16440253	1102	75,98,53	742,968,629	42,28,57	1206,738,1223	198	99	2.83378320809e-10	2.98630742194e-08	0.048,0.048,0.04	0.017,0.019,0.023	0.026
6094	"GNB2L1"	"GNB2L1"	chr5	-	181241491	181242345	181241491	181241639	181242169	181242345	6094	121,169,78	9,7,15	175,75,117	83,24,64	198	99	4.13040157632e-10	4.22835109942e-08	0.871,0.923,0.722	0.513,0.61,0.478	0.305
588	"MOV10"	"MOV10"	chr1	+	112698286	112699810	112698286	112698789	112699684	112699810	588	21,5,6	59,66,39	30,19,36	31,27,35	198	99	8.49829651095e-10	8.45816566631e-08	0.151,0.036,0.071	0.326,0.26,0.34	-0.223
2	"EXOC7"	"EXOC7"	chr17	-	76087653	76088562	76087653	76087720	76088463	76088562	2	4,14,7	0,0,0	2,9,18	4,4,6	198	99	1.13626408282e-09	1.10033356993e-07	1.0,1.0,1.0	0.2,0.529,0.6	0.557
4170	"UBXN1"	"UBXN1"	chr11	-	62678689	62679058	62678689	62678743	62678864	62679058	4170	24,24,26	194,263,111	100,40,72	234,117,252	198	99	2.0707594528e-09	1.95250818931e-07	0.058,0.044,0.105	0.176,0.146,0.125	-0.08
1484	"GCDH"	"GCDH"	chr19	+	12891486	12891974	12891486	12891522	12891830	12891974	1484	13,10,6	103,114,58	35,35,42	108,81,109	198	99	5.08476349914e-09	4.67146349165e-07	0.059,0.042,0.049	0.139,0.178,0.162	-0.11
2496	"CASC3"	"CASC3"	chr17	+	40163480	40164166	40163480	40163602	40163885	40164166	2496	214,297,154	0,4,0	417,216,361	14,18,15	198	99	1.05348555435e-08	9.43659685309e-07	1.0,0.974,1.0	0.937,0.857,0.923	0.086
1275	"RNF126"	"RNF126"	chr19	-	648881	649748	648881	648975	649678	649748	1275	13,15,3	140,160,97	52,33,60	208,141,243	198	99	1.27513023473e-08	1.1143394222e-06	0.044,0.045,0.015	0.111,0.105,0.11	-0.074
6633	"RABL6"	"RABL6"	chr9	+	136831720	136832370	136831720	136831861	136832261	136832370	6633	2,4,0	5,4,4	4,6,3	1,0,0	198	99	2.7587384932e-08	2.3534666717e-06	0.167,0.333,0.0	0.667,1.0,1.0	-0.722
4069	"DEDD"	"DEDD"	chr1	-	161124137	161124526	161124137	161124210	161124339	161124526	4069	181,189,112	4,9,7	370,185,366	0,0,0	198	99	3.10092337363e-08	2.5838624297e-06	0.958,0.913,0.889	1.0,1.0,1.0	-0.08
3598	"HNRNPH1"	"HNRNPH1"	chr5	-	179616125	179617110	179616125	179616218	179617020	179617110	3598	141,135,80	53,53,22	176,67,177	126,60,162	198	99	3.89316046068e-08	3.17027134787e-06	0.571,0.56,0.645	0.411,0.358,0.353	0.218
142	"VPS28"	"VPS28"	chr8	-	144425682	144426208	144425682	144425772	144426025	144426208	142	16,21,11	233,260,124	51,49,83	332,217,348	198	99	4.77870558679e-08	3.72219611249e-06	0.033,0.039,0.042	0.071,0.101,0.107	-0.055
1267	"RP11-864I4.1"	"RP11-864I4.1"	chr11	-	62572583	62574908	62572583	62572742	62574676	62574908	1267	25,43,21	0,0,1	30,11,18	6,2,7	198	99	4.7450899654e-08	3.72219611249e-06	1.0,1.0,0.913	0.714,0.733,0.563	0.301
5150	"SRSF7"	"SRSF7"	chr2	-	38748578	38749705	38748578	38748653	38749528	38749705	5150	68,113,51	738,1140,576	107,53,94	512,286,550	198	99	6.38935960806e-08	4.87086712248e-06	0.044,0.047,0.042	0.095,0.085,0.079	-0.042
6691	"ZNF232"	"ZNF232"	chr17	-	5108925	5109868	5108925	5109052	5109393	5109868	6691	15,18,3	7,14,4	16,12,19	107,51,92	198	99	6.90806056802e-08	5.15657937817e-06	0.517,0.391,0.273	0.07,0.105,0.094	0.304
2220	"GAS5"	"GAS5"	chr1	-	173866527	173866796	173866527	173866567	173866760	173866796	2220	82,84,53	1357,1663,1043	56,33,43	2032,1202,1920	198	99	7.60133932465e-08	5.55828546943e-06	0.029,0.025,0.025	0.014,0.014,0.011	0.013
4300	"PLSCR1"	"PLSCR1"	chr3	-	146521543	146522053	146521543	146521701	146521832	146522053	4300	55,73,43	0,0,0	59,40,55	13,0,7	198	99	7.92161876095e-08	5.6766320041e-06	1.0,1.0,1.0	0.694,1.0,0.797	0.17
960	"ARHGAP4"	"ARHGAP4"	chrX	-	153910170	153910611	153910170	153910404	153910505	153910611	960	2,3,1	2,3,3	5,3,11	1,0,0	198	99	8.49086958521e-08	5.96525210271e-06	0.333,0.333,0.143	0.714,1.0,1.0	-0.635
1444	"JMJD7-PLA2G4B"	"JMJD7-PLA2G4B"	chr15	+	41834739	41835223	41834739	41834893	41834969	41835223	1444	8,6,5	16,14,9	20,18,24	7,2,7	174	99	1.04517042243e-07	7.06574645956e-06	0.221,0.196,0.24	0.619,0.837,0.661	-0.487
5376	"ALS2CL"	"ALS2CL"	chr3	-	46671487	46672033	46671487	46671768	46671883	46672033	5376	1,6,5	2,2,3	2,1,2	0,0,0	198	99	1.03184054967e-07	7.06574645956e-06	0.2,0.6,0.455	1.0,1.0,1.0	-0.582
4806	"STX4"	"STX4"	chr16	+	31034225	31034536	31034225	31034325	31034461	31034536	4806	8,6,2	59,65,41	27,13,26	57,43,64	198	99	1.7829317156e-07	1.18300821055e-05	0.063,0.044,0.024	0.191,0.131,0.169	-0.12
4978	"CAPN2"	"CAPN2"	chr1	+	223769840	223770525	223769840	223769909	223770446	223770525	4978	28,31,24	233,252,136	20,11,16	406,245,348	198	99	1.94219809235e-07	1.26525377543e-05	0.057,0.058,0.081	0.024,0.022,0.022	0.043
6599	"LYPLA2"	"LYPLA2"	chr1	+	23794223	23794600	23794223	23794325	23794426	23794600	6599	21,25,10	151,154,99	57,33,49	138,81,171	198	99	2.03617744665e-07	1.30278996274e-05	0.065,0.075,0.048	0.171,0.169,0.125	-0.092
4056	"CCDC28B"	"CCDC28B"	chr1	+	32204597	32205387	32204597	32204620	32205193	32205387	4056	4,11,6	9,13,12	0,1,0	12,5,13	198	99	2.29317631328e-07	1.4414825843e-05	0.182,0.297,0.2	0.0,0.091,0.0	0.196
1588	"OXSM"	"OXSM"	chr3	+	25790989	25791997	25790989	25791315	25791769	25791997	1588	24,22,10	2,0,0	35,25,43	13,10,10	198	99	2.72607595719e-07	1.68405692321e-05	0.857,1.0,1.0	0.574,0.556,0.683	0.348
4420	"CENPV"	"CENPV"	chr17	-	16348615	16349333	16348615	16348685	16349139	16349333	4420	16,17,3	0,0,0	9,15,16	2,1,8	198	99	3.01926777468e-07	1.83356549774e-05	1.0,1.0,1.0	0.692,0.882,0.5	0.309
4692	"UBE2T"	"UBE2T"	chr1	-	202333009	202333335	202333009	202333093	202333236	202333335	4692	2,6,5	192,214,146	22,16,18	223,118,241	198	99	3.16490030072e-07	1.88997296291e-05	0.005,0.014,0.017	0.047,0.063,0.036	-0.037
5377	"ALS2CL"	"ALS2CL"	chr3	-	46674565	46675976	46674565	46674739	46675617	46675976	5377	0,3,3	5,13,7	2,4,6	1,0,1	198	99	3.23718980066e-07	1.90145099275e-05	0.0,0.103,0.176	0.5,1.0,0.75	-0.657
1092	"CTDNEP1"	"CTDNEP1"	chr17	-	7243590	7244245	7243590	7243951	7244188	7244245	1092	211,297,151	4,2,0	359,225,365	16,14,16	198	99	3.35439603538e-07	1.93851628948e-05	0.963,0.987,1.0	0.918,0.889,0.919	0.075
1877	"HMBS"	"HMBS"	chr11	+	119088634	119089131	119088634	119088848	119089081	119089131	1877	7,7,5	1,0,0	5,1,3	2,1,4	198	99	3.74363155919e-07	2.12911617089e-05	0.778,1.0,1.0	0.556,0.333,0.273	0.539
2794	"CAPN10"	"CAPN10"	chr2	+	240595933	240596521	240595933	240596152	240596318	240596521	2794	26,7,7	0,0,0	24,13,17	2,6,3	198	99	4.01244606096e-07	2.24634284944e-05	1.0,1.0,1.0	0.857,0.52,0.739	0.295
5582	"PCNXL2"	"PCNXL2"	chr1	-	233217898	233218184	233217898	233217931	233218030	233218184	5582	1,2,1	18,12,9	29,13,18	24,28,23	197	99	4.13339757865e-07	2.27845592682e-05	0.027,0.077,0.053	0.378,0.189,0.282	-0.231
2216	"GAS5"	"GAS5"	chr1	-	173864256	173865282	173864256	173864704	173865228	173865282	2216	171,185,93	1028,1174,730	130,75,120	1493,884,1414	198	99	4.30160497222e-07	2.33525009325e-05	0.077,0.073,0.06	0.042,0.041,0.041	0.029
4686	"RPL28"	"RPL28"	chr19	+	55386569	55388048	55386569	55386674	55387929	55388048	4686	482,507,286	0,0,0	490,256,429	30,0,0	198	99	4.49442201789e-07	2.40350956569e-05	1.0,1.0,1.0	0.891,1.0,1.0	0.036
3130	"ARFGAP1"	"ARFGAP1"	chr20	+	63287563	63289788	63287563	63289496	63289677	63289788	3130	39,75,34	0,3,1	63,39,57	12,4,27	198	99	5.76298489374e-07	3.03658454033e-05	1.0,0.926,0.944	0.724,0.83,0.514	0.267
4379	"ABHD17A"	"ABHD17A"	chr19	-	1877507	1880115	1877507	1877687	1879920	1880115	4379	1,2,0	29,50,52	7,6,4	22,7,26	198	99	6.48021301286e-07	3.36501496016e-05	0.017,0.02,0.0	0.137,0.3,0.071	-0.157
6692	"ZNF232"	"ZNF232"	chr17	-	5108925	5109868	5108925	5109052	5109710	5109868	6692	24,46,13	7,9,3	132,87,107	2,5,3	198	99	7.56912958755e-07	3.8743130446e-05	0.632,0.719,0.684	0.971,0.897,0.947	-0.26
820	"HMG20B"	"HMG20B"	chr19	+	3573691	3574586	3573691	3573800	3574382	3574586	820	49,48,33	76,87,49	117,53,80	71,35,69	198	99	8.320959346e-07	4.19915455447e-05	0.244,0.216,0.252	0.452,0.431,0.367	-0.179
788	"CCNK"	"CCNK"	chr14	+	99500765	99502376	99500765	99500871	99502206	99502376	788	1,2,4	1,0,0	0,0,4	3,4,6	198	99	8.95582377147e-07	4.4136841009e-05	0.333,1.0,1.0	0.0,0.0,0.25	0.694
5398	"PIH1D1"	"PIH1D1"	chr19	-	49447826	49448010	49447826	49447908	49448000	49448010	5398	8,11,4	217,206,117	16,19,24	139,102,170	190	99	8.99243481345e-07	4.4136841009e-05	0.019,0.027,0.018	0.057,0.088,0.069	-0.05
3081	"CDK10"	"CDK10"	chr16	+	89693273	89694232	89693273	89693326	89694172	89694232	3081	58,46,34	3,0,0	68,45,62	10,6,11	198	99	9.5784201537e-07	4.63776748793e-05	0.906,1.0,1.0	0.773,0.789,0.738	0.202
2169	"ARFRP1"	"ARFRP1"	chr20	-	63698642	63700702	63698642	63700530	63700601	63700702	2169	47,42,23	117,130,51	86,33,68	409,227,463	169	99	1.1232171927e-06	5.36598293526e-05	0.19,0.159,0.209	0.11,0.078,0.079	0.097
2471	"CYP1A1"	"CYP1A1"	chr15	-	74722272	74723123	74722272	74722341	74722534	74723123	2471	392,382,232	3,6,4	50,31,37	9,0,9	198	99	1.14765168013e-06	5.41057364461e-05	0.985,0.97,0.967	0.735,1.0,0.673	0.171
294	"KLHL21"	"KLHL21"	chr1	-	6590723	6595557	6590723	6593658	6595484	6595557	294	6,18,3	76,83,29	6,2,3	166,97,165	198	99	1.1858319775e-06	5.50229810035e-05	0.038,0.098,0.049	0.018,0.01,0.009	0.049
6304	"COMMD3"	"COMMD3"	chr10	+	22318271	22319018	22318271	22318306	22318958	22319018	6304	4,5,10	0,0,0	6,2,9	3,1,3	198	99	1.19782096519e-06	5.50229810035e-05	1.0,1.0,1.0	0.5,0.5,0.6	0.467
5362	"SMOX"	"SMOX"	chr20	+	4182088	4182848	4182088	4182323	4182482	4182848	5362	41,52,29	1,3,1	81,64,63	17,12,20	198	99	1.21980116252e-06	5.53233869026e-05	0.953,0.897,0.935	0.704,0.727,0.612	0.247
637	"RP11-390P2.4"	"RP11-390P2.4"	chr6	+	138696596	138697288	138696596	138696755	138696902	138697288	637	4,6,8	4,5,2	2,0,1	7,8,12	198	99	1.28015159728e-06	5.66269527538e-05	0.333,0.375,0.667	0.125,0.0,0.04	0.403
1493	"CIZ1"	"CIZ1"	chr9	-	128178708	128179415	128178708	128178904	128179072	128179415	1493	185,219,115	52,54,27	383,206,376	53,25,35	198	99	1.26593887873e-06	5.66269527538e-05	0.64,0.67,0.68	0.783,0.805,0.843	-0.147
3088	"PTCD3"	"PTCD3"	chr2	+	86133177	86133436	86133177	86133256	86133345	86133436	3088	18,19,13	92,71,62	7,4,6	97,57,139	187	99	1.34706322108e-06	5.81509339895e-05	0.094,0.124,0.1	0.037,0.036,0.022	0.074
5698	"SRRM1"	"SRRM1"	chr1	+	24646666	24649029	24646666	24646789	24648858	24649029	5698	10,14,5	196,154,76	24,14,23	121,64,94	198	99	1.33206671971e-06	5.81509339895e-05	0.025,0.043,0.032	0.09,0.099,0.109	-0.066
786	"CEP350"	"CEP350"	chr1	+	180110996	180113380	180110996	180111195	180112436	180113380	786	23,20,9	2,0,0	30,23,24	15,4,7	198	99	1.5822813334e-06	6.74918335425e-05	0.852,1.0,1.0	0.5,0.742,0.632	0.326
355	"UBL5"	"UBL5"	chr19	+	9828326	9828675	9828326	9828393	9828591	9828675	355	119,143,97	1295,1515,817	241,169,234	1499,842,1572	198	99	1.68084466401e-06	7.08525462488e-05	0.044,0.045,0.056	0.074,0.091,0.069	-0.03
3107	"TMEM147"	"TMEM147"	chr19	+	35546671	35547029	35546671	35546808	35546944	35547029	3107	23,29,7	272,263,139	57,38,67	315,184,323	198	99	1.80575627773e-06	7.52328458501e-05	0.041,0.052,0.025	0.083,0.094,0.094	-0.051
4857	"GALT"	"GALT"	chr9	+	34647491	34647961	34647491	34647705	34647831	34647961	4857	1,2,0	27,38,9	6,3,8	15,5,23	198	99	2.37836597916e-06	9.79504057854e-05	0.018,0.026,0.0	0.167,0.231,0.148	-0.167
4759	"MAPKBP1"	"MAPKBP1"	chr15	+	41819245	41819650	41819245	41819379	41819594	41819650	4759	0,0,1	6,6,8	1,8,11	8,4,9	198	99	2.45245431429e-06	9.98539069102e-05	0.0,0.0,0.059	0.059,0.5,0.379	-0.293
4525	"FLAD1"	"FLAD1"	chr1	+	154990158	154990528	154990158	154990257	154990338	154990528	4525	16,21,5	88,71,48	16,6,12	231,125,231	179	99	2.6258189173e-06	0.000105711339109	0.091,0.141,0.054	0.037,0.026,0.028	0.065
2126	"GPAT4"	"GPAT4"	chr8	+	41598291	41599304	41598291	41598476	41599233	41599304	2126	128,147,77	1,0,1	261,152,316	11,12,9	198	99	3.18986783332e-06	0.000126992182742	0.985,1.0,0.975	0.922,0.864,0.946	0.076
2311	"DTX3"	"DTX3"	chr12	+	57605988	57606252	57605988	57606029	57606189	57606252	2311	13,8,6	6,0,3	6,6,9	0,0,0	198	99	3.25521630651e-06	0.000128169670618	0.52,1.0,0.5	1.0,1.0,1.0	-0.327
1200	"MPHOSPH8"	"MPHOSPH8"	chr13	+	19670839	19671289	19670839	19670964	19671205	19671289	1200	11,13,2	0,0,0	11,14,17	3,4,1	198	99	3.58860814964e-06	0.000139760684784	1.0,1.0,1.0	0.647,0.636,0.895	0.274
454	"RPL10"	"RPL10"	chrX	+	154399337	154399594	154399337	154399396	154399486	154399594	454	155,154,80	3160,3844,2120	198,124,196	3011,1771,2642	188	99	3.68766700998e-06	0.000141670144454	0.025,0.021,0.019	0.033,0.036,0.038	-0.014
6681	"DCTN2"	"DCTN2"	chr12	-	57532983	57533303	57532983	57533022	57533237	57533303	6681	4,4,1	183,192,109	20,4,6	116,74,117	198	99	3.71671604205e-06	0.000141670144454	0.011,0.01,0.005	0.079,0.026,0.025	-0.035
5458	"MKNK2"	"MKNK2"	chr19	-	2042606	2042870	2042606	2042662	2042765	2042870	5458	2,1,2	158,170,97	20,5,14	200,91,218	198	99	3.90113261306e-06	0.000147134296343	0.006,0.003,0.01	0.048,0.027,0.031	-0.029
2612	"TPCN1"	"TPCN1"	chr12	+	113288162	113288847	113288162	113288234	113288757	113288847	2612	10,10,2	19,17,20	1,1,1	26,13,23	198	99	4.49224210064e-06	0.000167663577569	0.208,0.227,0.048	0.019,0.037,0.021	0.135
5393	"BHLHE40"	"BHLHE40"	chr3	+	4979961	4980408	4979961	4980031	4980300	4980408	5393	15,22,11	127,124,93	10,5,7	175,113,239	198	99	5.43822517163e-06	0.000200877946288	0.056,0.081,0.056	0.028,0.022,0.014	0.043
5082	"PPFIBP2"	"PPFIBP2"	chr11	+	7653023	7653756	7653023	7653200	7653501	7653756	5082	1,12,1	0,0,0	13,3,9	2,1,4	198	99	5.52958390565e-06	0.00020216835851	1.0,1.0,1.0	0.765,0.6,0.529	0.369
4621	"MBD6"	"MBD6"	chr12	+	57524028	57524416	57524028	57524092	57524279	57524416	4621	6,3,1	67,60,41	23,7,12	71,45,51	198	99	5.78252330896e-06	0.000209280616323	0.043,0.024,0.012	0.139,0.072,0.105	-0.079
5445	"HERPUD2"	"HERPUD2"	chr7	-	35694183	35695135	35694183	35694627	35694800	35695135	5445	12,11,6	1,0,0	24,19,21	4,5,8	198	99	5.90529273314e-06	0.000211586638628	0.857,1.0,1.0	0.75,0.655,0.568	0.295
2575	"PXDN"	"PXDN"	chr2	-	1663604	1665074	1663604	1663763	1664957	1665074	2575	24,13,8	86,85,31	2,0,2	45,13,33	198	99	6.3308651036e-06	0.000224589006596	0.122,0.071,0.114	0.022,0.0,0.029	0.085
488	"RPAIN"	"RPAIN"	chr17	+	5425970	5426299	5425970	5426082	5426235	5426299	488	6,1,5	15,45,14	12,9,7	5,6,10	198	99	6.76763575791e-06	0.000237729793339	0.167,0.011,0.152	0.545,0.429,0.259	-0.301
3755	"ZGPAT"	"ZGPAT"	chr20	+	63733586	63734824	63733586	63733739	63734644	63734824	3755	7,7,7	1,0,0	11,9,6	3,2,7	198	99	7.37844105736e-06	0.000255221580506	0.778,1.0,1.0	0.647,0.692,0.3	0.38
5102	"TGOLN2"	"TGOLN2"	chr2	-	85326507	85327685	85326507	85326804	85326978	85327685	5102	321,425,210	60,85,40	505,302,467	163,111,157	198	99	7.4792815945e-06	0.000255221580506	0.728,0.714,0.724	0.608,0.576,0.598	0.128
5496	"SHMT2"	"SHMT2"	chr12	+	57232210	57232575	57232210	57232292	57232452	57232575	5496	4,6,6	748,870,573	46,28,33	1090,599,1114	198	99	7.43598378872e-06	0.000255221580506	0.003,0.003,0.005	0.021,0.023,0.015	-0.016
2103	"SLC35A5"	"SLC35A5"	chr3	+	112580545	112581326	112580545	112580706	112581178	112581326	2103	108,133,82	2,1,0	148,92,173	5,1,21	198	99	7.75794115182e-06	0.000262233048556	0.964,0.985,1.0	0.937,0.979,0.805	0.076
2769	"PTBP1"	"PTBP1"	chr19	+	804035	804438	804035	804208	804291	804438	2769	3,3,3	435,456,261	32,6,26	591,363,512	181	99	7.9045175746e-06	0.000264690527755	0.004,0.004,0.006	0.029,0.009,0.027	-0.017
3014	"PIGS"	"PIGS"	chr17	-	28570851	28571188	28570851	28570963	28571048	28571188	3014	1,3,0	72,73,37	9,7,12	73,44,97	183	99	8.22352228902e-06	0.000272822966311	0.007,0.022,0.0	0.063,0.079,0.063	-0.059
2436	"FXR1"	"FXR1"	chr3	+	180962882	180963090	180962882	180962940	180963027	180963090	2436	81,63,37	182,209,108	115,62,100	142,90,177	185	99	9.31025826556e-06	0.000306042709775	0.192,0.139,0.155	0.302,0.269,0.232	-0.106
4080	"TRA2A"	"TRA2A"	chr7	-	23521706	23522432	23521706	23521840	23522353	23522432	4080	42,53,17	1,0,0	158,79,152	15,2,12	198	99	9.59787957366e-06	0.000312629113749	0.955,1.0,1.0	0.84,0.952,0.864	0.1
401	"SAT2"	"SAT2"	chr17	-	7627362	7627805	7627362	7627414	7627569	7627805	401	12,21,11	14,18,17	55,28,63	14,13,10	198	99	9.94397006604e-06	0.000320984186906	0.3,0.368,0.244	0.663,0.519,0.759	-0.343
6030	"NIT1"	"NIT1"	chr1	+	161119133	161119612	161119133	161119388	161119508	161119612	6030	1,3,3	68,79,28	9,5,17	73,31,56	198	99	1.04584759879e-05	0.000334577852363	0.007,0.019,0.051	0.058,0.075,0.132	-0.063
5944	"ATG4D"	"ATG4D"	chr19	+	10546838	10547253	10546838	10547075	10547188	10547253	5944	50,33,35	0,0,0	81,40,77	4,1,9	198	99	1.1202639945e-05	0.000355212910822	1.0,1.0,1.0	0.91,0.952,0.811	0.109
5506	"SNX16"	"SNX16"	chr8	-	81839611	81840082	81839611	81839751	81839838	81840082	5506	9,20,9	1,0,0	42,22,38	4,5,10	185	99	1.37291265562e-05	0.000431504039043	0.828,1.0,1.0	0.849,0.702,0.67	0.202
2373	"U2AF1L4"	"U2AF1L4"	chr19	-	35744322	35745187	35744322	35744738	35745124	35745187	2373	7,5,3	32,39,20	31,19,38	67,32,65	198	99	1.41435408391e-05	0.000440663537622	0.099,0.06,0.07	0.188,0.229,0.226	-0.138
831	"INO80E"	"INO80E"	chr16	+	29996243	29996617	29996243	29996391	29996546	29996617	831	19,12,5	132,124,76	45,40,68	244,120,251	198	99	1.42884723486e-05	0.000441341348492	0.067,0.046,0.032	0.084,0.143,0.119	-0.067
1671	"DDX39A"	"DDX39A"	chr19	-	14409741	14410334	14409741	14409873	14410215	14410334	1671	46,41,21	220,258,119	86,48,96	254,152,254	198	99	1.49254424615e-05	0.000457075729398	0.095,0.074,0.081	0.145,0.136,0.159	-0.063
6315	"MOB2"	"MOB2"	chr11	-	1480392	1480885	1480392	1480486	1480724	1480885	6315	3,14,7	52,48,29	9,3,5	164,98,168	198	99	1.5276805035e-05	0.000463871122376	0.028,0.127,0.108	0.027,0.015,0.015	0.069
4574	"TAF1C"	"TAF1C"	chr16	-	84181745	84182058	84181745	84181863	84181941	84182058	4574	22,30,14	24,13,14	15,14,20	64,33,50	176	99	1.54435364728e-05	0.00046499320321	0.34,0.565,0.36	0.116,0.193,0.184	0.257
2077	"CAPRIN2"	"CAPRIN2"	chr12	-	30714958	30716676	30714958	30715141	30716507	30716676	2077	5,2,4	1,0,0	6,2,5	1,1,10	198	99	1.58356620753e-05	0.000472826476798	0.714,1.0,1.0	0.75,0.5,0.2	0.421
5320	"NEMF"	"NEMF"	chr14	-	49784924	49785320	49784924	49785004	49785219	49785320	5320	4,8,1	0,0,0	3,1,11	4,0,3	198	99	1.6655782122e-05	0.00049320386234	1.0,1.0,1.0	0.273,1.0,0.647	0.36
2078	"CAPRIN2"	"CAPRIN2"	chr12	-	30714958	30716676	30714958	30715144	30716507	30716676	2078	5,2,4	0,0,0	6,2,5	2,0,5	198	99	1.78582646402e-05	0.000524476739392	1.0,1.0,1.0	0.6,1.0,0.333	0.356
5157	"CHD4"	"CHD4"	chr12	-	6583026	6583378	6583026	6583113	6583197	6583378	5157	18,7,7	169,150,105	25,19,31	160,114,113	182	99	2.04946240486e-05	0.000597010064765	0.055,0.025,0.035	0.078,0.083,0.13	-0.059
2069	"C21orf58"	"C21orf58"	chr21	-	46301129	46302154	46301129	46301713	46301996	46302154	2069	8,11,8	2,8,2	29,11,26	3,0,0	198	99	2.17545726614e-05	0.000628601885853	0.667,0.407,0.667	0.829,1.0,1.0	-0.363
4317	"MARS"	"MARS"	chr12	+	57489266	57489558	57489266	57489345	57489454	57489558	4317	55,127,58	2,1,0	129,65,101	9,8,4	198	99	2.25138325668e-05	0.000645336496695	0.932,0.984,1.0	0.878,0.802,0.927	0.103
5501	"PCDHA13"	"PCDHA13"	chr5	+	141009626	141012344	141009626	141009728	141010165	141012344	5501	12,7,8	0,0,0	1,0,7	3,1,1	198	99	2.66108459355e-05	0.000756719531642	1.0,1.0,1.0	0.143,0.0,0.778	0.693
2490	"GTPBP3"	"GTPBP3"	chr19	+	17338953	17339266	17338953	17339026	17339122	17339266	2490	7,21,6	33,54,21	10,6,16	133,81,136	194	99	2.96815813906e-05	0.000837394536398	0.098,0.166,0.127	0.037,0.036,0.057	0.087
5530	"ZFPL1"	"ZFPL1"	chr11	+	65084241	65084800	65084241	65084360	65084690	65084800	5530	36,46,27	0,1,1	48,21,60	6,3,6	198	99	3.03982414804e-05	0.00085091327519	1.0,0.958,0.931	0.8,0.778,0.833	0.159
5176	"CRB3"	"CRB3"	chr19	+	6466465	6467221	6466465	6466609	6466950	6467221	5176	42,46,25	48,49,41	49,30,44	156,66,113	198	99	3.19445486091e-05	0.000887266028422	0.304,0.319,0.234	0.136,0.185,0.163	0.124
1290	"CIRBP"	"CIRBP"	chr19	+	1270927	1271467	1270927	1271036	1271139	1271467	1290	8,11,4	552,672,389	30,9,19	518,290,446	198	99	3.2763481044e-05	0.000903011942928	0.007,0.008,0.005	0.028,0.015,0.021	-0.015
3352	"CHKB"	"CHKB"	chr22	-	50580189	50580416	50580189	50580271	50580357	50580416	3352	38,54,23	29,47,28	56,36,94	25,12,32	184	99	3.43999047525e-05	0.000940876784185	0.413,0.382,0.307	0.547,0.617,0.612	-0.225
419	"LPO"	"LPO"	chr17	+	58242977	58244081	58242977	58243055	58243993	58244081	419	4,3,4	2,9,2	20,7,25	2,1,2	198	99	3.63969316509e-05	0.000987956106857	0.5,0.143,0.5	0.833,0.778,0.862	-0.443
2631	"LINC00240"	"LINC00240"	chr6	+	27023253	27023924	27023253	27023397	27023764	27023924	2631	8,12,3	2,1,0	7,3,10	7,9,7	198	99	3.83338642677e-05	0.00102958567496	0.667,0.857,1.0	0.333,0.143,0.417	0.544
2742	"TIMM10B"	"TIMM10B"	chr11	+	6481500	6481852	6481500	6481555	6481756	6481852	2742	10,15,3	58,84,42	6,0,3	110,57,85	198	99	3.8505297361e-05	0.00102958567496	0.079,0.082,0.034	0.027,0.0,0.017	0.05
5573	"PLEKHG4"	"PLEKHG4"	chr16	+	67277509	67280806	67277509	67280543	67280710	67280806	5573	3,0,0	2,5,8	9,5,4	2,0,4	198	99	3.91240991395e-05	0.00103838257198	0.429,0.0,0.0	0.692,1.0,0.333	-0.532
2953	"NUBP2"	"NUBP2"	chr16	+	1786536	1787831	1786536	1786955	1787676	1787831	2953	1,2,1	53,63,32	11,3,10	73,38,56	198	99	3.96075165601e-05	0.00103866057643	0.009,0.016,0.015	0.07,0.038,0.082	-0.05
4385	"CCS"	"CCS"	chr11	+	66599115	66599636	66599115	66599253	66599458	66599636	4385	8,15,5	50,42,23	19,21,41	39,13,44	198	99	3.97143452334e-05	0.00103866057643	0.074,0.152,0.098	0.196,0.447,0.318	-0.212
1967	"PINK1"	"PINK1"	chr1	+	20648504	20649231	20648504	20648632	20648994	20649231	1967	28,19,6	135,160,82	4,3,7	137,77,98	198	99	4.1722727908e-05	0.00108327923257	0.094,0.056,0.035	0.014,0.019,0.034	0.039
6243	"VPS16"	"VPS16"	chr20	+	2863948	2864287	2863948	2864083	2864178	2864287	6243	1,5,2	69,81,34	7,6,14	62,29,49	193	99	4.20287310366e-05	0.00108337369284	0.007,0.031,0.029	0.055,0.096,0.128	-0.071
2334	"PRMT5"	"PRMT5"	chr14	-	22920528	22921056	22920528	22920731	22920839	22921056	2334	152,142,79	4,7,6	208,129,198	4,0,0	198	99	4.36015132682e-05	0.00111588730029	0.95,0.91,0.868	0.963,1.0,1.0	-0.078
2213	"GAS5"	"GAS5"	chr1	-	173864256	173864704	173864256	173864304	173864674	173864704	2213	235,259,148	17,22,16	242,114,200	44,27,32	198	99	4.47243377059e-05	0.00113003849332	0.874,0.855,0.822	0.733,0.679,0.758	0.127
2219	"GAS5"	"GAS5"	chr1	-	173865856	173866206	173865856	173865894	173866176	173866206	2219	59,90,26	1133,1382,823	44,30,38	1584,876,1563	198	99	4.47852263608e-05	0.00113003849332	0.025,0.032,0.016	0.014,0.017,0.012	0.01
3269	"ERCC2"	"ERCC2"	chr19	-	45368929	45369147	45368929	45368992	45369069	45369147	3269	0,0,2	30,28,35	4,2,7	21,18,22	175	99	5.20010344064e-05	0.00130293500894	0.0,0.0,0.031	0.097,0.059,0.153	-0.093
1225	"DHRS1"	"DHRS1"	chr14	-	24291138	24291625	24291138	24291219	24291555	24291625	1225	6,1,7	39,26,16	14,8,15	20,7,23	198	99	5.69158987619e-05	0.001416178231	0.071,0.019,0.179	0.259,0.364,0.246	-0.2
6778	"DCXR"	"DCXR"	chr17	-	82036858	82037547	82036858	82037013	82037449	82037547	6778	7,23,15	53,25,22	38,31,36	25,16,26	198	99	5.99157415382e-05	0.00148053863401	0.062,0.315,0.254	0.432,0.492,0.409	-0.234
1573	"HAX1"	"HAX1"	chr1	+	154274949	154275260	154274949	154275001	154275077	154275260	1573	4,21,4	0,0,2	11,1,15	6,7,4	174	99	6.30492096209e-05	0.00153677087124	1.0,1.0,0.532	0.511,0.075,0.681	0.422
4851	"GALT"	"GALT"	chr9	+	34647088	34647567	34647088	34647258	34647491	34647567	4851	1,1,1	18,29,11	5,4,6	20,11,12	198	99	6.26599031492e-05	0.00153677087124	0.027,0.017,0.043	0.111,0.154,0.2	-0.126
5419	"HCFC1R1"	"HCFC1R1"	chr16	-	3023232	3023530	3023232	3023361	3023473	3023530	5419	17,18,13	113,109,55	30,25,37	93,33,94	198	99	6.47711758098e-05	0.00156807515491	0.07,0.076,0.106	0.139,0.275,0.164	-0.109
6738	"NECAB3"	"NECAB3"	chr20	-	33659884	33660395	33659884	33660058	33660258	33660395	6738	12,6,2	1,0,0	9,8,20	3,2,2	198	99	6.69085901241e-05	0.00160894951956	0.857,1.0,1.0	0.6,0.667,0.833	0.252
387	"PRPF40B"	"PRPF40B"	chr12	+	49642234	49642675	49642234	49642372	49642579	49642675	387	7,2,2	14,17,10	9,5,9	3,5,4	198	99	6.98225609711e-05	0.00165862841124	0.2,0.056,0.091	0.6,0.333,0.529	-0.372
5779	"TNNT2"	"TNNT2"	chr1	-	201372026	201372155	201372026	201372041	201372144	201372155	5779	1,0,4	0,1,0	0,1,0	6,3,1	198	99	6.99003321509e-05	0.00165862841124	1.0,0.0,1.0	0.0,0.143,0.0	0.619
1273	"ILK"	"ILK"	chr11	+	6608883	6609408	6608883	6608967	6609298	6609408	1273	4,11,1	0,0,0	9,7,5	4,1,1	198	99	7.32024535331e-05	0.00172555520401	1.0,1.0,1.0	0.529,0.778,0.714	0.326
5854	"ECSIT"	"ECSIT"	chr19	-	11507701	11508048	11507701	11507850	11507990	11508048	5854	7,2,2	78,94,61	22,11,15	109,59,153	198	99	7.62624930907e-05	0.00178593799179	0.043,0.011,0.016	0.092,0.085,0.047	-0.051
766	"DPH7"	"DPH7"	chr9	-	137564892	137565154	137564892	137564958	137565084	137565154	766	6,7,0	37,37,21	35,24,29	101,39,78	198	99	7.75106233484e-05	0.00180338028219	0.075,0.086,0.0	0.148,0.235,0.157	-0.126
2104	"SLC35A5"	"SLC35A5"	chr3	+	112580545	112581326	112580545	112580706	112581244	112581326	2104	104,120,74	0,0,0	134,99,142	8,2,4	198	99	7.8067806238e-05	0.00180462548226	1.0,1.0,1.0	0.893,0.961,0.947	0.066
4663	"N6AMT1"	"N6AMT1"	chr21	-	28872190	28876491	28872190	28872739	28876311	28876491	4663	8,20,15	0,1,0	20,18,31	6,2,2	198	99	9.07823520685e-05	0.0020850844068	1.0,0.909,1.0	0.625,0.818,0.886	0.193
2218	"GAS5"	"GAS5"	chr1	-	173865228	173865547	173865228	173865282	173865509	173865547	2218	249,266,148	763,842,518	265,133,225	1186,680,1128	198	99	9.16204187627e-05	0.00209092968425	0.14,0.136,0.125	0.1,0.089,0.091	0.04
4419	"NELFCD"	"NELFCD"	chr20	+	58994641	58995133	58994641	58994824	58994925	58995133	4419	277,381,182	6,5,2	426,258,502	14,16,23	198	99	9.39911558998e-05	0.00213145766828	0.958,0.974,0.978	0.938,0.89,0.916	0.055
2238	"ATXN2L"	"ATXN2L"	chr16	+	28835932	28836485	28835932	28836122	28836448	28836485	2238	96,101,55	26,35,18	133,77,145	20,11,18	198	99	0.000100319642888	0.00226066214131	0.649,0.591,0.604	0.769,0.778,0.801	-0.168
5325	"HNRNPM"	"HNRNPM"	chr19	+	8465323	8465515	8465323	8465362	8465479	8465515	5325	422,425,228	265,292,131	323,184,290	116,77,128	198	99	0.000102454972014	0.00229435102954	0.443,0.421,0.465	0.582,0.544,0.531	-0.109
6414	"TMEM234"	"TMEM234"	chr1	-	32215135	32215795	32215135	32215216	32215672	32215795	6414	5,1,1	0,1,0	5,5,2	2,3,3	198	99	0.00011057546176	0.00246081912724	1.0,0.333,1.0	0.556,0.455,0.25	0.357
3601	"HNRNPH1"	"HNRNPH1"	chr5	-	179617798	179618060	179617798	179617932	179617988	179618060	3601	96,111,95	1336,1506,852	60,45,75	1383,738,1434	154	99	0.000113261770794	0.0025050427454	0.044,0.045,0.067	0.027,0.038,0.033	0.019
2473	"CD55"	"CD55"	chr1	+	207336692	207337409	207336692	207336818	207337328	207337409	2473	10,12,6	299,361,174	36,15,43	482,255,487	198	99	0.00011481132532	0.00252373606516	0.016,0.016,0.017	0.036,0.029,0.042	-0.019
1423	"MAN2B1"	"MAN2B1"	chr19	-	12655693	12656687	12655693	12655879	12656570	12656687	1423	7,9,5	102,130,70	22,12,19	108,67,104	198	99	0.000117763376275	0.00257284254386	0.033,0.033,0.034	0.092,0.082,0.084	-0.053
4840	"MAGIX"	"MAGIX"	chrX	+	49164706	49165090	49164706	49164789	49164907	49165090	4840	2,2,2	1,1,2	2,1,2	1,0,0	198	99	0.000118652890375	0.0025765654922	0.5,0.5,0.333	0.5,1.0,1.0	-0.389
2933	"NSUN5"	"NSUN5"	chr7	-	73303229	73303740	73303229	73303529	73303599	73303740	2933	27,22,16	52,64,40	23,9,25	122,79,120	168	99	0.000120118699801	0.00259268253848	0.234,0.168,0.191	0.1,0.063,0.109	0.107
2055	"FAM135A"	"FAM135A"	chr6	+	70524930	70526698	70524930	70525191	70525863	70526698	2055	6,15,3	0,0,1	19,13,16	1,4,6	198	99	0.000122429579949	0.00262673763447	1.0,1.0,0.6	0.905,0.619,0.571	0.168
5981	"NOP2"	"NOP2"	chr12	-	6560097	6560569	6560097	6560326	6560446	6560569	5981	13,29,6	81,99,52	24,18,25	279,207,314	198	99	0.000150569706827	0.00321125749739	0.074,0.128,0.055	0.041,0.042,0.038	0.045
5331	"SNHG12"	"SNHG12"	chr1	-	28579532	28580646	28579532	28579981	28580559	28580646	5331	13,15,9	43,46,23	8,6,2	63,38,55	198	99	0.000154147961189	0.00326811920083	0.131,0.14,0.164	0.06,0.073,0.018	0.095
4929	"CD22"	"CD22"	chr19	+	35332018	35332924	35332018	35332074	35332552	35332924	4929	0,0,3	2,1,0	2,2,1	1,0,0	198	99	0.000160353438375	0.00337968452763	0.0,0.0,1.0	0.5,1.0,1.0	-0.5
117	"ZSCAN2"	"ZSCAN2"	chr15	+	84620601	84622714	84620601	84620772	84622645	84622714	117	4,10,7	1,0,0	21,3,16	3,0,4	198	99	0.000163595538179	0.00342785270933	0.667,1.0,1.0	0.778,1.0,0.667	0.074
1295	"CIRBP"	"CIRBP"	chr19	+	1271980	1273172	1271980	1272051	1272426	1273172	1295	26,32,18	123,136,87	42,18,52	88,65,64	198	99	0.000167304345933	0.00348518297371	0.096,0.105,0.094	0.193,0.122,0.289	-0.103
4764	"PPP1R16A"	"PPP1R16A"	chr8	+	144500266	144500612	144500266	144500391	144500486	144500612	4764	4,2,2	45,13,16	21,10,11	34,31,41	193	99	0.000170765355329	0.00353671831297	0.044,0.073,0.06	0.241,0.142,0.121	-0.109
1867	"SNHG1"	"SNHG1"	chr11	-	62854887	62855216	62854887	62854938	62855132	62855216	1867	26,29,17	90,115,75	28,22,31	255,149,268	198	99	0.000181708146253	0.003720344503	0.126,0.112,0.102	0.052,0.069,0.055	0.055
6280	"SH2D3A"	"SH2D3A"	chr19	-	6754250	6754731	6754250	6754425	6754615	6754731	6280	10,18,9	22,17,17	10,7,11	69,33,44	198	99	0.000180832158815	0.003720344503	0.185,0.346,0.209	0.068,0.096,0.111	0.155
634	"UCK1"	"UCK1"	chr9	-	131528943	131529270	131528943	131529038	131529127	131529270	634	4,7,1	76,111,65	16,10,26	129,103,148	187	99	0.000186037092128	0.00378733466531	0.027,0.032,0.008	0.062,0.049,0.085	-0.043
3033	"CPSF3L"	"CPSF3L"	chr1	-	1312592	1313124	1312592	1312949	1313034	1313124	3033	29,39,13	193,239,129	21,14,18	320,164,300	183	99	0.000191975221365	0.00388614247543	0.075,0.081,0.052	0.034,0.044,0.031	0.033
842	"ADD1"	"ADD1"	chr4	+	2908514	2909431	2908514	2908604	2909338	2909431	842	0,0,1	6,8,6	3,3,2	4,3,7	198	99	0.000193584057038	0.00389669481105	0.0,0.0,0.077	0.273,0.333,0.125	-0.218
5535	"CARD9"	"CARD9"	chr9	-	136364482	136366845	136364482	136365217	136366799	136366845	5535	6,9,5	6,13,7	4,0,0	12,6,9	198	99	0.000206498797659	0.00413343682688	0.333,0.257,0.263	0.143,0.0,0.0	0.237
2693	"HMGN2"	"HMGN2"	chr1	+	26473482	26473732	26473482	26473527	26473702	26473732	2693	47,41,22	1375,1410,850	88,47,56	1512,802,1388	198	99	0.000211607194982	0.00421215877567	0.017,0.014,0.013	0.028,0.028,0.02	-0.011
4881	"SNX21"	"SNX21"	chr20	+	45840638	45842881	45840638	45840780	45842032	45842881	4881	46,36,24	0,1,0	90,36,85	6,3,4	198	99	0.000219058060861	0.00431255512124	1.0,0.947,1.0	0.882,0.857,0.914	0.098
5576	"CHMP2A"	"CHMP2A"	chr19	-	58551565	58551967	58551565	58551776	58551905	58551967	5576	4,6,2	123,171,85	15,9,15	155,87,166	198	99	0.000218590806414	0.00431255512124	0.016,0.017,0.012	0.046,0.049,0.043	-0.031
1404	"MUS81"	"MUS81"	chr11	+	65864719	65865145	65864719	65864815	65865114	65865145	1404	157,223,95	6,8,5	317,163,248	23,14,36	198	99	0.000222066717475	0.00432426656909	0.929,0.933,0.905	0.873,0.853,0.775	0.089
2427	"IDH3G"	"IDH3G"	chrX	-	153785765	153786272	153785765	153785973	153786211	153786272	2427	22,25,15	92,110,47	43,15,39	80,33,69	198	99	0.000221369533356	0.00432426656909	0.107,0.102,0.138	0.212,0.185,0.22	-0.09
5132	"MLXIPL"	"MLXIPL"	chr7	-	73596363	73596789	73596363	73596479	73596638	73596789	5132	1,4,5	4,5,0	0,0,1	1,1,2	198	99	0.000225767413987	0.00437256564495	0.111,0.286,1.0	0.0,0.0,0.2	0.399
4269	"DDX17"	"DDX17"	chr22	-	38487878	38492115	38487878	38488115	38492055	38492115	4269	78,118,64	299,356,181	101,48,92	458,289,494	198	99	0.000236041901346	0.00454697920711	0.115,0.142,0.15	0.099,0.077,0.085	0.049
1921	"ANK3"	"ANK3"	chr10	-	60059339	60060006	60059339	60059430	60059697	60060006	1921	20,40,17	100,106,57	16,6,3	86,53,65	198	99	0.000239809015954	0.00459484333777	0.091,0.159,0.13	0.085,0.054,0.023	0.073
1101	"LRRC75A-AS1"	"LRRC75A-AS1"	chr17	+	16439326	16440253	16439326	16439414	16440184	16440253	1101	80,86,44	1285,1396,851	43,31,59	1457,817,1484	198	99	0.000242065795106	0.0046134135312	0.03,0.03,0.025	0.015,0.019,0.019	0.011
303	"CPNE1"	"CPNE1"	chr20	-	35626043	35626803	35626043	35626381	35626566	35626803	303	4,2,0	141,139,92	15,4,5	107,58,154	198	99	0.000245855277943	0.00466084370831	0.014,0.007,0.0	0.066,0.033,0.016	-0.031
1924	"ALAD"	"ALAD"	chr9	-	113390592	113390933	113390592	113390676	113390797	113390933	1924	6,4,1	20,27,16	14,9,6	13,11,15	198	99	0.000250181147867	0.00471788975162	0.13,0.069,0.03	0.35,0.29,0.167	-0.193
4397	"TAB3"	"TAB3"	chrX	-	30842965	30846644	30842965	30843049	30846550	30846644	4397	5,2,8	48,54,25	3,1,1	106,53,108	198	99	0.000259540804549	0.00486876807696	0.05,0.018,0.138	0.014,0.009,0.005	0.059
2212	"GAS5"	"GAS5"	chr1	-	173864256	173864506	173864256	173864304	173864483	173864506	2212	99,128,59	604,751,455	87,46,65	861,466,688	198	99	0.000265513293447	0.00495486526261	0.076,0.079,0.061	0.048,0.047,0.045	0.025
805	"RPL31"	"RPL31"	chr2	+	101002292	101002808	101002292	101002315	101002701	101002808	805	91,96,29	1824,2086,1184	108,74,116	1864,1067,1674	198	99	0.000270467381705	0.00502116387901	0.024,0.022,0.012	0.028,0.034,0.033	-0.012
3393	"SPSB3"	"SPSB3"	chr16	-	1778133	1778612	1778133	1778321	1778434	1778612	3393	25,35,9	15,38,23	27,12,19	83,37,92	198	99	0.000281107588213	0.00519179633282	0.455,0.315,0.164	0.14,0.14,0.094	0.187
5561	"SLC38A7"	"SLC38A7"	chr16	-	58675939	58676346	58675939	58676022	58676288	58676346	5561	7,14,7	0,1,0	31,19,19	6,1,1	198	99	0.000282735006097	0.00519507449664	1.0,0.875,1.0	0.721,0.905,0.905	0.115
4716	"IZUMO4"	"IZUMO4"	chr19	+	2097251	2097495	2097251	2097332	2097423	2097495	4716	3,2,1	1,3,1	0,0,0	2,1,6	189	99	0.000288120550179	0.00526702005761	0.611,0.259,0.344	0.0,0.0,0.0	0.405
4015	"LINC01515"	"LINC01515"	chr10	+	65585484	65585802	65585484	65585567	65585664	65585802	4015	0,1,0	4,8,2	2,1,4	4,2,1	195	99	0.000291003611984	0.00529272051644	0.0,0.06,0.0	0.202,0.202,0.67	-0.338
3691	"ATHL1"	"ATHL1"	chr11	+	290677	292095	290677	291113	291975	292095	3691	4,2,6	10,25,12	3,3,12	1,3,5	198	99	0.000294376136249	0.00532701866758	0.167,0.038,0.2	0.6,0.333,0.545	-0.358
3233	"CDK5RAP3"	"CDK5RAP3"	chr17	+	47973518	47974031	47973518	47973696	47973930	47974031	3233	3,5,2	1,2,1	11,10,6	1,0,0	198	99	0.000310171484271	0.00558464536755	0.6,0.556,0.5	0.846,1.0,1.0	-0.397
4896	"ANO9"	"ANO9"	chr11	-	419581	420615	419581	419729	420462	420615	4896	5,18,7	5,5,5	18,2,12	2,0,1	198	99	0.000314914643069	0.00564169583058	0.333,0.643,0.412	0.818,1.0,0.857	-0.429
2529	"BEST1"	"BEST1"	chr11	+	61958145	61959578	61958145	61958298	61959497	61959578	2529	0,1,3	1,0,0	0,1,0	4,0,2	198	99	0.000317197462729	0.00564206209673	0.0,1.0,1.0	0.0,1.0,0.0	0.333
5808	"AACS"	"AACS"	chr12	+	125124704	125125024	125124704	125124769	125124901	125125024	5808	5,2,6	104,99,54	6,7,7	38,19,40	198	99	0.00031808443861	0.00564206209673	0.023,0.01,0.053	0.073,0.156,0.08	-0.074
1023	"TMEM150A"	"TMEM150A"	chr2	-	85601020	85601482	85601020	85601107	85601434	85601482	1023	13,16,16	60,77,37	54,28,47	85,57,92	198	99	0.000324568113134	0.00570062524196	0.098,0.094,0.178	0.241,0.197,0.203	-0.09
3080	"CDK10"	"CDK10"	chr16	+	89693273	89693467	89693273	89693326	89693397	89693467	3080	55,53,31	62,58,53	75,52,94	44,32,69	169	99	0.000323259595029	0.00570062524196	0.342,0.349,0.255	0.5,0.488,0.444	-0.162
774	"GPS1"	"GPS1"	chr17	+	82056628	82057470	82056628	82056766	82057052	82057470	774	22,16,13	1,0,0	43,22,40	3,6,1	198	99	0.000327925684693	0.00573150111344	0.917,1.0,1.0	0.878,0.647,0.952	0.147
3597	"HNRNPH1"	"HNRNPH1"	chr5	-	179616125	179617110	179616125	179616218	179616868	179617110	3597	91,82,52	1275,1529,828	128,57,110	1202,635,1186	198	99	0.000331025422493	0.00575759266404	0.034,0.026,0.03	0.051,0.043,0.044	-0.016
3285	"HSF1"	"HSF1"	chr8	+	144309771	144311249	144309771	144309896	144311173	144311249	3285	18,15,8	237,272,129	12,3,11	408,236,400	198	99	0.00033351791141	0.00577292114291	0.037,0.027,0.03	0.014,0.006,0.014	0.02
673	"KDM3B"	"KDM3B"	chr5	+	138386021	138386621	138386021	138386190	138386288	138386621	673	109,139,82	0,0,0	217,123,198	8,3,4	196	99	0.000337386395545	0.00581180507326	1.0,1.0,1.0	0.932,0.954,0.962	0.051
4997	"PFDN5"	"PFDN5"	chr12	+	53295838	53296467	53295838	53295941	53296429	53296467	4997	17,8,7	3,0,1	27,12,14	11,7,19	198	99	0.000342380127704	0.00586960764384	0.739,1.0,0.778	0.551,0.462,0.269	0.412
589	"MOV10"	"MOV10"	chr1	+	112699893	112700340	112699893	112699982	112700218	112700340	589	6,12,5	80,86,48	21,10,10	48,37,52	198	99	0.000346563509055	0.00591303358545	0.036,0.065,0.05	0.179,0.119,0.088	-0.078
5294	"NUDT17"	"NUDT17"	chr1	+	145846432	145846690	145846432	145846458	145846597	145846690	5294	7,6,2	1,0,0	8,2,14	3,0,3	198	99	0.00034903576323	0.00592699118319	0.778,1.0,1.0	0.571,1.0,0.7	0.169
4996	"PFDN5"	"PFDN5"	chr12	+	53295838	53296275	53295838	53295941	53296243	53296275	4996	26,20,16	375,387,236	55,27,40	408,249,386	198	99	0.00035260700275	0.00595766698519	0.034,0.025,0.033	0.063,0.051,0.049	-0.024
5105	"STAT2"	"STAT2"	chr12	-	56354777	56355351	56354777	56354863	56355275	56355351	5105	2,3,1	25,42,16	3,6,9	25,6,17	198	99	0.000354167755469	0.00595766698519	0.038,0.034,0.03	0.057,0.333,0.209	-0.166
4250	"TKFC"	"TKFC"	chr11	+	61333548	61334731	61333548	61333650	61334619	61334731	4250	31,39,8	2,4,1	40,29,50	12,17,12	198	99	0.000361759164188	0.00605693030507	0.886,0.83,0.8	0.625,0.46,0.676	0.252
1142	"CLK1"	"CLK1"	chr2	-	200859679	200861466	200859679	200859746	200861237	200861466	1142	19,21,16	30,54,26	55,26,41	39,16,47	198	99	0.000370857708482	0.00609533563987	0.241,0.163,0.235	0.414,0.448,0.304	-0.176
1752	"LARP1B"	"LARP1B"	chr4	+	128107138	128108901	128107138	128107313	128107882	128108901	1752	11,6,8	48,48,14	2,2,5	64,33,53	198	99	0.000370241030806	0.00609533563987	0.103,0.059,0.222	0.015,0.029,0.045	0.098
2791	"SPAG5"	"SPAG5"	chr17	-	28578217	28578528	28578217	28578292	28578372	28578528	2791	3,10,4	48,29,23	22,10,25	43,30,43	178	99	0.000368327888156	0.00609533563987	0.034,0.161,0.088	0.222,0.156,0.244	-0.113
3722	"GMPPA"	"GMPPA"	chr2	+	219505457	219505761	219505457	219505555	219505714	219505761	3722	17,26,9	78,75,49	41,21,54	83,54,79	198	99	0.000368982563776	0.00609533563987	0.098,0.148,0.084	0.198,0.163,0.255	-0.095
1097	"LRRC75A-AS1"	"LRRC75A-AS1"	chr17	+	16439326	16439703	16439326	16439414	16439580	16439703	1097	418,523,311	534,655,399	614,316,587	1125,614,954	198	99	0.000374698683464	0.00613034421393	0.281,0.285,0.28	0.214,0.205,0.235	0.064
3935	"CREBZF"	"CREBZF"	chr11	-	85663523	85665102	85663523	85663601	85663814	85665102	3935	92,85,51	32,35,18	224,149,269	46,36,36	198	99	0.000380260821566	0.00619306601669	0.59,0.548,0.586	0.709,0.674,0.789	-0.149
1699	"FAM57A"	"FAM57A"	chr17	+	732411	733181	732411	732769	733097	733181	1699	0,0,1	11,4,8	5,3,3	13,12,13	198	99	0.000393244583143	0.00637554453123	0.0,0.0,0.059	0.161,0.111,0.103	-0.105
2818	"RPL13A"	"RPL13A"	chr19	+	49489849	49490297	49489849	49489912	49490231	49490297	2818	56,61,23	255,337,208	41,24,47	452,236,446	198	99	0.000398140203775	0.00642583941498	0.099,0.083,0.052	0.043,0.048,0.05	0.031
4550	"TNFRSF10B"	"TNFRSF10B"	chr8	-	23028330	23028602	23028330	23028441	23028528	23028602	4550	82,86,45	36,30,15	118,77,107	20,12,23	185	99	0.000423271547962	0.00680081594775	0.549,0.605,0.616	0.759,0.774,0.713	-0.159
1570	"HAX1"	"HAX1"	chr1	+	154273335	154273961	154273335	154273598	154273749	154273961	1570	2,2,1	3,8,1	18,8,18	6,6,5	198	99	0.000426258653038	0.00681073632545	0.25,0.111,0.333	0.6,0.4,0.643	-0.316
4266	"GORASP1"	"GORASP1"	chr3	-	39100304	39100877	39100304	39100503	39100787	39100877	4266	27,31,9	0,0,1	42,23,53	3,3,4	198	99	0.00042769067073	0.00681073632545	1.0,1.0,0.818	0.875,0.793,0.869	0.094
4284	"DNAH11"	"DNAH11"	chr7	+	21894622	21894999	21894622	21894805	21894883	21894999	4284	2,8,4	0,0,0	4,2,3	5,1,0	176	99	0.000431683036099	0.00684389521391	1.0,1.0,1.0	0.31,0.529,1.0	0.387
3812	"STXBP2"	"STXBP2"	chr19	+	7647161	7647511	7647161	7647247	7647353	7647511	3812	2,8,3	45,36,29	12,4,9	23,8,27	198	99	0.000436722184876	0.00689328453044	0.022,0.1,0.049	0.207,0.2,0.143	-0.126
2214	"GAS5"	"GAS5"	chr1	-	173864483	173864704	173864483	173864506	173864674	173864704	2214	257,300,146	665,790,463	234,119,205	901,504,810	198	99	0.000440560574861	0.00692337078828	0.162,0.16,0.136	0.115,0.106,0.112	0.042
1077	"KRT15"	"KRT15"	chr17	-	41516807	41517165	41516807	41516964	41517082	41517165	1077	44,44,19	285,269,151	36,16,40	116,64,140	198	99	0.000453697636991	0.00709084770886	0.072,0.076,0.059	0.134,0.111,0.125	-0.054
1476	"ZMYM5"	"ZMYM5"	chr13	-	19851354	19852190	19851354	19851448	19851688	19852190	1476	3,5,5	22,35,16	2,3,2	109,36,78	198	99	0.000455175822785	0.00709084770886	0.064,0.067,0.135	0.009,0.04,0.013	0.068
1093	"PTK7"	"PTK7"	chr6	+	43142171	43143620	43142171	43142299	43143416	43143620	1093	11,6,4	126,115,74	22,11,9	95,46,99	198	99	0.000471253819251	0.00730953434795	0.042,0.025,0.026	0.104,0.107,0.043	-0.054
1226	"DHRS1"	"DHRS1"	chr14	-	24292183	24292784	24292183	24292330	24292651	24292784	1226	6,4,1	48,55,30	10,4,11	40,11,34	198	99	0.000475765248667	0.00732304194326	0.059,0.035,0.016	0.111,0.154,0.139	-0.098
6174	"RHOT2"	"RHOT2"	chr16	+	670891	671203	670891	671000	671114	671203	6174	48,48,28	2,0,3	78,56,59	8,6,18	198	99	0.000476212328434	0.00732304194326	0.923,1.0,0.824	0.83,0.824,0.621	0.157
5281	"TTC31"	"TTC31"	chr2	+	74492138	74492445	74492138	74492229	74492303	74492445	5281	0,2,0	18,12,11	8,2,2	16,9,22	172	99	0.00048096107228	0.00736445949564	0.0,0.088,0.0	0.223,0.113,0.05	-0.099
6406	"EFNA1"	"EFNA1"	chr1	+	155133502	155133780	155133502	155133568	155133729	155133780	6406	30,32,11	234,284,158	38,13,34	650,345,547	198	99	0.00049414656301	0.0075341580224	0.06,0.053,0.034	0.028,0.018,0.03	0.024
2067	"FIBP"	"FIBP"	chr11	-	65884569	65884998	65884569	65884656	65884934	65884998	2067	10,8,3	201,233,148	28,12,22	260,169,311	198	99	0.0005042450758	0.00765555129912	0.024,0.017,0.01	0.051,0.034,0.034	-0.023
4087	"MCM7"	"MCM7"	chr7	-	100099022	100099403	100099022	100099203	100099278	100099403	4087	52,55,32	791,870,461	25,23,31	859,437,844	173	99	0.000510302780548	0.00771483064432	0.036,0.035,0.038	0.016,0.029,0.021	0.014
48	"EML2"	"EML2"	chr19	-	45641917	45642352	45641917	45642041	45642133	45642352	48	7,3,3	1,0,1	2,0,1	3,1,0	190	99	0.000517716357405	0.00779402398564	0.785,1.0,0.61	0.258,0.0,1.0	0.379
4	"SLC44A2"	"SLC44A2"	chr19	+	10634755	10635073	10634755	10634887	10634973	10635073	4	69,79,43	1115,1285,730	92,42,84	874,507,858	184	99	0.000532021030643	0.00797586340081	0.032,0.032,0.031	0.054,0.043,0.05	-0.017
2724	"BCS1L"	"BCS1L"	chr2	+	218662196	218662679	218662196	218662260	218662514	218662679	2724	5,9,2	0,1,1	11,11,9	4,5,6	198	99	0.000535795915351	0.00799898651959	1.0,0.818,0.5	0.579,0.524,0.429	0.262
930	"RRNAD1"	"RRNAD1"	chr1	+	156731990	156732473	156731990	156732115	156732280	156732473	930	19,21,11	15,19,11	11,8,11	26,15,33	198	99	0.000549870820974	0.00817505042137	0.388,0.356,0.333	0.175,0.211,0.143	0.183
2851	"DDX11"	"DDX11"	chr12	+	31103576	31104791	31103576	31103731	31103806	31104791	2851	14,19,11	34,31,26	12,5,12	70,33,54	173	99	0.000568084706717	0.00841094009986	0.191,0.26,0.195	0.089,0.08,0.113	0.121
6694	"DCAF11"	"DCAF11"	chr14	+	24115381	24115726	24115381	24115392	24115542	24115726	6694	143,175,95	14,25,10	218,112,196	15,7,4	198	99	0.00058341534911	0.00860237529161	0.836,0.778,0.826	0.879,0.889,0.961	-0.096
4486	"THOP1"	"THOP1"	chr19	+	2807441	2808444	2807441	2807808	2808242	2808444	4486	0,4,1	57,37,42	8,4,5	41,24,41	198	99	0.000594348303568	0.00872766381838	0.0,0.051,0.012	0.089,0.077,0.057	-0.053
137	"VPS28"	"VPS28"	chr8	-	144424214	144424819	144424214	144424268	144424717	144424819	137	26,48,22	195,189,130	132,60,87	381,173,350	198	99	0.000605953643791	0.00886176288042	0.063,0.113,0.078	0.148,0.148,0.111	-0.051
5891	"MICAL1"	"MICAL1"	chr6	-	109446135	109446772	109446135	109446412	109446695	109446772	5891	3,9,4	22,28,20	1,2,0	24,13,20	198	99	0.000617939032386	0.00900030712617	0.064,0.138,0.091	0.02,0.071,0.0	0.067
5213	"RFNG"	"RFNG"	chr17	-	82049676	82050006	82049676	82049842	82049917	82050006	5213	17,29,7	62,61,49	71,39,62	118,60,104	173	99	0.000639152672786	0.00927159524936	0.136,0.214,0.076	0.256,0.271,0.254	-0.118
5183	"RNF167"	"RNF167"	chr17	+	4940486	4940993	4940486	4940726	4940922	4940993	5183	300,349,215	8,12,4	561,321,522	5,3,4	198	99	0.000657940133047	0.00950564313188	0.949,0.936,0.964	0.982,0.982,0.985	-0.033
6409	"RGL3"	"RGL3"	chr19	-	11416613	11417059	11416613	11416662	11416835	11417059	6409	11,6,6	2,0,0	12,3,10	4,0,2	198	99	0.000670946466515	0.0096546232511	0.733,1.0,1.0	0.6,1.0,0.714	0.14
2224	"HDLBP"	"HDLBP"	chr2	-	241268953	241269295	241268953	241269105	241269205	241269295	2224	37,28,21	6,2,3	33,18,8	1,0,1	198	99	0.000714960951565	0.0102468203578	0.755,0.875,0.778	0.943,1.0,0.8	-0.112
1302	"CASKIN2"	"CASKIN2"	chr17	-	75503388	75503760	75503388	75503527	75503658	75503760	1302	4,1,1	50,53,27	17,6,13	120,54,80	198	99	0.000718695713037	0.0102593097204	0.038,0.009,0.018	0.066,0.053,0.075	-0.043
1496	"PREX1"	"PREX1"	chr20	-	48632276	48632639	48632276	48632391	48632495	48632639	1496	0,1,0	11,8,2	5,3,0	9,3,6	198	99	0.000729440904303	0.0103713760322	0.0,0.059,0.0	0.217,0.333,0.0	-0.164
4551	"TUBB6"	"TUBB6"	chr18	+	12308240	12308795	12308240	12308349	12308686	12308795	4551	15,12,10	477,604,333	34,31,28	748,379,703	198	99	0.000739545806706	0.0104734886381	0.015,0.01,0.015	0.022,0.039,0.02	-0.014
1179	"PHB2"	"PHB2"	chr12	-	6967675	6968021	6967675	6967779	6967891	6968021	1179	18,9,11	735,804,381	38,23,28	802,488,945	198	99	0.000753176892655	0.0106245386078	0.012,0.006,0.014	0.023,0.023,0.015	-0.01
5886	"SPHK1"	"SPHK1"	chr17	+	76385450	76386137	76385450	76385654	76385984	76386137	5886	9,7,4	0,0,0	11,3,9	0,1,5	198	99	0.000789372437131	0.0110914566362	1.0,1.0,1.0	1.0,0.6,0.474	0.309
1466	"WDR83"	"WDR83"	chr19	+	12669754	12670080	12669754	12669893	12669976	12670080	1466	40,79,31	28,16,11	172,110,164	18,17,24	181	99	0.000825157140958	0.0115489767033	0.439,0.73,0.607	0.839,0.78,0.789	-0.211
3414	"LMF2"	"LMF2"	chr22	-	50505056	50505537	50505056	50505153	50505402	50505537	3414	15,11,5	0,0,0	15,9,18	2,3,1	198	99	0.000850175071699	0.0118528298907	1.0,1.0,1.0	0.789,0.6,0.9	0.237
396	"MOK"	"MOK"	chr14	-	102232534	102233789	102232534	102232708	102233687	102233789	396	9,12,12	54,53,27	7,4,8	71,54,91	198	99	0.000868830139585	0.0120659627525	0.077,0.102,0.182	0.047,0.036,0.042	0.079
6579	"TMEM208"	"TMEM208"	chr16	+	67228494	67228881	67228494	67228631	67228796	67228881	6579	6,5,4	57,65,37	15,11,28	99,46,84	198	99	0.000873867154836	0.012089057976	0.05,0.037,0.051	0.07,0.107,0.143	-0.061
126	"TRAPPC6B"	"TRAPPC6B"	chr14	-	39158284	39159550	39158284	39158402	39159482	39159550	126	2,0,2	13,11,7	15,2,12	14,13,27	198	99	0.000908419967697	0.0123540861233	0.071,0.0,0.125	0.349,0.071,0.182	-0.135
932	"SF3B1"	"SF3B1"	chr2	-	197418795	197420542	197418795	197418951	197420427	197420542	932	10,19,9	0,1,0	27,9,22	2,1,4	198	99	0.00091299542223	0.0123540861233	1.0,0.905,1.0	0.871,0.818,0.733	0.161
1096	"LRRC75A-AS1"	"LRRC75A-AS1"	chr17	+	16439326	16439703	16439326	16439414	16439527	16439703	1096	55,42,18	781,849,254	27,17,27	471,608,1008	198	99	0.000904199022928	0.0123540861233	0.034,0.024,0.034	0.028,0.014,0.013	0.012
2039	"CCNDBP1"	"CCNDBP1"	chr15	+	43185819	43186233	43185819	43185879	43186153	43186233	2039	1,0,1	33,49,24	7,3,4	36,30,51	198	99	0.000904605185672	0.0123540861233	0.015,0.0,0.02	0.089,0.048,0.038	-0.047
3132	"PIDD1"	"PIDD1"	chr11	-	799184	800244	799184	799565	799814	800244	3132	4,4,1	12,14,1	0,1,0	14,2,7	198	99	0.000913712761004	0.0123540861233	0.143,0.125,0.333	0.0,0.2,0.0	0.134
6624	"TBC1D10A"	"TBC1D10A"	chr22	-	30293650	30294110	30293650	30293805	30293920	30294110	6624	4,3,4	16,44,28	0,0,0	37,38,55	198	99	0.000907275337322	0.0123540861233	0.111,0.033,0.067	0.0,0.0,0.0	0.07
6407	"CHTOP"	"CHTOP"	chr1	+	153636571	153638448	153636571	153636653	153638294	153638448	6407	57,45,22	205,210,127	40,35,52	364,212,388	198	99	0.000959219718219	0.0129206174826	0.122,0.097,0.08	0.052,0.076,0.063	0.036
3381	"ILKAP"	"ILKAP"	chr2	-	238194274	238194870	238194274	238194331	238194804	238194870	3381	0,9,0	33,89,32	15,5,5	54,36,44	198	99	0.000978683949487	0.013092226734	0.0,0.048,0.0	0.122,0.065,0.054	-0.064
3633	"SH3TC2"	"SH3TC2"	chr5	-	149026859	149028718	149026859	149028554	149028676	149028718	3633	3,3,11	6,13,4	3,1,2	25,11,22	198	99	0.00097926786623	0.013092226734	0.2,0.103,0.579	0.057,0.043,0.043	0.246
4612	"PABPC1"	"PABPC1"	chr8	-	100717772	100718280	100717772	100717888	100718182	100718280	4612	2637,3264,1744	39,51,18	3416,1845,2992	20,13,32	198	99	0.00100602521415	0.0133999566628	0.971,0.97,0.98	0.988,0.986,0.979	-0.011
3864	"AP1G2"	"AP1G2"	chr14	-	23561511	23562415	23561511	23561635	23561961	23562415	3864	5,15,1	23,25,19	15,12,23	24,12,19	198	99	0.00104371832165	0.0138505286906	0.098,0.231,0.026	0.238,0.333,0.377	-0.198
2102	"DCAF7"	"DCAF7"	chr17	+	63588999	63594266	63588999	63589237	63594202	63594266	2102	51,86,49	10,22,12	108,55,98	7,8,10	198	99	0.00109181393163	0.014435311133	0.718,0.662,0.671	0.885,0.775,0.831	-0.147
6547	"C19orf66"	"C19orf66"	chr19	+	10091249	10091630	10091249	10091353	10091583	10091630	6547	50,49,42	2,3,6	43,26,55	13,6,11	198	99	0.00118090350537	0.015555798749	0.926,0.891,0.778	0.623,0.684,0.714	0.191
5626	"DGAT1"	"DGAT1"	chr8	-	144318094	144318362	144318094	144318169	144318260	144318362	5626	4,8,8	82,89,52	27,11,19	97,59,120	189	99	0.00120529368163	0.015818927697	0.025,0.045,0.075	0.127,0.089,0.077	-0.049
541	"TTC19"	"TTC19"	chr17	+	16026539	16028786	16026539	16026702	16027373	16028786	541	4,6,3	118,143,90	16,14,12	164,106,181	198	99	0.00122211484155	0.0159417598434	0.017,0.021,0.016	0.047,0.062,0.032	-0.029
4746	"AQP3"	"AQP3"	chr9	-	33442851	33443458	33442851	33442970	33443320	33443458	4746	30,35,28	321,397,178	42,14,67	224,166,273	198	99	0.00122355120205	0.0159417598434	0.045,0.042,0.073	0.086,0.04,0.109	-0.025
3918	"TECR"	"TECR"	chr19	+	14564785	14564992	14564785	14564858	14564948	14564992	3918	13,17,11	662,594,405	32,13,16	442,267,506	188	99	0.00124500292204	0.0161624835858	0.01,0.015,0.014	0.037,0.025,0.016	-0.013
2592	"THOC1"	"THOC1"	chr18	-	224923	225403	224923	224994	225088	225403	2592	3,9,3	72,54,28	1,1,6	166,81,110	192	99	0.0012784092672	0.0165125184588	0.021,0.079,0.052	0.003,0.006,0.027	0.039
3605	"DDB2"	"DDB2"	chr11	+	47234756	47235412	47234756	47234934	47235269	47235412	3605	5,3,2	24,58,25	10,3,14	43,20,22	198	99	0.00128118340261	0.0165125184588	0.094,0.025,0.038	0.104,0.07,0.241	-0.086
319	"TIAL1"	"TIAL1"	chr10	-	119576610	119577203	119576610	119576750	119577079	119577203	319	8,8,10	178,193,98	2,2,8	295,178,265	198	99	0.00129709806118	0.0166577145276	0.022,0.02,0.049	0.003,0.006,0.015	0.022
6002	"SRSF5"	"SRSF5"	chr14	+	69769181	69770540	69769181	69769251	69769510	69770540	6002	47,68,34	9,2,2	91,27,54	14,10,23	198	99	0.00134627846957	0.0172275562731	0.723,0.944,0.895	0.765,0.574,0.54	0.228
4848	"ZBTB21"	"ZBTB21"	chr21	-	41986830	41994108	41986830	41991889	41992492	41994108	4848	85,97,61	12,24,10	133,78,120	49,24,49	198	99	0.00136209590945	0.0173679346746	0.78,0.669,0.753	0.576,0.619,0.55	0.152
2633	"XBP1"	"XBP1"	chr22	-	28796046	28796192	28796046	28796121	28796147	28796192	2633	197,218,151	19,9,13	238,147,211	35,13,36	124	99	0.00139239867178	0.0176913632659	0.892,0.951,0.903	0.844,0.9,0.824	0.059
2546	"TRAF4"	"TRAF4"	chr17	+	28747842	28748178	28747842	28747947	28748016	28748178	2546	13,18,10	221,212,152	30,9,24	808,392,747	167	99	0.00140437650101	0.0177804982442	0.034,0.048,0.038	0.022,0.013,0.019	0.022
4649	"TNFAIP2"	"TNFAIP2"	chr14	+	103129739	103130124	103129739	103129854	103130001	103130124	4649	0,2,0	30,23,22	9,1,3	34,23,35	198	99	0.00144216813126	0.0181946775152	0.0,0.042,0.0	0.117,0.021,0.041	-0.046
489	"RPAIN"	"RPAIN"	chr17	+	5425970	5428211	5425970	5426082	5428070	5428211	489	3,0,1	2,1,1	9,6,9	1,0,2	198	99	0.00148307378725	0.0184793152871	0.429,0.0,0.333	0.818,1.0,0.692	-0.583
2355	"SUPT7L"	"SUPT7L"	chr2	-	27660983	27662281	27660983	27661388	27662178	27662281	2355	29,20,14	58,70,32	31,15,37	171,90,157	198	99	0.0014900561058	0.0184793152871	0.2,0.125,0.179	0.083,0.077,0.105	0.08
5104	"STAT2"	"STAT2"	chr12	-	56350096	56350432	56350096	56350190	56350411	56350432	5104	0,5,0	20,19,12	7,0,9	10,8,13	198	99	0.00149148695055	0.0184793152871	0.0,0.116,0.0	0.259,0.0,0.257	-0.133
5488	"PHKG2"	"PHKG2"	chr16	+	30751105	30751603	30751105	30751281	30751548	30751603	5488	16,18,9	46,40,30	28,17,35	45,20,36	198	99	0.0014956744162	0.0184793152871	0.148,0.184,0.13	0.237,0.298,0.327	-0.133
6151	"HEXDC"	"HEXDC"	chr17	+	82440996	82441266	82440996	82441075	82441164	82441266	6151	6,13,3	2,8,3	12,6,17	1,0,3	187	99	0.00147620804705	0.0184793152871	0.614,0.462,0.346	0.864,1.0,0.75	-0.397
6487	"UROD"	"UROD"	chr1	+	45013135	45013354	45013135	45013215	45013291	45013354	6487	31,24,10	189,190,103	54,31,55	239,112,253	174	99	0.00148845167047	0.0184793152871	0.085,0.067,0.052	0.114,0.136,0.11	-0.052
1353	"COPS6"	"COPS6"	chr7	+	100090591	100091152	100090591	100090654	100091037	100091152	1353	1,4,2	0,0,1	6,5,6	2,2,1	198	99	0.00159461205774	0.0196340034463	1.0,1.0,0.5	0.6,0.556,0.75	0.198
1180	"PHB2"	"PHB2"	chr12	-	6970195	6970645	6970195	6970280	6970416	6970645	1180	6,8,4	317,256,189	18,9,16	277,187,309	198	99	0.00163328789035	0.0199965737808	0.009,0.015,0.01	0.031,0.023,0.025	-0.015
4973	"SLC25A39"	"SLC25A39"	chr17	-	44320195	44320436	44320195	44320276	44320354	44320436	4973	38,47,24	521,588,357	75,40,80	683,323,656	176	99	0.00163952488205	0.0199965737808	0.039,0.043,0.036	0.058,0.065,0.064	-0.023
6563	"CENPT"	"CENPT"	chr16	-	67829764	67830548	67829764	67830088	67830389	67830548	6563	29,23,22	26,33,18	44,26,60	18,17,23	198	99	0.00164080175595	0.0199965737808	0.358,0.258,0.379	0.55,0.433,0.566	-0.185
6721	"ARRDC1"	"ARRDC1"	chr9	+	137612895	137613510	137612895	137613006	137613412	137613510	6721	19,12,12	1,3,1	7,7,10	11,5,2	198	99	0.00166136775276	0.0201785785022	0.905,0.667,0.857	0.241,0.412,0.714	0.354
4812	"SIRT7"	"SIRT7"	chr17	-	81913773	81914167	81913773	81913880	81914086	81914167	4812	5,13,2	52,47,40	4,4,4	112,56,117	198	99	0.00171254203691	0.0207298585076	0.046,0.121,0.024	0.018,0.034,0.017	0.041
5100	"AMDHD2"	"AMDHD2"	chr16	+	2528451	2528718	2528451	2528559	2528649	2528718	5100	11,15,7	16,19,5	40,17,22	12,8,12	188	99	0.00175382547046	0.0211581032345	0.266,0.294,0.424	0.637,0.528,0.491	-0.224
4714	"CDC45"	"CDC45"	chr22	+	19479737	19480217	19479737	19480019	19480157	19480217	4714	1,5,1	43,95,48	9,2,10	69,41,61	198	99	0.001764025186	0.0212097390652	0.011,0.026,0.01	0.061,0.024,0.076	-0.038
6166	"RHOT2"	"RHOT2"	chr16	+	668352	668699	668352	668569	668655	668699	6166	14,10,7	92,91,75	28,21,33	138,74,132	184	99	0.00177458745726	0.0212653741116	0.076,0.056,0.048	0.098,0.132,0.119	-0.056
596	"C1orf174"	"C1orf174"	chr1	-	3890568	3892996	3890568	3891057	3892882	3892996	596	9,11,5	61,59,36	8,10,4	148,103,140	198	99	0.00178609163189	0.0213318877235	0.069,0.085,0.065	0.026,0.046,0.014	0.044
6680	"USP21"	"USP21"	chr1	+	161164533	161164942	161164533	161164612	161164834	161164942	6680	13,22,16	0,1,0	61,24,46	36,0,0	198	99	0.00189214185527	0.0225234028818	1.0,0.917,1.0	0.459,1.0,1.0	0.153
2158	"JMJD8"	"JMJD8"	chr16	-	683860	684155	683860	683909	684065	684155	2158	1,1,0	23,23,10	3,1,5	17,8,17	198	99	0.00189846605854	0.0225238539329	0.021,0.021,0.0	0.081,0.059,0.128	-0.075
1126	"ARL16"	"ARL16"	chr17	-	81682033	81682675	81682033	81682149	81682442	81682675	1126	91,115,60	1,1,0	134,70,135	8,2,2	198	99	0.00193186442588	0.0228345411063	0.978,0.983,1.0	0.893,0.946,0.971	0.05
1229	"TMEM33"	"TMEM33"	chr4	+	41935128	41935529	41935128	41935310	41935466	41935529	1229	146,208,119	17,22,8	289,140,242	17,6,8	198	99	0.00193739896632	0.0228345411063	0.811,0.825,0.881	0.895,0.921,0.938	-0.079
3731	"SLC6A9"	"SLC6A9"	chr1	-	44000766	44001055	44000766	44000867	44000955	44001055	3731	1,4,5	165,174,112	38,4,21	439,244,528	186	99	0.00198723033967	0.0233450698591	0.003,0.012,0.023	0.044,0.009,0.021	-0.012
878	"MRPS22"	"MRPS22"	chr3	+	139350178	139351060	139350178	139350322	139351030	139351060	878	34,35,30	4,3,0	34,14,29	0,0,0	198	99	0.00200832245152	0.0233768721424	0.81,0.854,1.0	1.0,1.0,1.0	-0.112
1834	"EXOSC8"	"EXOSC8"	chr13	+	37002933	37004561	37002933	37003007	37004476	37004561	1834	8,10,8	0,0,0	19,15,21	1,1,4	198	99	0.00200951063909	0.0233768721424	1.0,1.0,1.0	0.905,0.882,0.724	0.163
6455	"PNKP"	"PNKP"	chr19	-	49864178	49864403	49864178	49864236	49864323	49864403	6455	12,22,3	82,102,49	48,15,36	124,67,135	185	99	0.00200716100979	0.0233768721424	0.073,0.103,0.032	0.172,0.107,0.125	-0.065
2084	"FASTK"	"FASTK"	chr7	-	151077100	151077401	151077100	151077236	151077309	151077401	2084	37,38,13	83,94,66	71,36,73	105,67,116	171	99	0.00209908699318	0.0243398986944	0.205,0.19,0.102	0.281,0.237,0.267	-0.096
5421	"MRPL20"	"MRPL20"	chr1	-	1405808	1407019	1405808	1405886	1406908	1407019	5421	9,5,3	313,310,173	18,15,21	434,256,454	198	99	0.00210675932584	0.024350060208	0.014,0.008,0.009	0.02,0.028,0.023	-0.013
3165	"PRPF4B"	"PRPF4B"	chr6	+	4061654	4062299	4061654	4061700	4062212	4062299	3165	43,47,25	16,9,10	77,39,53	38,34,50	198	99	0.00216061205409	0.0248921961087	0.573,0.723,0.556	0.503,0.364,0.346	0.213
1857	"NKTR"	"NKTR"	chr3	+	42627199	42630575	42627199	42627227	42630545	42630575	1857	13,13,10	0,5,1	22,10,29	0,1,0	198	99	0.0021860654421	0.0251047194841	1.0,0.565,0.833	1.0,0.833,1.0	-0.145
4205	"NPRL2"	"NPRL2"	chr3	-	50349385	50349828	50349385	50349490	50349664	50349828	4205	11,12,2	0,0,2	7,6,8	2,1,7	198	99	0.00219565094342	0.0251342406718	1.0,1.0,0.333	0.636,0.75,0.364	0.194
862	"APEH"	"APEH"	chr3	+	49676055	49676515	49676055	49676219	49676377	49676515	862	5,9,2	348,352,199	17,8,19	350,239,408	198	99	0.00223366789695	0.0254432034363	0.007,0.013,0.005	0.024,0.016,0.023	-0.013
5177	"ARHGAP33"	"ARHGAP33"	chr19	+	35787167	35788822	35787167	35787559	35787643	35788822	5177	0,1,2	2,4,2	2,2,3	7,0,0	182	99	0.00223684317121	0.0254432034363	0.0,0.12,0.352	0.135,1.0,1.0	-0.554
230	"UBE2V1"	"UBE2V1"	chr20	-	50096482	50096820	50096482	50096534	50096671	50096820	230	3,9,3	2,0,0	17,11,10	11,1,6	198	99	0.00225801245279	0.0256027171467	0.429,1.0,1.0	0.436,0.846,0.455	0.231
3930	"BRAT1"	"BRAT1"	chr7	-	2543203	2543962	2543203	2543323	2543589	2543962	3930	9,13,6	60,87,41	12,10,6	203,97,190	198	99	0.00227423569096	0.0257053201284	0.07,0.07,0.068	0.029,0.049,0.016	0.038
1774	"DNAJC2"	"DNAJC2"	chr7	-	103322510	103322794	103322510	103322632	103322702	103322794	1774	12,18,11	72,85,62	15,13,12	183,125,164	168	99	0.00232533511073	0.0262002380558	0.089,0.111,0.095	0.046,0.058,0.041	0.05
1749	"USP5"	"USP5"	chr12	+	6863829	6864195	6863829	6863973	6864049	6864195	1749	3,2,0	157,219,113	4,3,13	132,76,171	174	99	0.00233495212415	0.0262261237017	0.011,0.005,0.0	0.017,0.022,0.041	-0.021
5920	"SMYD2"	"SMYD2"	chr1	+	214330949	214334308	214330949	214331070	214332017	214334308	5920	17,11,5	153,166,95	5,5,5	178,130,167	198	99	0.00235219157325	0.0263371950217	0.053,0.032,0.026	0.014,0.019,0.015	0.021
6171	"RHOT2"	"RHOT2"	chr16	+	670122	670357	670122	670175	670248	670357	6171	4,1,0	48,67,37	8,7,8	90,60,81	171	99	0.0023684957599	0.026437134915	0.046,0.009,0.0	0.049,0.063,0.054	-0.037
5056	"TJAP1"	"TJAP1"	chr6	+	43503622	43506553	43503622	43503706	43504760	43506553	5056	12,19,9	53,68,30	17,14,9	125,74,143	198	99	0.00244210319143	0.0271740861332	0.102,0.123,0.13	0.064,0.086,0.031	0.058
1923	"ANK3"	"ANK3"	chr10	-	60138516	60139087	60138516	60138721	60138963	60139087	1923	3,6,1	3,1,0	2,1,0	3,1,4	198	99	0.00245919960114	0.0272796042442	0.333,0.75,1.0	0.25,0.333,0.0	0.5
4310	"RNF123"	"RNF123"	chr3	+	49705533	49706065	49705533	49705679	49705981	49706065	4310	0,0,0	30,31,10	4,2,5	38,22,39	198	99	0.00247295400177	0.027347512927	0.0,0.0,0.0	0.05,0.043,0.06	-0.051
1885	"C15orf52"	"C15orf52"	chr15	-	40338747	40339619	40338747	40338903	40339511	40339619	1885	43,85,32	82,117,53	65,39,46	190,71,137	198	99	0.00251674320293	0.0276295616567	0.208,0.266,0.232	0.146,0.215,0.144	0.067
3667	"ACADVL"	"ACADVL"	chr17	+	7222666	7223237	7222666	7222865	7223132	7223237	3667	109,113,53	373,423,266	75,42,81	438,244,467	198	99	0.00251723471256	0.0276295616567	0.127,0.118,0.091	0.079,0.079,0.08	0.033
3705	"FDX1L"	"FDX1L"	chr19	-	10315385	10315759	10315385	10315492	10315704	10315759	3705	15,23,7	166,174,111	44,9,49	217,135,206	198	99	0.00252159270492	0.0276295616567	0.043,0.062,0.031	0.092,0.032,0.106	-0.031
1592	"MAF1"	"MAF1"	chr8	+	144106342	144106674	144106342	144106464	144106554	144106674	1592	82,100,26	489,533,340	233,131,264	1108,703,1128	188	99	0.00255852704773	0.0278999797429	0.081,0.09,0.039	0.1,0.089,0.11	-0.03
4438	"ATAD3B"	"ATAD3B"	chr1	+	1485781	1486235	1485781	1485838	1486109	1486235	4438	2,0,1	13,8,4	4,4,6	12,7,16	198	99	0.00256184575367	0.0278999797429	0.071,0.0,0.111	0.143,0.222,0.158	-0.114
5463	"MLST8"	"MLST8"	chr16	+	2206357	2206659	2206357	2206409	2206483	2206659	5463	4,16,5	1,1,1	27,7,18	7,6,8	172	99	0.0025705187395	0.0279096019504	0.697,0.902,0.742	0.689,0.402,0.564	0.229
4432	"SLC10A3"	"SLC10A3"	chrX	-	154487305	154489082	154487305	154488496	154488583	154489082	4432	150,162,84	14,13,16	270,166,257	54,49,43	185	99	0.0026337152395	0.0284234991058	0.851,0.87,0.737	0.728,0.644,0.762	0.108
6355	"SORBS3"	"SORBS3"	chr8	+	22566660	22566868	22566660	22566713	22566821	22566868	6355	17,23,12	65,47,44	60,18,41	74,45,59	198	99	0.00262991778201	0.0284234991058	0.116,0.197,0.12	0.288,0.167,0.258	-0.093
3924	"GMIP"	"GMIP"	chr19	-	19635414	19635721	19635414	19635569	19635643	19635721	3924	0,0,0	21,15,11	5,4,0	24,15,27	172	99	0.00265576172913	0.0285753581846	0.0,0.0,0.0	0.107,0.133,0.0	-0.08
5841	"C19orf60"	"C19orf60"	chr19	+	18588994	18589683	18588994	18589077	18589478	18589683	5841	74,61,37	19,19,19	151,71,176	21,11,32	198	99	0.0026757906331	0.0287046641868	0.661,0.616,0.493	0.782,0.763,0.733	-0.169
4914	"OCEL1"	"OCEL1"	chr19	+	17226692	17227199	17226692	17226869	17226974	17227199	4914	42,45,27	2,4,1	41,27,59	1,0,0	198	99	0.00268571591805	0.0287251347295	0.913,0.849,0.931	0.953,1.0,1.0	-0.087
558	"MAPK7"	"MAPK7"	chr17	+	19380607	19382466	19380607	19381686	19381780	19382466	558	11,28,10	17,35,17	20,9,24	65,34,66	192	99	0.00269887815858	0.028780001316	0.25,0.292,0.233	0.137,0.12,0.158	0.12
1107	"COQ6"	"COQ6"	chr14	+	73959414	73961375	73959414	73959522	73961172	73961375	1107	2,4,1	24,24,18	9,3,5	10,11,19	198	99	0.00272971144477	0.0290224216813	0.04,0.077,0.027	0.31,0.12,0.116	-0.134
5396	"RBM3"	"RBM3"	chrX	+	48575560	48576083	48575560	48575667	48575921	48576083	5396	53,49,21	2,3,2	77,34,53	0,0,0	198	99	0.00277113521318	0.0293756729847	0.93,0.891,0.84	1.0,1.0,1.0	-0.113
5214	"RFNG"	"RFNG"	chr17	-	82049676	82050555	82049676	82050006	82050401	82050555	5214	21,21,13	45,42,29	86,27,53	87,33,71	198	99	0.00286564278902	0.0302879000385	0.189,0.2,0.183	0.331,0.29,0.272	-0.107
5444	"BTBD3"	"BTBD3"	chr20	+	11917777	11918601	11917777	11918011	11918333	11918601	5444	6,3,6	7,4,3	5,2,3	25,3,20	198	99	0.00293774079101	0.0309586036888	0.3,0.273,0.5	0.091,0.25,0.07	0.221
4323	"MARS"	"MARS"	chr12	+	57516244	57516655	57516244	57516337	57516434	57516655	4323	23,11,5	427,411,291	26,26,33	581,310,486	195	99	0.00297047581622	0.0312117737522	0.027,0.013,0.009	0.022,0.041,0.033	-0.016
6195	"PCK2"	"PCK2"	chr14	+	24094310	24094845	24094310	24094434	24094765	24094845	6195	1,4,3	0,1,1	7,7,5	8,3,1	198	99	0.00298536397976	0.0312764887119	1.0,0.667,0.6	0.304,0.538,0.714	0.237
3034	"CPSF3L"	"CPSF3L"	chr1	-	1313034	1313592	1313034	1313124	1313508	1313592	3034	36,37,25	272,290,166	29,18,30	364,208,403	198	99	0.00299683055018	0.0313050841437	0.062,0.06,0.07	0.038,0.041,0.036	0.026
97	"FTSJ1"	"FTSJ1"	chrX	+	48481425	48481715	48481425	48481528	48481631	48481715	97	6,7,0	189,207,123	24,2,16	273,157,292	198	99	0.00300797221057	0.0313301291583	0.016,0.017,0.0	0.042,0.006,0.027	-0.014
5784	"PFKM"	"PFKM"	chr12	+	48134942	48135383	48134942	48135038	48135290	48135383	5784	5,3,1	34,62,25	9,3,8	35,14,35	198	99	0.00303719345912	0.0315427946783	0.068,0.024,0.02	0.114,0.097,0.103	-0.067
867	"TNS1"	"TNS1"	chr2	-	217880897	217882411	217880897	217881014	217882345	217882411	867	2,1,0	27,15,8	2,5,1	7,3,9	198	99	0.0030788753033	0.0317913838955	0.036,0.032,0.0	0.125,0.455,0.053	-0.188
3168	"KDM3A"	"KDM3A"	chr2	+	86482457	86484158	86482457	86482694	86483986	86484158	3168	0,1,0	14,44,13	6,1,4	40,14,39	198	99	0.00307195259939	0.0317913838955	0.0,0.011,0.0	0.07,0.034,0.049	-0.047
2580	"METTL2B"	"METTL2B"	chr7	+	128476728	128477173	128476728	128476875	128477081	128477173	2580	29,30,8	38,69,49	32,15,24	133,96,137	198	99	0.00311476332481	0.0320695315885	0.276,0.179,0.075	0.107,0.072,0.081	0.09
1835	"EXOSC8"	"EXOSC8"	chr13	+	37002933	37004561	37002933	37003007	37004515	37004561	1835	8,13,8	194,227,120	23,20,23	264,119,254	198	99	0.0031990254885	0.0328427172645	0.02,0.028,0.032	0.042,0.078,0.043	-0.028
143	"VPS28"	"VPS28"	chr8	-	144424945	144426208	144424945	144425772	144426179	144426208	143	12,13,13	3,0,0	25,24,35	12,4,5	198	99	0.0032584553095	0.0332622375326	0.667,1.0,1.0	0.51,0.75,0.778	0.21
2937	"TBL3"	"TBL3"	chr16	+	1974055	1974292	1974055	1974107	1974196	1974292	2937	0,1,2	47,52,17	3,7,4	54,35,48	187	99	0.00325169429236	0.0332622375326	0.0,0.01,0.059	0.029,0.096,0.042	-0.033
5998	"PSME2"	"PSME2"	chr14	-	24145709	24146240	24145709	24145772	24146207	24146240	5998	24,29,18	237,263,120	47,34,37	257,113,249	198	99	0.0032838547585	0.0334262829537	0.048,0.052,0.07	0.084,0.131,0.069	-0.038
1297	"CIRBP"	"CIRBP"	chr19	+	1274306	1274810	1274306	1274440	1274648	1274810	1297	8,15,2	10,16,5	29,17,22	12,7,12	198	99	0.00332413473817	0.033740438433	0.286,0.319,0.167	0.547,0.548,0.478	-0.267
5120	"TTLL3"	"TTLL3"	chr3	+	9817644	9820741	9817644	9818920	9820545	9820741	5120	8,9,7	3,2,3	4,4,4	1,1,0	198	99	0.00333760149589	0.0337814298299	0.571,0.692,0.538	0.667,0.667,1.0	-0.178
3133	"PIDD1"	"PIDD1"	chr11	-	799814	800244	799814	800014	800130	800244	3133	2,0,2	18,10,9	4,1,9	13,7,11	198	99	0.00338416421856	0.03399579367	0.053,0.0,0.1	0.133,0.067,0.29	-0.112
3162	"PRPF4B"	"PRPF4B"	chr6	+	4060412	4061147	4060412	4060686	4061014	4061147	3162	157,227,125	11,17,9	291,183,241	53,21,24	198	99	0.0033872448619	0.03399579367	0.877,0.87,0.874	0.733,0.813,0.834	0.08
4814	"SIRT7"	"SIRT7"	chr17	-	81914293	81915512	81914293	81914530	81915439	81915512	4814	8,12,5	2,3,2	26,8,13	23,17,10	198	99	0.00337537543782	0.03399579367	0.667,0.667,0.556	0.361,0.19,0.394	0.315
3534	"RPL10A"	"RPL10A"	chr6	+	35468946	35469529	35468946	35469285	35469380	35469529	3534	262,262,166	33,25,20	406,249,468	62,54,84	193	99	0.00344053419795	0.0344341732717	0.803,0.843,0.81	0.771,0.703,0.741	0.08
4639	"LRRC57"	"LRRC57"	chr15	-	42547260	42548244	42547260	42547529	42548105	42548244	4639	1,1,0	21,41,22	6,5,2	59,24,37	198	99	0.00346756771909	0.0346080644499	0.023,0.012,0.0	0.048,0.094,0.026	-0.044
5	"SLC44A2"	"SLC44A2"	chr19	+	10635162	10635515	10635162	10635255	10635430	10635515	5	103,111,55	1976,2197,1234	109,68,118	1511,866,1847	198	99	0.00349093676355	0.0347445178439	0.025,0.025,0.022	0.035,0.038,0.031	-0.011
2367	"U2AF1L4"	"U2AF1L4"	chr19	-	35743154	35743345	35743154	35743205	35743295	35743345	2367	7,10,6	1,3,1	33,23,36	0,0,2	188	99	0.00350063664765	0.034744546007	0.787,0.637,0.76	1.0,1.0,0.905	-0.24
3928	"BRAT1"	"BRAT1"	chr7	-	2539785	2541052	2539785	2539888	2540978	2541052	3928	13,15,14	99,106,45	28,16,18	288,178,288	198	99	0.00358172770063	0.0354511888159	0.062,0.066,0.135	0.046,0.043,0.03	0.048
6688	"ABL2"	"ABL2"	chr1	-	179107717	179109441	179107717	179108898	179109207	179109441	6688	45,50,34	15,18,5	33,19,29	24,10,21	198	99	0.00369366200757	0.0364583773364	0.6,0.581,0.773	0.407,0.487,0.408	0.217
3531	"RPL10A"	"RPL10A"	chr6	+	35468419	35468873	35468419	35468439	35468798	35468873	3531	50,74,33	1073,1199,666	80,39,57	903,508,775	198	99	0.00371364151617	0.0365548833858	0.023,0.03,0.024	0.042,0.037,0.035	-0.012
746	"MCAM"	"MCAM"	chr11	-	119310755	119311185	119310755	119310903	119311089	119311185	746	7,11,9	94,85,47	6,0,2	70,36,70	198	99	0.00376081072151	0.0368168984021	0.036,0.061,0.087	0.041,0.0,0.014	0.043
6551	"UQCRC1"	"UQCRC1"	chr3	-	48600679	48601118	48600679	48600840	48600974	48601118	6551	1,11,3	339,397,199	18,4,8	253,131,260	198	99	0.00375242478863	0.0368168984021	0.001,0.014,0.007	0.034,0.015,0.015	-0.014
2564	"TRPT1"	"TRPT1"	chr11	-	64224800	64225580	64224800	64224970	64225498	64225580	2564	8,10,1	55,47,36	21,3,12	41,15,48	198	99	0.003800814858	0.0371071379733	0.068,0.096,0.014	0.204,0.091,0.111	-0.076
4957	"GPATCH2L"	"GPATCH2L"	chr14	+	76173545	76176690	76173545	76173625	76176622	76176690	4957	1,1,1	19,20,10	4,9,2	38,16,27	198	99	0.00385243611394	0.0374072590684	0.026,0.024,0.048	0.05,0.22,0.036	-0.069
6501	"HSPH1"	"HSPH1"	chr13	-	31136624	31137524	31136624	31137117	31137367	31137524	6501	205,236,129	7,9,3	220,134,191	4,0,2	198	99	0.0038430333976	0.0374072590684	0.936,0.929,0.956	0.965,1.0,0.979	-0.041
1826	"ADCY6"	"ADCY6"	chr12	-	48770765	48771973	48770765	48770970	48771709	48771973	1826	3,2,0	24,41,21	2,3,8	23,16,16	198	99	0.00387079498778	0.037483941733	0.059,0.024,0.0	0.042,0.086,0.2	-0.082
6544	"C19orf66"	"C19orf66"	chr19	+	10089110	10089378	10089110	10089208	10089306	10089378	6544	1,3,1	4,2,4	12,3,7	7,1,1	196	99	0.00388826504574	0.0375516271129	0.112,0.431,0.112	0.464,0.602,0.78	-0.397
884	"ADRBK1"	"ADRBK1"	chr11	+	67284846	67285188	67284846	67284983	67285074	67285188	884	6,2,4	144,166,84	10,7,20	210,121,184	189	99	0.00396751244758	0.0379285771545	0.021,0.006,0.024	0.024,0.029,0.054	-0.019
2005	"RHBDF2"	"RHBDF2"	chr17	-	76487711	76488132	76487711	76487851	76487973	76488132	2005	50,54,23	14,16,12	103,45,94	8,8,18	198	99	0.00394635721139	0.0379285771545	0.641,0.628,0.489	0.866,0.738,0.723	-0.19
3666	"ACADVL"	"ACADVL"	chr17	+	7220765	7221058	7220765	7220830	7220923	7221058	3666	35,33,27	457,437,259	23,13,16	463,236,383	191	99	0.00396963897096	0.0379285771545	0.038,0.038,0.051	0.025,0.028,0.021	0.018
6574	"C11orf49"	"C11orf49"	chr11	+	47161126	47162247	47161126	47161190	47161445	47162247	6574	25,27,28	0,4,0	35,30,37	8,2,7	198	99	0.00396135722689	0.0379285771545	1.0,0.771,1.0	0.686,0.882,0.725	0.159
5729	"RPS6KB2"	"RPS6KB2"	chr11	+	67433125	67433447	67433125	67433216	67433339	67433447	5729	6,5,6	170,185,106	13,10,21	237,112,198	198	99	0.00402686965628	0.0383730690916	0.017,0.013,0.028	0.027,0.043,0.05	-0.021
4226	"DDIT3"	"DDIT3"	chr12	-	57517268	57517753	57517268	57517438	57517705	57517753	4226	9,9,6	3,13,3	11,17,14	58,22,47	198	99	0.0041355383298	0.0392000895124	0.6,0.257,0.5	0.087,0.279,0.13	0.287
5064	"MATR3"	"MATR3"	chr5	+	139314674	139316188	139314674	139314736	139316075	139316188	5064	7,3,2	1,11,6	1,2,3	38,16,18	198	99	0.0041331957394	0.0392000895124	0.778,0.12,0.143	0.013,0.059,0.077	0.297
3865	"AP1G2"	"AP1G2"	chr14	-	23561961	23562415	23561961	23562066	23562287	23562415	3865	22,18,4	52,61,39	21,21,22	43,24,41	198	99	0.00426228772032	0.0402054393871	0.175,0.129,0.049	0.196,0.304,0.212	-0.12
6035	"APBB3"	"APBB3"	chr5	-	140561586	140562227	140561586	140561701	140562099	140562227	6035	20,18,14	6,0,1	26,10,38	1,1,0	198	99	0.00426404325066	0.0402054393871	0.625,1.0,0.875	0.929,0.833,1.0	-0.087
2708	"SF3A2"	"SF3A2"	chr19	+	2246752	2247022	2246752	2246802	2246881	2247022	2708	9,13,3	217,217,115	4,2,4	266,156,264	177	99	0.00427893897499	0.0402399956624	0.023,0.032,0.014	0.008,0.007,0.008	0.015
2515	"MTA1"	"MTA1"	chr14	+	105450057	105450324	105450057	105450184	105450260	105450324	2515	15,13,13	144,155,96	41,14,28	178,102,157	174	99	0.0043412396345	0.0407190094513	0.056,0.046,0.072	0.116,0.072,0.092	-0.035
1117	"WDR55"	"WDR55"	chr5	+	140668890	140669248	140668890	140668990	140669078	140669248	1117	4,13,7	26,45,13	4,3,7	44,26,71	186	99	0.0043613937795	0.040801237368	0.076,0.133,0.223	0.046,0.058,0.05	0.093
700	"RHPN1"	"RHPN1"	chr8	+	143379828	143380175	143379828	143379985	143380061	143380175	700	10,8,5	10,7,11	9,13,7	4,4,2	174	99	0.00440328733399	0.0410858815565	0.363,0.394,0.205	0.561,0.649,0.666	-0.305
1920	"PRICKLE3"	"PRICKLE3"	chrX	-	49177992	49178475	49177992	49178179	49178271	49178475	1920	4,1,4	5,5,10	0,2,1	16,6,7	190	99	0.00442560445801	0.0411868591508	0.294,0.094,0.172	0.0,0.148,0.069	0.114
3849	"SPINT2"	"SPINT2"	chr19	+	38290536	38292468	38290536	38290575	38291839	38292468	3849	53,51,22	989,1052,668	64,43,67	1049,518,952	198	99	0.00446489971637	0.0414449110978	0.026,0.024,0.016	0.03,0.04,0.034	-0.013
2697	"HMGN2"	"HMGN2"	chr1	+	26473702	26474135	26473702	26473817	26474084	26474135	2697	70,60,22	7,9,1	87,55,76	17,16,22	198	99	0.00451721950922	0.0418222157662	0.833,0.769,0.917	0.719,0.632,0.633	0.178
273	"MRPL52"	"MRPL52"	chr14	+	22829886	22830110	22829886	22829940	22830052	22830110	273	14,17,12	43,70,35	49,25,45	86,51,89	198	99	0.0045829713984	0.0423216147435	0.14,0.108,0.146	0.222,0.197,0.202	-0.076
2211	"GAS5"	"GAS5"	chr1	-	173863900	173864304	173863900	173864075	173864256	173864304	2211	96,104,40	622,782,468	95,50,55	919,502,875	198	99	0.00462953214388	0.0426416803895	0.072,0.062,0.041	0.049,0.047,0.03	0.016
4444	"EML3"	"EML3"	chr11	-	62602758	62603247	62602758	62602889	62603148	62603247	4444	17,13,8	26,36,27	13,11,18	17,7,15	198	99	0.00464533599904	0.0426775356014	0.246,0.153,0.129	0.277,0.44,0.375	-0.188
1866	"SNHG1"	"SNHG1"	chr11	-	62853800	62854064	62853800	62853849	62854017	62854064	1866	108,126,51	1,0,2	84,45,69	5,2,2	198	99	0.0046621077138	0.0427220765692	0.982,1.0,0.927	0.894,0.918,0.945	0.051
5134	"KLF8"	"KLF8"	chrX	+	56265179	56269489	56265179	56265744	56269377	56269489	5134	0,1,1	27,22,14	3,4,4	27,16,42	198	99	0.00481005564452	0.0439653810569	0.0,0.022,0.034	0.053,0.111,0.045	-0.051
494	"CASP2"	"CASP2"	chr7	+	143300203	143303933	143300203	143300294	143303783	143303933	494	4,5,2	31,56,23	1,0,2	84,53,54	198	99	0.00494964019225	0.0451261089283	0.061,0.043,0.042	0.006,0.0,0.018	0.041
991	"BIRC5"	"BIRC5"	chr17	+	78215965	78216781	78215965	78216066	78216663	78216781	991	3,3,1	1,1,0	6,5,5	2,6,1	198	99	0.00498584496876	0.0453408185865	0.6,0.6,1.0	0.6,0.294,0.714	0.197
1211	"TMEM175"	"TMEM175"	chr4	+	948115	948615	948115	948154	948410	948615	1211	4,3,4	1,0,1	8,5,4	1,3,2	198	99	0.00503322335793	0.0455405032613	0.667,1.0,0.667	0.8,0.455,0.5	0.193
4470	"DGKA"	"DGKA"	chr12	+	55940081	55940722	55940081	55940433	55940623	55940722	4470	0,1,0	23,22,16	2,0,4	2,7,4	198	99	0.00502435548356	0.0455405032613	0.0,0.022,0.0	0.333,0.0,0.333	-0.215
6037	"SERAC1"	"SERAC1"	chr6	-	158116184	158117821	158116184	158116282	158117726	158117821	6037	6,2,0	13,20,11	0,1,1	38,19,34	198	99	0.0051971798543	0.04690553002	0.188,0.048,0.0	0.0,0.026,0.014	0.065
6185	"NR1H3"	"NR1H3"	chr11	+	47261546	47262018	47261546	47261726	47261918	47262018	6185	21,7,11	38,52,24	9,6,10	63,44,64	198	99	0.00532730447994	0.0479591255066	0.216,0.063,0.186	0.067,0.064,0.072	0.087
1700	"DKC1"	"DKC1"	chrX	+	154774601	154775273	154774601	154774705	154775194	154775273	1700	16,17,14	377,407,214	18,10,13	632,386,666	198	99	0.0053974315303	0.0484686645941	0.021,0.02,0.032	0.014,0.013,0.01	0.012
3231	"CDK5RAP3"	"CDK5RAP3"	chr17	+	47973518	47974031	47973518	47973650	47973930	47974031	3231	5,5,6	79,87,45	15,10,11	102,30,77	198	99	0.00548338786324	0.049117446785	0.031,0.028,0.063	0.068,0.143,0.067	-0.052
1672	"DDX39A"	"DDX39A"	chr19	-	14409741	14410334	14409741	14409981	14410215	14410334	1672	37,31,22	2,0,0	81,37,94	2,4,5	198	99	0.00553060433989	0.0494168462589	0.902,1.0,1.0	0.953,0.822,0.904	0.074
2520	"ZNF300"	"ZNF300"	chr5	-	150894398	150898184	150894398	150896969	150898057	150898184	2520	9,8,4	5,0,0	16,3,11	11,10,5	198	99	0.00556701345203	0.0496184308423	0.474,1.0,1.0	0.421,0.13,0.524	0.466
