"ID"	"GeneID"	"geneSymbol"	"chr"	"strand"	"riExonStart_0base"	"riExonEnd"	"upstreamES"	"upstreamEE"	"downstreamES"	"downstreamEE"	"ID.1"	"IJC_SAMPLE_1"	"SJC_SAMPLE_1"	"IJC_SAMPLE_2"	"SJC_SAMPLE_2"	"IncFormLen"	"SkipFormLen"	"PValue"	"FDR"	"IncLevel1"	"IncLevel2"	"IncLevelDifference"
5329	"SNHG12"	"SNHG12"	chr1	-	28579532	28579981	28579532	28579587	28579911	28579981	5329	204,235,103	23,23,9	120,69,126	68,27,55	423	99	1.11022302463e-16	2.25375274e-14	0.675,0.705,0.728	0.292,0.374,0.349	0.364
6238	"ST3GAL1"	"ST3GAL1"	chr8	-	133475718	133476600	133475718	133476074	133476277	133476600	6238	103,123,65	94,95,69	17,4,9	59,26,64	302	99	1.11022302463e-16	2.25375274e-14	0.264,0.298,0.236	0.086,0.048,0.044	0.207
2809	"TINAGL1"	"TINAGL1"	chr1	+	31585439	31586755	31585439	31585876	31586709	31586755	2809	246,283,154	835,981,526	200,107,169	1555,811,1533	932	99	2.22044604925e-16	4.27026834945e-14	0.03,0.03,0.03	0.013,0.014,0.012	0.017
1234	"NCK1"	"NCK1"	chr3	+	136945582	136946295	136945582	136945752	136946151	136946295	1234	254,253,138	3,6,8	604,381,545	125,62,117	498	99	6.66133814775e-16	1.21702647959e-13	0.944,0.893,0.774	0.49,0.55,0.481	0.363
1102	"LRRC75A-AS1"	"LRRC75A-AS1"	chr17	+	16439326	16440253	16439326	16439703	16440184	16440253	1102	195,275,114	742,968,629	128,66,127	1206,738,1223	580	99	1.66533453694e-15	2.89768209428e-13	0.043,0.046,0.03	0.018,0.015,0.017	0.023
3533	"RPL10A"	"RPL10A"	chr6	+	35468946	35469529	35468946	35469027	35469380	35469529	3533	494,525,346	2118,2437,1488	806,461,815	1757,998,1719	452	99	3.77475828373e-15	6.26953034943e-13	0.049,0.045,0.048	0.091,0.092,0.094	-0.045
976	"ALKBH2"	"ALKBH2"	chr12	-	109092506	109093472	109092506	109092787	109093246	109093472	976	85,97,75	36,39,20	137,53,132	200,90,160	558	99	6.66133814775e-15	1.0582838953e-12	0.295,0.306,0.4	0.108,0.095,0.128	0.223
588	"MOV10"	"MOV10"	chr1	+	112698286	112699810	112698286	112698789	112699684	112699810	588	62,31,22	59,66,39	112,61,99	31,27,35	994	99	1.25455201783e-14	1.91005544715e-12	0.095,0.045,0.053	0.265,0.184,0.22	-0.159
1670	"DDX39A"	"DDX39A"	chr19	-	14409302	14409645	14409302	14409447	14409535	14409645	1670	17,34,15	266,312,151	98,55,97	300,182,331	187	99	1.65423230669e-14	2.41782593946e-12	0.033,0.055,0.05	0.147,0.138,0.134	-0.094
310	"SLU7"	"SLU7"	chr5	-	160418595	160419081	160418595	160418685	160419022	160419081	310	13,21,8	0,0,0	12,3,10	9,3,5	436	99	1.35558231307e-13	1.83455473035e-11	1.0,1.0,1.0	0.232,0.185,0.312	0.757
4978	"CAPN2"	"CAPN2"	chr1	+	223769840	223770525	223769840	223769909	223770446	223770525	4978	106,134,84	233,252,136	69,53,75	406,245,348	636	99	1.34781075189e-13	1.83455473035e-11	0.066,0.076,0.088	0.026,0.033,0.032	0.046
2555	"WRAP53"	"WRAP53"	chr17	+	7688476	7689079	7688476	7688561	7688647	7689079	2555	17,30,18	54,41,28	10,1,7	93,49,123	185	99	4.7473136533e-13	6.19524431756e-11	0.144,0.281,0.256	0.054,0.011,0.03	0.195
4379	"ABHD17A"	"ABHD17A"	chr19	-	1877507	1880115	1877507	1877687	1879920	1880115	4379	102,109,46	29,50,52	215,125,204	22,7,26	2332	99	1.11177733686e-12	1.40083944444e-10	0.13,0.085,0.036	0.293,0.431,0.25	-0.241
1306	"ZNF131"	"ZNF131"	chr5	+	43161248	43161931	43161248	43161606	43161708	43161931	1306	46,41,25	42,62,21	37,27,34	206,107,153	201	99	1.63469238146e-12	1.99105532062e-10	0.35,0.246,0.37	0.081,0.111,0.099	0.225
1291	"CIRBP"	"CIRBP"	chr19	+	1271139	1271365	1271139	1271246	1271328	1271365	1291	17,12,10	360,335,204	39,22,42	225,147,206	181	99	1.84585680074e-12	2.17572927416e-10	0.025,0.019,0.026	0.087,0.076,0.1	-0.064
1058	"VEGFA"	"VEGFA"	chr6	+	43778888	43786484	43778888	43778918	43784540	43786484	1058	376,425,249	65,65,43	650,314,565	264,124,224	5721	99	2.01905159258e-12	2.30550453728e-10	0.091,0.102,0.091	0.041,0.042,0.042	0.053
384	"BCKDHA"	"BCKDHA"	chr19	+	41410636	41411009	41410636	41410816	41410922	41411009	384	2,5,0	118,142,98	26,13,23	136,81,144	205	99	6.10977934912e-12	6.76519204293e-10	0.008,0.017,0.0	0.085,0.072,0.072	-0.068
396	"MOK"	"MOK"	chr14	-	102232534	102233789	102232534	102232708	102233687	102233789	396	96,106,59	54,53,27	47,32,52	71,54,91	1078	99	9.50473033612e-12	9.92293847091e-10	0.14,0.155,0.167	0.057,0.052,0.05	0.101
6094	"GNB2L1"	"GNB2L1"	chr5	-	181241491	181242345	181241491	181241639	181242169	181242345	6094	425,498,272	9,7,15	502,238,439	83,24,64	629	99	9.46742684249e-12	9.92293847091e-10	0.881,0.918,0.741	0.488,0.609,0.519	0.308
2217	"GAS5"	"GAS5"	chr1	-	173865228	173865547	173865228	173865282	173865470	173865547	2217	164,163,81	675,844,495	114,48,90	1078,646,1028	287	99	1.71470615484e-11	1.74042674716e-09	0.077,0.062,0.053	0.035,0.025,0.029	0.034
1595	"ASTE1"	"ASTE1"	chr3	-	131024004	131025331	131024004	131024238	131025163	131025331	1595	118,124,71	0,0,0	235,137,252	15,8,12	1024	99	4.34156044449e-11	4.28758428761e-09	1.0,1.0,1.0	0.602,0.623,0.67	0.368
136	"VPS28"	"VPS28"	chr8	-	144423600	144424132	144423600	144423922	144424040	144424132	136	110,105,60	76,73,44	383,204,417	103,63,73	217	99	8.48195957914e-11	8.15607376373e-09	0.398,0.396,0.384	0.629,0.596,0.723	-0.257
2220	"GAS5"	"GAS5"	chr1	-	173866527	173866796	173866527	173866567	173866760	173866796	2220	139,143,78	1357,1663,1043	86,47,75	2032,1202,1920	292	99	1.12987397216e-10	1.05860499853e-08	0.034,0.028,0.025	0.014,0.013,0.013	0.016
2216	"GAS5"	"GAS5"	chr1	-	173864256	173865282	173864256	173864704	173865228	173865282	2216	436,473,230	1028,1174,730	313,183,274	1493,884,1414	623	99	1.32343691561e-10	1.20895962241e-08	0.063,0.06,0.048	0.032,0.032,0.03	0.026
142	"VPS28"	"VPS28"	chr8	-	144425682	144426208	144425682	144425772	144426025	144426208	142	25,24,20	233,260,124	87,79,107	332,217,348	352	99	2.11657802396e-10	1.8477417596e-08	0.029,0.025,0.043	0.069,0.093,0.08	-0.048
1423	"MAN2B1"	"MAN2B1"	chr19	-	12655693	12656687	12655693	12655879	12656570	12656687	1423	18,22,12	102,130,70	61,35,63	108,67,104	790	99	2.12384110299e-10	1.8477417596e-08	0.022,0.021,0.021	0.066,0.061,0.071	-0.045
2107	"S100A13"	"S100A13"	chr1	-	153626319	153627598	153626319	153626533	153627482	153627598	2107	70,81,54	214,226,156	193,127,162	296,139,201	1048	99	3.72267550119e-10	3.16340843752e-08	0.03,0.033,0.032	0.058,0.079,0.071	-0.038
277	"SKIL"	"SKIL"	chr3	+	170359698	170361429	170359698	170359876	170360367	170361429	277	222,267,153	0,0,0	348,175,293	14,6,8	590	99	4.03301059215e-10	3.34923197812e-08	1.0,1.0,1.0	0.807,0.83,0.86	0.168
4766	"ACD"	"ACD"	chr16	-	67658927	67659613	67658927	67659079	67659536	67659613	4766	11,6,3	0,0,0	21,9,15	10,2,9	556	99	5.1061399553e-10	4.1461856437e-08	1.0,1.0,1.0	0.272,0.445,0.229	0.685
2468	"MTO1"	"MTO1"	chr6	+	73479935	73480367	73479935	73480126	73480292	73480367	2468	3,7,8	3,4,2	12,9,9	0,0,0	265	99	5.3337378958e-10	4.23684310245e-08	0.272,0.395,0.599	1.0,1.0,1.0	-0.578
4949	"CARS2"	"CARS2"	chr13	-	110645966	110647239	110645966	110646090	110647100	110647239	4949	46,77,36	144,179,103	52,15,43	305,184,291	1109	99	1.16994114396e-09	9.09567008517e-08	0.028,0.037,0.03	0.015,0.007,0.013	0.02
1484	"GCDH"	"GCDH"	chr19	+	12891486	12891974	12891486	12891522	12891830	12891974	1484	18,21,8	103,114,58	50,46,65	108,81,109	407	99	1.47095380321e-09	1.11976358269e-07	0.041,0.043,0.032	0.101,0.121,0.127	-0.078
6691	"ZNF232"	"ZNF232"	chr17	-	5108925	5109868	5108925	5109052	5109393	5109868	6691	25,20,15	7,14,4	31,23,30	107,51,92	440	99	1.54270374253e-09	1.15041621943e-07	0.446,0.243,0.458	0.061,0.092,0.068	0.309
4170	"UBXN1"	"UBXN1"	chr11	-	62678689	62679058	62678689	62678743	62678864	62679058	4170	29,25,29	194,263,111	107,43,81	234,117,252	220	99	2.33449970466e-09	1.70605238417e-07	0.063,0.041,0.105	0.171,0.142,0.126	-0.077
1093	"PTK7"	"PTK7"	chr6	+	43142171	43143620	43142171	43142299	43143416	43143620	1093	57,48,33	126,115,74	107,56,101	95,46,99	1216	99	3.93967192203e-09	2.82265905943e-07	0.036,0.033,0.035	0.084,0.09,0.077	-0.049
3531	"RPL10A"	"RPL10A"	chr6	+	35468419	35468873	35468419	35468439	35468798	35468873	3531	153,147,92	1073,1199,666	223,112,225	903,508,775	458	99	5.19897214168e-09	3.65327773187e-07	0.03,0.026,0.029	0.051,0.045,0.059	-0.023
805	"RPL31"	"RPL31"	chr2	+	101002292	101002808	101002292	101002315	101002701	101002808	805	185,188,76	1824,2086,1184	282,166,279	1864,1067,1674	485	99	7.19359483092e-09	4.9595085872e-07	0.02,0.018,0.013	0.03,0.031,0.033	-0.014
2	"EXOC7"	"EXOC7"	chr17	-	76087653	76088562	76087653	76087720	76088463	76088562	2	18,26,16	0,0,0	36,34,55	4,4,6	842	99	1.04963495673e-08	7.10252987387e-07	1.0,1.0,1.0	0.514,0.5,0.519	0.489
2059	"SCHIP1"	"SCHIP1"	chr3	+	159886206	159888943	159886206	159886324	159888819	159888943	2059	178,191,110	5,5,2	150,86,146	0,0,0	2594	99	1.17635686747e-08	7.81528726134e-07	0.576,0.593,0.677	1.0,1.0,1.0	-0.385
2496	"CASC3"	"CASC3"	chr17	+	40163480	40164166	40163480	40163602	40163885	40164166	2496	497,591,336	0,4,0	877,477,814	14,18,15	382	99	1.49237268099e-08	9.73773174346e-07	1.0,0.975,1.0	0.942,0.873,0.934	0.075
5393	"BHLHE40"	"BHLHE40"	chr3	+	4979961	4980408	4979961	4980031	4980300	4980408	5393	20,44,20	127,124,93	14,9,15	175,113,239	368	99	1.56598793932e-08	1.00388068952e-06	0.041,0.087,0.055	0.021,0.021,0.017	0.041
355	"UBL5"	"UBL5"	chr19	+	9828326	9828675	9828326	9828393	9828591	9828675	355	168,194,129	1295,1515,817	353,233,352	1499,842,1572	297	99	1.64415696613e-08	1.03581888866e-06	0.041,0.041,0.05	0.073,0.084,0.069	-0.031
1867	"SNHG1"	"SNHG1"	chr11	-	62854887	62855216	62854887	62854938	62855132	62855216	1867	56,56,36	90,115,75	46,41,55	255,149,268	293	99	1.77781916966e-08	1.10104258406e-06	0.174,0.141,0.14	0.057,0.085,0.065	0.083
3290	"SLC25A3"	"SLC25A3"	chr12	+	98593624	98594135	98593624	98593740	98593974	98594135	3290	101,84,68	785,583,452	203,120,170	689,430,713	333	99	1.87121110828e-08	1.13956756494e-06	0.037,0.041,0.043	0.081,0.077,0.066	-0.034
4069	"DEDD"	"DEDD"	chr1	-	161124137	161124526	161124137	161124210	161124339	161124526	4069	200,205,130	4,9,7	416,211,416	0,0,0	228	99	2.0593597938e-08	1.23359027648e-06	0.956,0.908,0.89	1.0,1.0,1.0	-0.082
596	"C1orf174"	"C1orf174"	chr1	-	3890568	3892996	3890568	3891057	3892882	3892996	596	39,44,36	61,59,36	33,35,40	148,103,140	1924	99	4.0393603129e-08	2.3806165457e-06	0.032,0.037,0.049	0.011,0.017,0.014	0.025
1267	"RP11-864I4.1"	"RP11-864I4.1"	chr11	-	62572583	62574908	62572583	62572742	62574676	62574908	1267	205,258,147	0,0,1	186,116,186	6,2,7	2033	99	4.98280673389e-08	2.85918239247e-06	1.0,1.0,0.877	0.602,0.739,0.564	0.324
4420	"CENPV"	"CENPV"	chr17	-	16348615	16349333	16348615	16348685	16349139	16349333	4420	45,55,19	0,0,0	34,24,41	2,1,8	553	99	5.00787282753e-08	2.85918239247e-06	1.0,1.0,1.0	0.753,0.811,0.478	0.319
3067	"FSCN2"	"FSCN2"	chr17	+	81536145	81536789	81536145	81536267	81536621	81536789	3067	3,4,0	2,2,1	1,3,7	0,0,0	453	99	6.11937774897e-08	3.44003173765e-06	0.247,0.304,0.0	1.0,1.0,1.0	-0.816
4300	"PLSCR1"	"PLSCR1"	chr3	-	146521543	146522053	146521543	146521701	146521832	146522053	4300	61,77,44	0,0,0	63,40,56	13,0,7	230	99	6.64207214784e-08	3.67729267094e-06	1.0,1.0,1.0	0.676,1.0,0.775	0.183
960	"ARHGAP4"	"ARHGAP4"	chrX	-	153910170	153910611	153910170	153910404	153910505	153910611	960	2,3,1	2,3,3	5,3,11	1,0,0	200	99	8.23459956889e-08	4.49092937682e-06	0.331,0.331,0.142	0.712,1.0,1.0	-0.636
1444	"JMJD7-PLA2G4B"	"JMJD7-PLA2G4B"	chr15	+	41834739	41835223	41834739	41834893	41834969	41835223	1444	8,6,5	16,14,9	20,18,24	7,2,7	175	99	1.0590525823e-07	5.60837410975e-06	0.22,0.195,0.239	0.618,0.836,0.66	-0.487
5056	"TJAP1"	"TJAP1"	chr6	+	43503622	43506553	43503622	43503706	43504760	43506553	5056	62,84,39	53,68,30	70,36,66	125,74,143	1153	99	1.0461155342e-07	5.60837410975e-06	0.091,0.096,0.1	0.046,0.04,0.038	0.054
1990	"MICALL2"	"MICALL2"	chr7	-	1440590	1442484	1440590	1440684	1442191	1442484	1990	27,26,13	24,36,16	19,3,16	61,42,66	1606	99	1.0991208621e-07	5.67144475665e-06	0.065,0.043,0.048	0.019,0.004,0.015	0.039
2794	"CAPN10"	"CAPN10"	chr2	+	240595933	240596521	240595933	240596152	240596318	240596521	2794	28,9,7	0,0,0	26,14,18	2,6,3	265	99	1.10200486514e-07	5.67144475665e-06	1.0,1.0,1.0	0.829,0.466,0.692	0.338
820	"HMG20B"	"HMG20B"	chr19	+	3573691	3574586	3573691	3573800	3574382	3574586	820	249,251,160	76,87,49	467,241,433	71,35,69	681	99	1.1509475617e-07	5.76104437048e-06	0.323,0.295,0.322	0.489,0.5,0.477	-0.175
3598	"HNRNPH1"	"HNRNPH1"	chr5	-	179616125	179617110	179616125	179616218	179617020	179617110	3598	466,498,291	53,53,22	595,326,548	126,60,162	901	99	1.14737819357e-07	5.76104437048e-06	0.491,0.508,0.592	0.342,0.374,0.271	0.201
5376	"ALS2CL"	"ALS2CL"	chr3	-	46671487	46672033	46671487	46671768	46671883	46672033	5376	2,6,6	2,2,3	2,1,2	0,0,0	214	99	1.3228689133e-07	6.53211217459e-06	0.316,0.581,0.481	1.0,1.0,1.0	-0.541
5331	"SNHG12"	"SNHG12"	chr1	-	28579532	28580646	28579532	28579981	28580559	28580646	5331	51,75,42	43,46,23	38,15,32	63,38,55	677	99	1.84681444804e-07	8.99767999085e-06	0.148,0.193,0.211	0.081,0.055,0.078	0.113
6599	"LYPLA2"	"LYPLA2"	chr1	+	23794223	23794600	23794223	23794325	23794426	23794600	6599	21,25,10	151,154,99	57,33,49	138,81,171	200	99	2.03653376163e-07	9.79143995394e-06	0.064,0.074,0.048	0.17,0.168,0.124	-0.092
786	"CEP350"	"CEP350"	chr1	+	180110996	180113380	180110996	180111195	180112436	180113380	786	147,133,79	2,0,0	199,107,176	15,4,7	1340	99	2.3437543184e-07	1.11221795837e-05	0.844,1.0,1.0	0.495,0.664,0.65	0.345
4621	"MBD6"	"MBD6"	chr12	+	57524028	57524416	57524028	57524092	57524279	57524416	4621	6,5,2	67,60,41	32,7,19	71,45,51	286	99	2.94606273044e-07	1.38011707911e-05	0.03,0.028,0.017	0.135,0.051,0.114	-0.075
1275	"RNF126"	"RNF126"	chr19	-	648881	649748	648881	648975	649678	649748	1275	27,22,5	140,160,97	73,41,82	208,141,243	802	99	3.04554189978e-07	1.40865950656e-05	0.023,0.017,0.006	0.042,0.035,0.04	-0.024
6407	"CHTOP"	"CHTOP"	chr1	+	153636571	153638448	153636571	153636653	153638294	153638448	6407	317,352,205	205,210,127	361,207,315	364,212,388	1740	99	3.35769117732e-07	1.53362544524e-05	0.081,0.087,0.084	0.053,0.053,0.044	0.034
2473	"CD55"	"CD55"	chr1	+	207336692	207337409	207336692	207336818	207337328	207337409	2473	32,35,27	299,361,174	120,56,118	482,255,487	609	99	3.73330209968e-07	1.6841340583e-05	0.017,0.016,0.025	0.039,0.034,0.038	-0.018
5582	"PCNXL2"	"PCNXL2"	chr1	-	233217898	233218184	233217898	233217931	233218030	233218184	5582	1,2,1	18,12,9	29,13,18	24,28,23	198	99	4.098531593e-07	1.81948055365e-05	0.027,0.077,0.053	0.377,0.188,0.281	-0.23
6633	"RABL6"	"RABL6"	chr9	+	136831720	136832370	136831720	136831861	136832261	136832370	6633	7,12,4	5,4,4	8,9,10	1,0,0	499	99	4.13291970314e-07	1.81948055365e-05	0.217,0.373,0.166	0.613,1.0,1.0	-0.619
5981	"NOP2"	"NOP2"	chr12	-	6560097	6560569	6560097	6560326	6560446	6560569	5981	16,39,9	81,99,52	25,19,29	279,207,314	219	99	4.22601158734e-07	1.83831504049e-05	0.082,0.151,0.073	0.039,0.04,0.04	0.062
1092	"CTDNEP1"	"CTDNEP1"	chr17	-	7243590	7244245	7243590	7243951	7244188	7244245	1092	400,465,236	4,2,0	641,368,619	16,14,16	336	99	4.41664423256e-07	1.8986374148e-05	0.967,0.986,1.0	0.922,0.886,0.919	0.075
6304	"COMMD3"	"COMMD3"	chr10	+	22318271	22319018	22318271	22318306	22318958	22319018	6304	15,16,18	0,0,0	22,11,28	3,1,3	751	99	4.78399463155e-07	2.03264143996e-05	1.0,1.0,1.0	0.492,0.592,0.552	0.455
488	"RPAIN"	"RPAIN"	chr17	+	5425970	5426299	5425970	5426082	5426235	5426299	488	6,2,5	15,45,14	14,10,9	5,6,10	252	99	5.36112696792e-07	2.25167332653e-05	0.136,0.017,0.123	0.524,0.396,0.261	-0.302
1200	"MPHOSPH8"	"MPHOSPH8"	chr13	+	19670839	19671289	19670839	19670964	19671205	19671289	1200	13,16,11	0,0,0	13,21,20	3,4,1	340	99	5.58353485225e-07	2.31843594888e-05	1.0,1.0,1.0	0.558,0.605,0.853	0.328
4269	"DDX17"	"DDX17"	chr22	-	38487878	38492115	38487878	38488115	38492055	38492115	4269	1563,1760,1006	299,356,181	1584,927,1491	458,289,494	4039	99	6.1164826537e-07	2.51119411423e-05	0.114,0.108,0.12	0.078,0.073,0.069	0.041
2126	"GPAT4"	"GPAT4"	chr8	+	41598291	41599304	41598291	41598476	41599233	41599304	2126	411,480,285	1,0,1	852,455,913	11,12,9	856	99	6.42531671757e-07	2.60867858733e-05	0.979,1.0,0.971	0.9,0.814,0.921	0.105
831	"INO80E"	"INO80E"	chr16	+	29996243	29996617	29996243	29996391	29996546	29996617	831	24,14,10	132,124,76	62,61,89	244,120,251	254	99	6.56913976993e-07	2.63776227685e-05	0.066,0.042,0.049	0.09,0.165,0.121	-0.073
137	"VPS28"	"VPS28"	chr8	-	144424214	144424819	144424214	144424268	144424717	144424819	137	74,95,54	195,189,130	320,151,247	381,173,350	548	99	6.92182826834e-07	2.71960865511e-05	0.064,0.083,0.07	0.132,0.136,0.113	-0.055
2742	"TIMM10B"	"TIMM10B"	chr11	+	6481500	6481852	6481500	6481555	6481756	6481852	2742	19,24,7	58,84,42	7,1,9	110,57,85	300	99	6.91414207554e-07	2.71960865511e-05	0.098,0.086,0.052	0.021,0.006,0.034	0.058
2219	"GAS5"	"GAS5"	chr1	-	173865856	173866206	173865856	173865894	173866176	173866206	2219	128,193,66	1133,1382,823	104,55,93	1584,876,1563	381	99	7.46804889484e-07	2.90300538955e-05	0.029,0.035,0.02	0.017,0.016,0.015	0.012
1877	"HMBS"	"HMBS"	chr11	+	119088634	119089131	119088634	119088848	119089081	119089131	1877	13,14,5	1,0,0	6,2,6	2,1,4	332	99	8.12749713641e-07	3.12609205647e-05	0.795,1.0,1.0	0.472,0.374,0.309	0.547
1588	"OXSM"	"OXSM"	chr3	+	25790989	25791997	25790989	25791315	25791769	25791997	1588	53,61,39	2,0,0	134,82,122	13,10,10	553	99	8.66258261345e-07	3.22990580301e-05	0.826,1.0,1.0	0.649,0.595,0.686	0.299
4080	"TRA2A"	"TRA2A"	chr7	-	23521706	23522432	23521706	23521840	23522353	23522432	4080	105,144,52	1,0,0	301,179,267	15,2,12	612	99	8.61634530613e-07	3.22990580301e-05	0.944,1.0,1.0	0.764,0.935,0.783	0.154
4857	"GALT"	"GALT"	chr9	+	34647491	34647961	34647491	34647705	34647831	34647961	4857	1,2,2	27,38,9	10,4,10	15,5,23	225	99	8.50316093981e-07	3.22990580301e-05	0.016,0.023,0.089	0.227,0.26,0.161	-0.173
5398	"PIH1D1"	"PIH1D1"	chr19	-	49447826	49448010	49447826	49447908	49448000	49448010	5398	8,11,4	217,206,117	16,19,24	139,102,170	191	99	8.99654741482e-07	3.32054386402e-05	0.019,0.027,0.017	0.056,0.088,0.068	-0.05
637	"RP11-390P2.4"	"RP11-390P2.4"	chr6	+	138696596	138697288	138696596	138696755	138696902	138697288	637	12,14,21	4,5,2	6,0,4	7,8,12	246	99	9.80995736644e-07	3.5845584217e-05	0.547,0.53,0.809	0.256,0.0,0.118	0.504
2427	"IDH3G"	"IDH3G"	chrX	-	153785765	153786272	153785765	153785973	153786211	153786272	2427	31,32,20	92,110,47	55,27,68	80,33,69	337	99	1.08387547337e-06	3.92126829673e-05	0.09,0.079,0.111	0.168,0.194,0.225	-0.102
2471	"CYP1A1"	"CYP1A1"	chr15	-	74722272	74723123	74722272	74722341	74722534	74723123	2471	542,540,305	3,6,4	60,42,53	9,0,9	292	99	1.11253552149e-06	3.98549489757e-05	0.984,0.968,0.963	0.693,1.0,0.666	0.185
2169	"ARFRP1"	"ARFRP1"	chr20	-	63698642	63700702	63698642	63700530	63700601	63700702	2169	47,42,23	117,130,51	86,33,68	409,227,463	170	99	1.12492361914e-06	3.99074845081e-05	0.19,0.158,0.208	0.109,0.078,0.079	0.097
4692	"UBE2T"	"UBE2T"	chr1	-	202333009	202333335	202333009	202333093	202333236	202333335	4692	5,8,5	192,214,146	24,19,21	223,118,241	242	99	1.29031093521e-06	4.53345784352e-05	0.011,0.015,0.014	0.042,0.062,0.034	-0.033
3088	"PTCD3"	"PTCD3"	chr2	+	86133177	86133436	86133177	86133256	86133345	86133436	3088	18,19,13	92,71,62	7,4,6	97,57,139	188	99	1.34765051507e-06	4.68982379244e-05	0.093,0.124,0.099	0.037,0.036,0.022	0.074
4618	"HNRNPH3"	"HNRNPH3"	chr10	+	68337198	68338687	68337198	68337333	68338502	68338687	4618	496,531,273	130,122,72	529,344,481	249,122,225	1268	99	1.57746004825e-06	5.43777265689e-05	0.23,0.254,0.228	0.142,0.18,0.143	0.082
1493	"CIZ1"	"CIZ1"	chr9	-	128178708	128179415	128178708	128178904	128179072	128179415	1493	265,306,174	52,54,27	548,293,513	53,25,35	267	99	1.75814716907e-06	5.93854122875e-05	0.654,0.678,0.705	0.793,0.813,0.845	-0.138
3849	"SPINT2"	"SPINT2"	chr19	+	38290536	38292468	38290536	38290575	38291839	38292468	3849	331,416,203	989,1052,668	536,287,559	1049,518,952	1363	99	1.77148602609e-06	5.93854122875e-05	0.024,0.028,0.022	0.036,0.039,0.041	-0.014
5228	"ADGRF1"	"ADGRF1"	chr6	-	47012006	47014844	47012006	47012195	47014680	47014844	5228	354,413,194	127,165,98	130,98,85	87,59,95	2584	99	1.75281175097e-06	5.93854122875e-05	0.096,0.088,0.07	0.054,0.06,0.033	0.036
1671	"DDX39A"	"DDX39A"	chr19	-	14409741	14410334	14409741	14409873	14410215	14410334	1671	74,59,43	220,258,119	133,75,167	254,152,254	441	99	1.89557435781e-06	6.29675336676e-05	0.07,0.049,0.075	0.105,0.1,0.129	-0.047
3081	"CDK10"	"CDK10"	chr16	+	89693273	89694232	89693273	89693326	89694172	89694232	3081	269,236,138	3,0,0	366,215,337	10,6,11	945	99	2.07848075739e-06	6.84213395271e-05	0.904,1.0,1.0	0.793,0.79,0.762	0.186
6692	"ZNF232"	"ZNF232"	chr17	-	5108925	5109868	5108925	5109052	5109710	5109868	6692	124,171,84	7,9,3	517,283,486	2,5,3	757	99	2.41628006292e-06	7.88311370528e-05	0.698,0.713,0.785	0.971,0.881,0.955	-0.204
2311	"DTX3"	"DTX3"	chr12	+	57605988	57606252	57605988	57606029	57606189	57606252	2311	15,11,7	6,0,3	9,11,13	0,0,0	259	99	2.57573779328e-06	8.32286402688e-05	0.489,1.0,0.471	1.0,1.0,1.0	-0.347
4525	"FLAD1"	"FLAD1"	chr1	+	154990158	154990528	154990158	154990257	154990338	154990528	4525	16,21,5	88,71,48	16,6,12	231,125,231	180	99	2.59662424484e-06	8.32286402688e-05	0.091,0.14,0.054	0.037,0.026,0.028	0.065
3130	"ARFGAP1"	"ARFGAP1"	chr20	+	63287563	63289788	63287563	63289496	63289677	63289788	3130	49,98,40	0,3,1	94,56,74	12,4,27	280	99	2.63327489625e-06	8.3669447573e-05	1.0,0.92,0.934	0.735,0.832,0.492	0.265
5377	"ALS2CL"	"ALS2CL"	chr3	-	46674565	46675976	46674565	46674739	46675617	46675976	5377	18,27,15	5,13,7	17,13,23	1,0,1	977	99	2.69384838203e-06	8.41309571619e-05	0.267,0.174,0.178	0.633,1.0,0.7	-0.571
5458	"MKNK2"	"MKNK2"	chr19	-	2042606	2042870	2042606	2042662	2042765	2042870	5458	2,1,2	158,170,97	20,5,15	200,91,218	202	99	2.69158356836e-06	8.41309571619e-05	0.006,0.003,0.01	0.047,0.026,0.033	-0.029
2218	"GAS5"	"GAS5"	chr1	-	173865228	173865547	173865228	173865282	173865509	173865547	2218	310,332,182	763,842,518	312,147,268	1186,680,1128	326	99	3.01374257561e-06	9.33238590786e-05	0.11,0.107,0.096	0.074,0.062,0.067	0.037
3107	"TMEM147"	"TMEM147"	chr19	+	35546671	35547029	35546671	35546808	35546944	35547029	3107	30,31,10	272,263,139	64,42,78	315,184,323	235	99	3.30973675766e-06	0.0001016283875	0.044,0.047,0.029	0.079,0.088,0.092	-0.046
6308	"NDUFV1"	"NDUFV1"	chr11	+	67606957	67607324	67606957	67607076	67607298	67607324	6308	27,28,12	0,1,1	25,23,41	12,3,8	321	99	3.41359290645e-06	0.000103943904001	1.0,0.896,0.787	0.391,0.703,0.612	0.326
1225	"DHRS1"	"DHRS1"	chr14	-	24291138	24291625	24291138	24291219	24291555	24291625	1225	16,10,11	39,26,16	26,17,40	20,7,23	435	99	3.63090447653e-06	0.000109647313696	0.085,0.08,0.135	0.228,0.356,0.284	-0.189
454	"RPL10"	"RPL10"	chrX	+	154399337	154399594	154399337	154399396	154399486	154399594	454	155,154,80	3160,3844,2120	198,124,196	3011,1771,2642	189	99	3.69080376883e-06	0.000110542598125	0.025,0.021,0.019	0.033,0.035,0.037	-0.013
5362	"SMOX"	"SMOX"	chr20	+	4182088	4182848	4182088	4182323	4182482	4182848	5362	46,59,32	1,3,1	99,77,83	17,12,20	258	99	3.74055792951e-06	0.000111121940443	0.946,0.883,0.925	0.691,0.711,0.614	0.246
4806	"STX4"	"STX4"	chr16	+	31034225	31034536	31034225	31034325	31034461	31034536	4806	8,12,3	59,65,41	30,14,29	57,43,64	235	99	3.85708449946e-06	0.000113659570653	0.054,0.072,0.03	0.181,0.121,0.16	-0.102
2078	"CAPRIN2"	"CAPRIN2"	chr12	-	30714958	30716676	30714958	30715144	30716507	30716676	2078	19,24,15	0,0,0	35,28,35	2,0,5	1462	99	4.01186593357e-06	0.00011727486497	1.0,1.0,1.0	0.542,1.0,0.322	0.379
5134	"KLF8"	"KLF8"	chrX	+	56265179	56269489	56265179	56265744	56269377	56269489	5134	34,47,18	27,22,14	158,79,114	27,16,42	3732	99	4.14548604888e-06	0.000120219095418	0.032,0.054,0.033	0.134,0.116,0.067	-0.066
5192	"HDAC6"	"HDAC6"	chrX	+	48805630	48806464	48805630	48805671	48806367	48806464	5192	9,7,1	22,29,21	21,8,21	15,17,16	795	99	4.36415700344e-06	0.000125564013312	0.048,0.029,0.006	0.148,0.055,0.14	-0.087
5445	"HERPUD2"	"HERPUD2"	chr7	-	35694183	35695135	35694183	35694627	35694800	35695135	5445	15,13,12	1,0,0	36,26,31	4,5,8	272	99	7.11293482847e-06	0.000203052061431	0.845,1.0,1.0	0.766,0.654,0.585	0.28
5082	"PPFIBP2"	"PPFIBP2"	chr11	+	7653023	7653756	7653023	7653200	7653501	7653756	5082	14,23,12	0,0,0	24,10,23	2,1,4	400	99	7.26899063486e-06	0.00020589838589	1.0,1.0,1.0	0.748,0.712,0.587	0.318
3755	"ZGPAT"	"ZGPAT"	chr20	+	63733586	63734824	63733586	63733739	63734644	63734824	3755	32,38,32	1,0,0	66,38,50	3,2,7	1004	99	7.63445461682e-06	0.000213504636406	0.759,1.0,1.0	0.684,0.652,0.413	0.337
6315	"MOB2"	"MOB2"	chr11	-	1480392	1480885	1480392	1480486	1480724	1480885	6315	5,20,7	52,48,29	11,6,10	164,98,168	337	99	7.65438077976e-06	0.000213504636406	0.027,0.109,0.066	0.019,0.018,0.017	0.049
2103	"SLC35A5"	"SLC35A5"	chr3	+	112580545	112581326	112580545	112580706	112581178	112581326	2103	245,338,173	2,1,0	355,197,388	5,1,21	571	99	7.99437733456e-06	0.000221298899852	0.955,0.983,1.0	0.925,0.972,0.762	0.093
3014	"PIGS"	"PIGS"	chr17	-	28570851	28571188	28570851	28570963	28571048	28571188	3014	1,3,0	72,73,37	9,7,12	73,44,97	184	99	8.36526669146e-06	0.000229824695418	0.007,0.022,0.0	0.062,0.079,0.062	-0.058
2769	"PTBP1"	"PTBP1"	chr19	+	804035	804438	804035	804208	804291	804438	2769	3,3,3	435,456,261	32,6,26	591,363,512	182	99	8.60628755672e-06	0.000233708926253	0.004,0.004,0.006	0.029,0.009,0.027	-0.017
5320	"NEMF"	"NEMF"	chr14	-	49784924	49785320	49784924	49785004	49785219	49785320	5320	7,9,1	0,0,0	4,4,15	4,0,3	314	99	8.63456624089e-06	0.000233708926253	1.0,1.0,1.0	0.24,1.0,0.612	0.383
3034	"CPSF3L"	"CPSF3L"	chr1	-	1313034	1313592	1313034	1313124	1313508	1313592	3034	93,124,61	272,290,166	86,40,80	364,208,403	483	99	9.03463505542e-06	0.000242739385974	0.065,0.081,0.07	0.046,0.038,0.039	0.031
2436	"FXR1"	"FXR1"	chr3	+	180962882	180963090	180962882	180962940	180963027	180963090	2436	81,63,37	182,209,108	115,62,100	142,90,177	186	99	9.3118893757e-06	0.000248362363349	0.192,0.138,0.154	0.301,0.268,0.231	-0.105
6681	"DCTN2"	"DCTN2"	chr12	-	57532983	57533303	57532983	57533022	57533237	57533303	6681	6,10,3	183,192,109	27,5,10	116,74,117	314	99	1.02346934127e-05	0.000270996882101	0.01,0.016,0.009	0.068,0.021,0.026	-0.027
401	"SAT2"	"SAT2"	chr17	-	7627362	7627805	7627362	7627414	7627569	7627805	401	12,21,11	14,18,17	56,28,63	14,13,10	254	99	1.07369941224e-05	0.000282251629664	0.25,0.313,0.201	0.609,0.456,0.711	-0.337
2693	"HMGN2"	"HMGN2"	chr1	+	26473482	26473732	26473482	26473527	26473702	26473732	2693	59,58,26	1375,1410,850	116,75,67	1512,802,1388	274	99	1.08225918208e-05	0.000282469646523	0.015,0.015,0.011	0.027,0.033,0.017	-0.012
5944	"ATG4D"	"ATG4D"	chr19	+	10546838	10547253	10546838	10547075	10547188	10547253	5944	50,33,36	0,0,0	84,43,80	4,1,9	212	99	1.13099251378e-05	0.000293095506763	1.0,1.0,1.0	0.907,0.953,0.806	0.111
1142	"CLK1"	"CLK1"	chr2	-	200859679	200861466	200859679	200859746	200861237	200861466	1142	136,151,100	30,54,26	339,191,295	39,16,47	1590	99	1.15407116533e-05	0.000294893429239	0.22,0.148,0.193	0.351,0.426,0.281	-0.166
2213	"GAS5"	"GAS5"	chr1	-	173864256	173864704	173864256	173864304	173864674	173864704	2213	412,535,259	17,22,16	422,209,363	44,27,32	469	99	1.14981059943e-05	0.000294893429239	0.836,0.837,0.774	0.669,0.62,0.705	0.151
1417	"DRG2"	"DRG2"	chr17	+	18099016	18100435	18099016	18099093	18099632	18100435	1417	7,8,8	0,1,0	7,3,5	1,1,3	638	99	1.18450139944e-05	0.000300567230108	1.0,0.554,1.0	0.521,0.318,0.205	0.503
2055	"FAM135A"	"FAM135A"	chr6	+	70524930	70526698	70524930	70525191	70525863	70526698	2055	34,50,20	0,0,1	48,24,50	1,4,6	771	99	1.31887334421e-05	0.000332356082741	1.0,1.0,0.72	0.86,0.435,0.517	0.303
5506	"SNX16"	"SNX16"	chr8	-	81839611	81840082	81839611	81839751	81839838	81840082	5506	9,20,9	1,0,0	42,22,38	4,5,10	186	99	1.36688372471e-05	0.000342095419869	0.827,1.0,1.0	0.848,0.701,0.669	0.203
2067	"FIBP"	"FIBP"	chr11	-	65884569	65884998	65884569	65884656	65884934	65884998	2067	21,16,7	201,233,148	57,30,39	260,169,311	377	99	1.44537372109e-05	0.000359278610671	0.027,0.018,0.012	0.054,0.045,0.032	-0.025
4574	"TAF1C"	"TAF1C"	chr16	-	84181745	84182058	84181745	84181863	84181941	84182058	4574	22,30,14	24,13,14	15,14,20	64,33,50	177	99	1.53708364928e-05	0.000379493490167	0.339,0.563,0.359	0.116,0.192,0.183	0.257
3415	"NOP56"	"NOP56"	chr20	+	2657080	2658393	2657080	2657218	2657928	2658393	3415	169,209,108	357,431,221	154,73,141	455,268,532	809	99	1.70277248761e-05	0.000417579239579	0.055,0.056,0.056	0.04,0.032,0.031	0.021
3633	"SH3TC2"	"SH3TC2"	chr5	-	149026859	149028718	149026859	149028554	149028676	149028718	3633	4,7,11	6,13,4	3,1,2	25,11,22	221	99	1.72780751648e-05	0.000420893911015	0.23,0.194,0.552	0.051,0.039,0.039	0.282
4997	"PFDN5"	"PFDN5"	chr12	+	53295838	53296467	53295838	53295941	53296429	53296467	4997	60,45,26	3,0,1	79,46,60	11,7,19	587	99	1.89940765699e-05	0.000459631495274	0.771,1.0,0.814	0.548,0.526,0.348	0.388
5157	"CHD4"	"CHD4"	chr12	-	6583026	6583378	6583026	6583113	6583197	6583378	5157	18,7,7	169,150,105	25,19,31	160,114,113	183	99	2.04986927335e-05	0.000492777784528	0.054,0.025,0.035	0.078,0.083,0.129	-0.059
2613	"TPCN1"	"TPCN1"	chr12	+	113291873	113293073	113291873	113291958	113292933	113293073	2613	39,22,22	19,26,19	3,8,8	17,12,22	1074	99	2.06801003483e-05	0.000493889455377	0.159,0.072,0.096	0.016,0.058,0.032	0.074
6437	"TMEM79"	"TMEM79"	chr1	+	156285183	156286473	156285183	156285983	156286259	156286473	6437	16,12,9	20,18,5	9,10,14	73,22,66	375	99	2.14471048092e-05	0.000508881305018	0.174,0.15,0.322	0.032,0.107,0.053	0.151
5102	"TGOLN2"	"TGOLN2"	chr2	-	85326507	85327685	85326507	85326804	85326978	85327685	5102	430,501,264	60,85,40	639,396,618	163,111,157	273	99	2.20158319144e-05	0.000519005482679	0.722,0.681,0.705	0.587,0.564,0.588	0.123
419	"LPO"	"LPO"	chr17	+	58242977	58244081	58242977	58243055	58243993	58244081	419	6,4,5	2,9,2	21,7,33	2,1,2	1037	99	2.26176605227e-05	0.000528042708805	0.223,0.041,0.193	0.501,0.401,0.612	-0.352
6030	"NIT1"	"NIT1"	chr1	+	161119133	161119612	161119133	161119388	161119508	161119612	6030	1,4,3	68,79,28	9,5,18	73,31,56	219	99	2.26882061528e-05	0.000528042708805	0.007,0.022,0.046	0.053,0.068,0.127	-0.058
4317	"MARS"	"MARS"	chr12	+	57489266	57489558	57489266	57489345	57489454	57489558	4317	55,127,58	2,1,0	130,65,101	9,8,4	208	99	2.31583355684e-05	0.000535573152955	0.929,0.984,1.0	0.873,0.795,0.923	0.107
651	"SFI1"	"SFI1"	chr22	+	31604868	31606430	31604868	31604945	31606327	31606430	651	4,2,3	16,28,10	13,3,11	13,6,8	1481	99	2.37300045751e-05	0.000545342369292	0.016,0.005,0.02	0.063,0.032,0.084	-0.046
589	"MOV10"	"MOV10"	chr1	+	112699893	112700340	112699893	112699982	112700218	112700340	589	20,19,9	80,86,48	34,21,24	48,37,52	335	99	2.45526880827e-05	0.000560722014089	0.069,0.061,0.053	0.173,0.144,0.12	-0.085
878	"MRPS22"	"MRPS22"	chr3	+	139350178	139351060	139350178	139350322	139351030	139351060	878	46,48,35	4,3,0	53,21,44	0,0,0	807	99	2.49651131874e-05	0.000566599525384	0.585,0.662,1.0	1.0,1.0,1.0	-0.251
5872	"POLR2G"	"POLR2G"	chr11	+	62761794	62762866	62761794	62761904	62762541	62762866	5872	47,50,28	14,4,6	62,25,57	50,32,37	736	99	2.57409071355e-05	0.000580600460945	0.311,0.627,0.386	0.143,0.095,0.172	0.305
1290	"CIRBP"	"CIRBP"	chr19	+	1270927	1271467	1270927	1271036	1271139	1271467	1290	8,11,4	552,672,389	30,10,19	518,290,446	202	99	2.65240674097e-05	0.000594594738129	0.007,0.008,0.005	0.028,0.017,0.02	-0.015
788	"CCNK"	"CCNK"	chr14	+	99500765	99502376	99500765	99500871	99502206	99502376	788	10,8,9	1,0,0	18,6,18	3,4,6	1434	99	2.79249781324e-05	0.000620735081765	0.408,1.0,1.0	0.293,0.094,0.172	0.616
1921	"ANK3"	"ANK3"	chr10	-	60059339	60060006	60059339	60059430	60059697	60060006	1921	44,68,31	100,106,57	26,12,11	86,53,65	366	99	2.80299092751e-05	0.000620735081765	0.106,0.148,0.128	0.076,0.058,0.044	0.068
5581	"PCNXL2"	"PCNXL2"	chr1	-	232984135	232986540	232984135	232984477	232986091	232986540	5581	44,63,28	2,4,5	28,19,30	25,4,13	1713	99	2.82071587281e-05	0.000620897337304	0.56,0.477,0.245	0.061,0.215,0.118	0.296
6414	"TMEM234"	"TMEM234"	chr1	-	32215135	32215795	32215135	32215216	32215672	32215795	6414	25,28,6	0,1,0	37,20,31	2,3,3	555	99	2.91856067797e-05	0.000638588066904	1.0,0.833,1.0	0.767,0.543,0.648	0.292
2490	"GTPBP3"	"GTPBP3"	chr19	+	17338953	17339266	17338953	17339026	17339122	17339266	2490	7,21,6	33,54,21	10,6,16	133,81,136	195	99	2.97238294243e-05	0.000646493289979	0.097,0.165,0.127	0.037,0.036,0.056	0.087
3691	"ATHL1"	"ATHL1"	chr11	+	290677	292095	290677	291113	291975	292095	3691	19,23,12	10,25,12	15,15,35	1,3,5	961	99	3.30319148987e-05	0.000714193000236	0.164,0.087,0.093	0.607,0.34,0.419	-0.341
3352	"CHKB"	"CHKB"	chr22	-	50580189	50580416	50580189	50580271	50580357	50580416	3352	38,54,23	29,47,28	56,36,94	25,12,32	185	99	3.43223653714e-05	0.000737728959218	0.412,0.381,0.305	0.545,0.616,0.611	-0.225
4397	"TAB3"	"TAB3"	chrX	-	30842965	30846644	30842965	30843049	30846550	30846644	4397	63,96,54	48,54,25	93,60,68	106,53,108	3600	99	3.46792364845e-05	0.000741040526985	0.035,0.047,0.056	0.024,0.03,0.017	0.022
2104	"SLC35A5"	"SLC35A5"	chr3	+	112580545	112581326	112580545	112580706	112581244	112581326	2104	276,369,195	0,0,0	400,225,421	8,2,4	637	99	3.65271787768e-05	0.000775990181689	1.0,1.0,1.0	0.886,0.946,0.942	0.075
5176	"CRB3"	"CRB3"	chr19	+	6466465	6467221	6466465	6466609	6466950	6467221	5176	96,106,54	48,49,41	105,77,122	156,66,113	440	99	3.69705897673e-05	0.000780870144565	0.31,0.327,0.229	0.132,0.208,0.195	0.11
5419	"HCFC1R1"	"HCFC1R1"	chr16	-	3023232	3023530	3023232	3023361	3023473	3023530	5419	18,18,13	113,109,55	30,26,40	93,33,94	211	99	3.73804322217e-05	0.000784989076656	0.07,0.072,0.1	0.131,0.27,0.166	-0.108
4826	"SYMPK"	"SYMPK"	chr19	-	45827836	45829205	45827836	45827918	45828969	45829205	4826	14,11,0	80,78,71	26,16,37	82,72,108	1150	99	4.05872412582e-05	0.000847461597471	0.015,0.012,0.0	0.027,0.019,0.029	-0.016
1023	"TMEM150A"	"TMEM150A"	chr2	-	85601020	85601482	85601020	85601107	85601434	85601482	1023	24,26,25	60,77,37	84,44,85	85,57,92	426	99	4.08919106973e-05	0.000848971827772	0.085,0.073,0.136	0.187,0.152,0.177	-0.074
6243	"VPS16"	"VPS16"	chr20	+	2863948	2864287	2863948	2864083	2864178	2864287	6243	1,5,2	69,81,34	7,6,14	62,29,49	194	99	4.21133323529e-05	0.000869390488234	0.007,0.031,0.029	0.054,0.095,0.127	-0.07
2334	"PRMT5"	"PRMT5"	chr14	-	22920528	22921056	22920528	22920731	22920839	22921056	2334	166,161,81	4,7,6	240,135,217	4,0,0	207	99	4.48431375495e-05	0.00092054395846	0.952,0.917,0.866	0.966,1.0,1.0	-0.077
2069	"C21orf58"	"C21orf58"	chr21	-	46301129	46302154	46301129	46301713	46301996	46302154	2069	16,27,11	2,8,2	44,15,43	3,0,0	382	99	4.5483466656e-05	0.000928472553972	0.675,0.467,0.588	0.792,1.0,1.0	-0.354
2077	"CAPRIN2"	"CAPRIN2"	chr12	-	30714958	30716676	30714958	30715141	30716507	30716676	2077	19,24,15	1,0,0	35,28,35	1,1,10	1465	99	4.61795417639e-05	0.000937444697807	0.562,1.0,1.0	0.703,0.654,0.191	0.338
4663	"N6AMT1"	"N6AMT1"	chr21	-	28872190	28876491	28872190	28872739	28876311	28876491	4663	220,248,147	0,1,0	378,228,397	6,2,2	3671	99	4.72841901579e-05	0.000954565916226	1.0,0.87,1.0	0.629,0.755,0.843	0.214
6563	"CENPT"	"CENPT"	chr16	-	67829764	67830548	67829764	67830088	67830389	67830548	6563	44,46,35	26,33,18	114,49,109	18,17,23	400	99	5.09748869179e-05	0.00102341888351	0.295,0.257,0.325	0.611,0.416,0.54	-0.23
3269	"ERCC2"	"ERCC2"	chr19	-	45368929	45369147	45368929	45368992	45369069	45369147	3269	0,0,2	30,28,35	4,2,7	21,18,22	176	99	5.28813232202e-05	0.00105589265053	0.0,0.0,0.031	0.097,0.059,0.152	-0.092
4815	"SIRT7"	"SIRT7"	chr17	-	81914293	81915512	81914293	81914702	81915439	81915512	4815	44,42,16	37,38,23	47,25,58	120,57,106	836	99	5.43051554389e-05	0.00107842955421	0.123,0.116,0.076	0.044,0.049,0.061	0.054
1885	"C15orf52"	"C15orf52"	chr15	-	40338747	40339619	40338747	40338903	40339511	40339619	1885	66,121,66	82,117,53	83,53,80	190,71,137	707	99	5.92913816267e-05	0.00117108491062	0.101,0.126,0.148	0.058,0.095,0.076	0.049
4686	"RPL28"	"RPL28"	chr19	+	55386569	55388048	55386569	55386674	55387929	55388048	4686	538,572,341	0,0,0	552,296,495	30,0,0	1354	99	6.11410129722e-05	0.00120112506129	1.0,1.0,1.0	0.574,1.0,1.0	0.142
5891	"MICAL1"	"MICAL1"	chr6	-	109446135	109446772	109446135	109446412	109446695	109446772	5891	11,13,5	22,28,20	2,3,0	24,13,20	382	99	6.15767993647e-05	0.00120321724534	0.115,0.107,0.061	0.021,0.056,0.0	0.069
1573	"HAX1"	"HAX1"	chr1	+	154274949	154275260	154274949	154275001	154275077	154275260	1573	4,21,4	0,0,2	11,1,15	6,7,4	175	99	6.33185605036e-05	0.00122760717827	1.0,1.0,0.531	0.509,0.075,0.68	0.422
3597	"HNRNPH1"	"HNRNPH1"	chr5	-	179616125	179617110	179616125	179616218	179616868	179617110	3597	307,325,190	1275,1529,828	410,232,368	1202,635,1186	749	99	6.34969230141e-05	0.00122760717827	0.031,0.027,0.029	0.043,0.046,0.039	-0.014
3082	"CDK10"	"CDK10"	chr16	+	89693273	89694232	89693273	89693467	89694172	89694232	3082	219,199,114	89,104,67	302,176,267	83,35,88	804	99	6.3953593209e-05	0.00122992857677	0.233,0.191,0.173	0.309,0.382,0.272	-0.122
6778	"DCXR"	"DCXR"	chr17	-	82036858	82037547	82036858	82037013	82037449	82037547	6778	27,53,26	53,25,22	69,51,74	25,16,26	535	99	6.79160484818e-05	0.0012992944563	0.086,0.282,0.179	0.338,0.371,0.345	-0.169
4896	"ANO9"	"ANO9"	chr11	-	419581	420615	419581	419729	420462	420615	4896	34,46,30	5,5,5	61,21,50	2,0,1	832	99	6.88973954474e-05	0.00131120355711	0.447,0.523,0.417	0.784,1.0,0.856	-0.418
2137	"CLPP"	"CLPP"	chr19	+	6361868	6362542	6361868	6361940	6362445	6362542	2137	71,52,21	164,171,110	117,65,130	213,133,207	604	99	7.03487050381e-05	0.00133188688191	0.066,0.047,0.03	0.083,0.074,0.093	-0.036
117	"ZSCAN2"	"ZSCAN2"	chr15	+	84620601	84622714	84620601	84620772	84622645	84622714	117	61,75,42	1,0,0	158,96,125	3,0,4	1972	99	7.11944700482e-05	0.00134095151318	0.754,1.0,1.0	0.726,1.0,0.611	0.139
1699	"FAM57A"	"FAM57A"	chr17	+	732411	733181	732411	732769	733097	733181	1699	0,0,1	11,4,8	9,5,3	13,12,13	427	99	7.37670540901e-05	0.00138228110587	0.0,0.0,0.028	0.138,0.088,0.051	-0.083
5779	"TNNT2"	"TNNT2"	chr1	-	201372026	201372155	201372026	201372041	201372144	201372155	5779	1,0,4	0,1,0	0,1,0	6,3,1	202	99	7.43121539905e-05	0.00138539087082	1.0,0.0,1.0	0.0,0.14,0.0	0.62
3929	"BRAT1"	"BRAT1"	chr7	-	2542119	2543962	2542119	2542211	2543203	2543962	3929	19,21,17	90,90,43	22,10,28	256,116,230	1091	99	7.7056627381e-05	0.00142926353528	0.019,0.021,0.035	0.008,0.008,0.011	0.016
5808	"AACS"	"AACS"	chr12	+	125124704	125125024	125124704	125124769	125124901	125125024	5808	5,3,6	104,99,54	6,9,8	38,19,40	231	99	7.91633895024e-05	0.00146092436991	0.02,0.013,0.045	0.063,0.169,0.079	-0.078
5325	"HNRNPM"	"HNRNPM"	chr19	+	8465323	8465515	8465323	8465362	8465479	8465515	5325	447,451,236	265,292,131	338,195,308	116,77,128	216	99	8.91618533206e-05	0.00163717292479	0.436,0.414,0.452	0.572,0.537,0.524	-0.11
766	"DPH7"	"DPH7"	chr9	-	137564892	137565154	137564892	137564958	137565084	137565154	766	7,9,1	37,37,21	44,27,34	101,39,78	225	99	9.06254739375e-05	0.00164748995904	0.077,0.097,0.021	0.161,0.233,0.161	-0.12
1077	"KRT15"	"KRT15"	chr17	-	41516807	41517165	41516807	41516964	41517082	41517165	1077	49,44,21	285,269,151	43,19,41	116,64,140	217	99	9.0361872765e-05	0.00164748995904	0.073,0.069,0.06	0.145,0.119,0.118	-0.06
3935	"CREBZF"	"CREBZF"	chr11	-	85663523	85665102	85663523	85663601	85663814	85665102	3935	121,133,70	32,35,18	334,229,366	46,36,36	312	99	9.38572418544e-05	0.00169779386998	0.545,0.547,0.552	0.697,0.669,0.763	-0.162
4759	"MAPKBP1"	"MAPKBP1"	chr15	+	41819245	41819650	41819245	41819379	41819594	41819650	4759	0,2,1	6,6,8	2,9,11	8,4,9	314	99	9.55499193551e-05	0.00171989854839	0.0,0.095,0.038	0.073,0.415,0.278	-0.211
1353	"COPS6"	"COPS6"	chr7	+	100090591	100091152	100090591	100090654	100091037	100091152	1353	5,13,5	0,0,1	9,7,7	2,2,1	482	99	9.89667884185e-05	0.00175545944117	1.0,1.0,0.507	0.48,0.418,0.59	0.34
5326	"DPM2"	"DPM2"	chr9	-	127936552	127937523	127936552	127936655	127937433	127937523	5326	179,205,115	83,146,59	529,246,569	203,101,164	877	99	9.87897869398e-05	0.00175545944117	0.196,0.137,0.18	0.227,0.216,0.281	-0.07
5561	"SLC38A7"	"SLC38A7"	chr16	-	58675939	58676346	58675939	58676022	58676288	58676346	5561	17,14,8	0,1,0	40,20,26	6,1,1	365	99	9.85458523444e-05	0.00175545944117	1.0,0.792,1.0	0.644,0.844,0.876	0.143
4385	"CCS"	"CCS"	chr11	+	66599115	66599636	66599115	66599253	66599458	66599636	4385	23,25,10	50,42,23	40,34,56	39,13,44	304	99	0.000101355733028	0.00178914902649	0.13,0.162,0.124	0.25,0.46,0.293	-0.196
1967	"PINK1"	"PINK1"	chr1	+	20648504	20649231	20648504	20648632	20648994	20649231	1967	52,51,24	135,160,82	18,10,22	137,77,98	461	99	0.000108414978778	0.00190455929065	0.076,0.064,0.059	0.027,0.027,0.046	0.033
4814	"SIRT7"	"SIRT7"	chr17	-	81914293	81915512	81914293	81914530	81915439	81915512	4814	50,57,20	2,3,2	68,32,67	23,17,10	1008	99	0.000109656760538	0.00191344839009	0.711,0.651,0.495	0.225,0.156,0.397	0.36
6624	"TBC1D10A"	"TBC1D10A"	chr22	-	30293650	30294110	30293650	30293805	30293920	30294110	6624	4,4,5	16,44,28	0,0,0	37,38,55	214	99	0.000109968298281	0.00191344839009	0.104,0.04,0.076	0.0,0.0,0.0	0.073
4419	"NELFCD"	"NELFCD"	chr20	+	58994641	58995133	58994641	58994824	58994925	58995133	4419	285,392,183	6,5,2	447,266,517	14,16,23	200	99	0.000111305121155	0.00192753039194	0.959,0.975,0.978	0.94,0.892,0.918	0.054
3601	"HNRNPH1"	"HNRNPH1"	chr5	-	179617798	179618060	179617798	179617932	179617988	179618060	3601	96,111,95	1336,1506,852	60,45,75	1383,738,1434	155	99	0.000113316270958	0.00195310214189	0.044,0.045,0.066	0.027,0.037,0.032	0.02
4848	"ZBTB21"	"ZBTB21"	chr21	-	41986830	41994108	41986830	41991889	41992492	41994108	4848	320,408,218	12,24,10	512,258,445	49,24,49	702	99	0.000114445021369	0.00196329628208	0.79,0.706,0.755	0.596,0.603,0.562	0.163
4840	"MAGIX"	"MAGIX"	chrX	+	49164706	49165090	49164706	49164789	49164907	49165090	4840	2,2,2	1,1,2	2,1,2	1,0,0	217	99	0.000118215864908	0.00201850827277	0.477,0.477,0.313	0.477,1.0,1.0	-0.403
2933	"NSUN5"	"NSUN5"	chr7	-	73303229	73303740	73303229	73303529	73303599	73303740	2933	27,22,16	52,64,40	23,9,25	122,79,120	169	99	0.000120248742977	0.00204366933413	0.233,0.168,0.19	0.099,0.063,0.109	0.107
1273	"ILK"	"ILK"	chr11	+	6608883	6609408	6608883	6608967	6609298	6609408	1273	13,18,5	0,0,0	21,16,19	4,1,1	430	99	0.000126641195314	0.0021423468874	1.0,1.0,1.0	0.547,0.786,0.814	0.284
2238	"ATXN2L"	"ATXN2L"	chr16	+	28835932	28836485	28835932	28836122	28836448	28836485	2238	138,180,82	26,35,18	204,128,210	20,11,18	425	99	0.000129587633773	0.00218208854289	0.553,0.545,0.515	0.704,0.731,0.731	-0.184
2212	"GAS5"	"GAS5"	chr1	-	173864256	173864506	173864256	173864304	173864483	173864506	2212	136,166,77	604,751,455	107,66,90	861,466,688	278	99	0.00013402876319	0.00224651881053	0.074,0.073,0.057	0.042,0.048,0.045	0.023
4786	"NONO"	"NONO"	chrX	+	71297835	71298508	71297835	71297938	71298468	71298508	4786	87,92,31	481,530,298	75,50,77	268,206,281	629	99	0.000142777061565	0.00238222549296	0.028,0.027,0.016	0.042,0.037,0.041	-0.016
3393	"SPSB3"	"SPSB3"	chr16	-	1778133	1778612	1778133	1778321	1778434	1778612	3393	26,39,10	15,38,23	29,12,21	83,37,92	212	99	0.000144541530664	0.00240070342294	0.447,0.324,0.169	0.14,0.132,0.096	0.191
1040	"ARHGEF16"	"ARHGEF16"	chr1	+	3477874	3478612	3477874	3478026	3478423	3478612	1040	20,26,10	72,79,56	51,37,27	79,43,78	496	99	0.000152564219877	0.00252248714674	0.053,0.062,0.034	0.114,0.147,0.065	-0.059
1038	"TGFBI"	"TGFBI"	chr5	+	136046334	136047015	136046334	136046495	136046850	136047015	1038	4,1,3	0,2,0	1,1,0	4,2,5	454	99	0.000158705373487	0.00261220466091	1.0,0.098,1.0	0.052,0.098,0.0	0.649
4266	"GORASP1"	"GORASP1"	chr3	-	39100304	39100877	39100304	39100503	39100787	39100877	4266	28,37,10	0,0,1	48,24,63	3,3,4	383	99	0.000166222781691	0.00271150912633	1.0,1.0,0.721	0.805,0.674,0.803	0.146
5501	"PCDHA13"	"PCDHA13"	chr5	+	141009626	141012344	141009626	141009728	141010165	141012344	5501	21,23,12	0,0,0	11,0,19	3,1,1	536	99	0.000166156485697	0.00271150912633	1.0,1.0,1.0	0.404,0.0,0.778	0.606
1476	"ZMYM5"	"ZMYM5"	chr13	-	19851354	19852190	19851354	19851448	19851688	19852190	1476	3,6,8	22,35,16	2,4,4	109,36,78	339	99	0.000170707519228	0.00276002334185	0.038,0.048,0.127	0.005,0.031,0.015	0.054
4764	"PPP1R16A"	"PPP1R16A"	chr8	+	144500266	144500612	144500266	144500391	144500486	144500612	4764	4,2,2	45,13,16	21,10,11	34,31,41	194	99	0.000170092941873	0.00276002334185	0.043,0.073,0.06	0.24,0.141,0.12	-0.108
387	"PRPF40B"	"PRPF40B"	chr12	+	49642234	49642675	49642234	49642372	49642579	49642675	387	10,3,3	14,17,10	11,6,11	3,5,4	306	99	0.000172785143148	0.00278130798706	0.188,0.054,0.088	0.543,0.28,0.471	-0.321
3903	"ACAD8"	"ACAD8"	chr11	+	134259607	134261179	134259607	134259745	134261043	134261179	3903	63,66,28	64,58,51	103,52,106	60,38,55	1397	99	0.000177406059989	0.00284316554035	0.065,0.075,0.037	0.108,0.088,0.12	-0.046
634	"UCK1"	"UCK1"	chr9	-	131528943	131529270	131528943	131529038	131529127	131529270	634	4,7,1	76,111,65	16,10,26	129,103,148	188	99	0.000186357360758	0.00297357989611	0.027,0.032,0.008	0.061,0.049,0.085	-0.043
1097	"LRRC75A-AS1"	"LRRC75A-AS1"	chr17	+	16439326	16439703	16439326	16439414	16439580	16439703	1097	433,533,319	534,655,399	619,317,597	1125,614,954	265	99	0.000188182701366	0.00298965039475	0.232,0.233,0.23	0.171,0.162,0.189	0.058
490	"RPAIN"	"RPAIN"	chr17	+	5425970	5428211	5425970	5426299	5428070	5428211	490	28,27,22	14,33,25	61,35,53	23,11,24	1870	99	0.000190535489711	0.00300371712505	0.096,0.042,0.045	0.123,0.144,0.105	-0.063
4068	"BECN1"	"BECN1"	chr17	-	42818786	42819609	42818786	42818877	42819547	42819609	4068	30,44,14	94,101,37	94,49,65	126,54,113	769	99	0.000190712198416	0.00300371712505	0.039,0.053,0.046	0.088,0.105,0.069	-0.041
3033	"CPSF3L"	"CPSF3L"	chr1	-	1312592	1313124	1312592	1312949	1313034	1313124	3033	29,39,13	193,239,129	21,14,18	320,164,300	184	99	0.00019204362348	0.00301170558024	0.075,0.081,0.051	0.034,0.044,0.031	0.033
4250	"TKFC"	"TKFC"	chr11	+	61333548	61334731	61333548	61333650	61334619	61334731	4250	124,138,57	2,4,1	195,120,164	12,17,12	1068	99	0.000197250755068	0.00308014640606	0.852,0.762,0.841	0.601,0.396,0.559	0.3
5294	"NUDT17"	"NUDT17"	chr1	+	145846432	145846690	145846432	145846458	145846597	145846690	5294	9,7,2	1,0,0	8,2,15	3,0,3	238	99	0.000217397064607	0.00338029308117	0.789,1.0,1.0	0.526,1.0,0.675	0.196
2818	"RPL13A"	"RPL13A"	chr19	+	49489849	49490297	49489849	49489912	49490231	49490297	2818	66,76,37	255,337,208	54,29,64	452,236,446	418	99	0.000219437892372	0.00339756804545	0.058,0.051,0.04	0.028,0.028,0.033	0.02
5105	"STAT2"	"STAT2"	chr12	-	56354777	56355351	56354777	56354863	56355275	56355351	5105	4,6,5	25,42,16	12,8,12	25,6,17	511	99	0.000237489871749	0.00366155270621	0.03,0.027,0.057	0.085,0.205,0.12	-0.099
842	"ADD1"	"ADD1"	chr4	+	2908514	2909431	2908514	2908604	2909338	2909431	842	1,1,1	6,8,6	6,6,3	4,3,7	833	99	0.000261587021338	0.00401613015113	0.019,0.015,0.019	0.151,0.192,0.048	-0.113
6738	"NECAB3"	"NECAB3"	chr20	-	33659884	33660395	33659884	33660058	33660258	33660395	6738	19,9,3	1,0,0	18,10,25	3,2,2	299	99	0.000267405828732	0.00408828827693	0.863,1.0,1.0	0.665,0.623,0.805	0.257
3850	"AMBRA1"	"AMBRA1"	chr11	-	46541944	46543398	46541944	46542981	46543251	46543398	3850	37,32,17	23,19,17	50,25,48	84,41,73	369	99	0.000273684747693	0.00416685028363	0.301,0.311,0.212	0.138,0.141,0.15	0.132
4716	"IZUMO4"	"IZUMO4"	chr19	+	2097251	2097495	2097251	2097332	2097423	2097495	4716	3,2,1	1,3,1	0,0,0	2,1,6	190	99	0.000295131312041	0.00445623890164	0.61,0.258,0.343	0.0,0.0,0.0	0.404
4812	"SIRT7"	"SIRT7"	chr17	-	81913773	81914167	81913773	81913880	81914086	81914167	4812	5,18,2	52,47,40	5,4,5	112,56,117	305	99	0.000294370700985	0.00445623890164	0.03,0.111,0.016	0.014,0.023,0.014	0.035
4015	"LINC01515"	"LINC01515"	chr10	+	65585484	65585802	65585484	65585567	65585664	65585802	4015	0,1,0	4,8,2	2,1,4	4,2,1	196	99	0.000296755247863	0.00446231965305	0.0,0.059,0.0	0.202,0.202,0.669	-0.338
4886	"FGD2"	"FGD2"	chr6	+	37022238	37025938	37022238	37022370	37025791	37025938	4886	5,4,0	5,7,2	14,6,15	6,1,1	3520	99	0.000308220226255	0.00461572420793	0.027,0.016,0.0	0.062,0.144,0.297	-0.153
4929	"CD22"	"CD22"	chr19	+	35332018	35332924	35332018	35332074	35332552	35332924	4929	0,3,3	2,1,0	2,3,2	1,0,0	577	99	0.000313070219975	0.00466921870934	0.0,0.34,1.0	0.255,1.0,1.0	-0.305
3080	"CDK10"	"CDK10"	chr16	+	89693273	89693467	89693273	89693326	89693397	89693467	3080	55,53,31	62,58,53	75,52,94	44,32,69	170	99	0.000321561994965	0.00477637207155	0.341,0.347,0.254	0.498,0.486,0.442	-0.161
3722	"GMPPA"	"GMPPA"	chr2	+	219505457	219505761	219505457	219505555	219505714	219505761	3722	20,34,9	78,75,49	50,24,62	83,54,79	258	99	0.000326521974539	0.00483041010107	0.09,0.148,0.066	0.188,0.146,0.231	-0.087
673	"KDM3B"	"KDM3B"	chr5	+	138386021	138386621	138386021	138386190	138386288	138386621	673	109,139,82	0,0,0	217,123,198	8,3,4	197	99	0.000329514074872	0.00485501786122	1.0,1.0,1.0	0.932,0.954,0.961	0.051
