"ID"	"GeneID"	"geneSymbol"	"chr"	"strand"	"exonStart_0base"	"exonEnd"	"upstreamES"	"upstreamEE"	"downstreamES"	"downstreamEE"	"ID.1"	"IJC_SAMPLE_1"	"SJC_SAMPLE_1"	"IJC_SAMPLE_2"	"SJC_SAMPLE_2"	"IncFormLen"	"SkipFormLen"	"PValue"	"FDR"	"IncLevel1"	"IncLevel2"	"IncLevelDifference"
61033	"FDPS"	"FDPS"	chr1	+	155310042	155310205	155308793	155308965	155312254	155312395	61033	1731,2105,1102	20,23,14	1695,1325,1180	61,64,52	198	99	2.33146835171e-15	1.90069071593e-11	0.977,0.979,0.975	0.933,0.912,0.919	0.056
67462	"XIAP"	"XIAP"	chrX	+	123860166	123860293	123859723	123859905	123888618	123888718	67462	0,1,1	3,4,1	9,2,1	0,0,0	198	99	3.21964677141e-15	2.24979717395e-11	0.0,0.111,0.333	1.0,1.0,1.0	-0.852
20603	"TCEA1"	"TCEA1"	chr8	-	54021525	54021586	54010429	54010492	54022062	54022310	20603	2,1,2	2,60,1	3,3,4	0,0,0	159	99	6.43929354283e-15	3.49968449282e-11	0.384,0.01,0.555	1.0,1.0,1.0	-0.684
61037	"FDPS"	"FDPS"	chr1	+	155310063	155310205	155308754	155308965	155312254	155312395	61037	1612,1986,1095	20,23,14	1661,1285,1128	61,64,52	198	99	5.88418203051e-15	3.49968449282e-11	0.976,0.977,0.975	0.932,0.909,0.916	0.057
71010	"AKR1C2"	"AKR1C2"	chr10	-	5003751	5004014	5001513	5001681	5010343	5010653	71010	5066,6254,3482	84,71,57	4329,3138,2744	15,9,15	198	99	2.52131648892e-13	1.23327674739e-09	0.968,0.978,0.968	0.993,0.994,0.989	-0.021
17271	"HMGCR"	"HMGCR"	chr5	+	75355055	75355214	75354502	75354697	75355364	75355522	17271	379,453,261	6,4,6	264,216,164	33,19,11	198	99	3.46278561381e-13	1.53980632285e-09	0.969,0.983,0.956	0.8,0.85,0.882	0.125
37227	"NQO2"	"NQO2"	chr6	+	3004494	3004651	2993930	2994053	3006467	3006559	37227	19,10,5	0,0,0	1,2,7	5,6,2	198	99	4.47886172594e-12	1.82565868719e-08	1.0,1.0,1.0	0.091,0.143,0.636	0.71
15771	"APOLD1"	"APOLD1"	chr12	+	12726296	12726373	12725916	12726096	12812260	12812440	15771	6,3,2	0,0,0	1,1,2	3,3,2	175	99	7.90034704323e-12	2.97259673287e-08	1.0,1.0,1.0	0.159,0.159,0.361	0.774
61961	"SORBS2"	"SORBS2"	chr4	-	185690561	185690611	185678795	185678822	185775226	185775288	61961	2,1,1	0,0,0	0,2,1	1,6,1	148	99	1.99895655584e-11	6.98406864088e-08	1.0,1.0,1.0	0.0,0.182,0.401	0.806
63700	"TMBIM6"	"TMBIM6"	chr12	+	49744412	49744542	49743416	49743565	49752463	49752549	63700	9,3,13	0,0,0	1,5,1	7,1,4	198	99	2.77311507091e-11	9.0429433719e-08	1.0,1.0,1.0	0.067,0.714,0.111	0.703
70370	"ING4"	"ING4"	chr12	-	6655637	6655913	6653229	6653396	6656726	6656798	70370	17,25,7	35,34,22	1,2,2	40,30,39	198	99	5.06662489741e-11	1.54893056395e-07	0.195,0.269,0.137	0.012,0.032,0.025	0.177
62881	"RBPJ"	"RBPJ"	chr4	+	26362445	26362628	26320786	26320815	26386352	26386391	62881	29,42,19	13,6,7	33,24,34	0,0,0	198	99	7.59375895498e-11	2.1849477972e-07	0.527,0.778,0.576	1.0,1.0,1.0	-0.373
56444	"LYPD6B"	"LYPD6B"	chr2	+	149119102	149119163	149038717	149038801	149160763	149160835	56444	1,1,1	0,0,0	2,4,1	3,3,3	159	99	8.74958994146e-11	2.37765245776e-07	1.0,1.0,1.0	0.293,0.454,0.172	0.694
5396	"REXO2"	"REXO2"	chr11	+	114445978	114446087	114439510	114439675	114449845	114449917	5396	2,9,1	0,0,0	1,5,1	4,2,2	198	99	1.81793358145e-10	4.68012648437e-07	1.0,1.0,1.0	0.111,0.556,0.2	0.711
42646	"MID1"	"MID1"	chrX	-	10566887	10567603	10523091	10523187	10620289	10620419	42646	49,83,41	0,2,0	40,24,28	8,5,8	198	99	3.32196159469e-10	8.12452147213e-07	1.0,0.954,1.0	0.714,0.706,0.636	0.299
61767	"ALDOA"	"ALDOA"	chr16	+	30065875	30065927	30064423	30064505	30067233	30067366	61767	1047,1156,642	301,346,178	1289,887,776	661,503,386	150	99	5.14044584676e-10	1.19733222928e-06	0.697,0.688,0.704	0.563,0.538,0.57	0.139
4921	"RHBDD1"	"RHBDD1"	chr2	+	226838072	226838154	226837523	226837838	226839408	226839627	4921	8,7,3	7,10,1	1,3,3	0,0,0	180	99	8.95693630376e-10	1.9914526471e-06	0.386,0.278,0.623	1.0,1.0,1.0	-0.571
59202	"FGD3"	"FGD3"	chr9	+	93029873	93029996	93022326	93022389	93032768	93032873	59202	8,11,5	8,5,3	4,2,3	0,0,0	198	99	1.0854920296e-09	2.30851117982e-06	0.333,0.524,0.455	1.0,1.0,1.0	-0.563
50949	"MAGI1"	"MAGI1"	chr3	-	65448021	65448057	65442791	65442849	65453257	65453340	50949	11,12,10	24,19,5	1,0,0	16,17,10	134	99	1.94043026092e-09	3.95475857428e-06	0.253,0.318,0.596	0.044,0.0,0.0	0.374
33617	"ACKR2"	"ACKR2"	chr3	+	42839093	42839279	42809475	42809532	42851295	42851454	33617	7,5,3	0,0,0	4,7,3	2,4,3	198	99	2.1372031922e-09	4.16095994978e-06	1.0,1.0,1.0	0.5,0.467,0.333	0.567
64003	"PPIA"	"PPIA"	chr7	+	44798747	44798904	44796680	44796793	44799246	44799277	64003	646,822,471	6909,7942,4421	907,652,572	15960,11126,9066	198	99	2.21173812598e-09	4.16095994978e-06	0.045,0.049,0.051	0.028,0.028,0.031	0.019
1518	"TPD52L1"	"TPD52L1"	chr6	+	125253716	125253755	125248281	125248383	125262833	125263497	1518	344,388,192	637,614,427	440,294,248	1372,1088,801	137	99	2.36202413184e-09	4.21893253835e-06	0.281,0.313,0.245	0.188,0.163,0.183	0.102
15719	"CRAT"	"CRAT"	chr9	-	129109178	129109277	129107813	129108077	129110482	129110769	15719	17,19,5	15,19,7	3,6,4	0,0,0	197	99	2.41505726528e-09	4.21893253835e-06	0.363,0.334,0.264	1.0,1.0,1.0	-0.68
22070	"P2RY6"	"P2RY6"	chr11	+	73295729	73295815	73271521	73272466	73296484	73296540	22070	4,6,7	0,0,0	22,15,8	10,15,7	184	99	3.56980900396e-09	6.02115991792e-06	1.0,1.0,1.0	0.542,0.35,0.381	0.576
70095	"ZCWPW1"	"ZCWPW1"	chr7	-	100402515	100402576	100400854	100401336	100403693	100403785	70095	5,3,3	2,1,1	0,0,0	4,2,3	159	99	3.98056565487e-09	6.49017961474e-06	0.609,0.651,0.651	0.0,0.0,0.0	0.637
68406	"LAS1L"	"LAS1L"	chrX	-	65533609	65533735	65532560	65532630	65534479	65534754	68406	147,166,73	2,5,0	112,74,81	17,11,8	198	99	4.65366167823e-09	7.34287765577e-06	0.974,0.943,1.0	0.767,0.771,0.835	0.181
65444	"CANT1"	"CANT1"	chr17	-	79005371	79005481	79000099	79000270	79008062	79008171	65444	2,0,1	7,4,0	1,5,3	0,0,0	198	99	5.30387678221e-09	8.10730715391e-06	0.125,0.0,1.0	1.0,1.0,1.0	-0.625
18128	"FAM210A"	"FAM210A"	chr18	-	13671861	13671973	13663346	13666713	13681604	13682105	18128	111,103,74	0,1,1	142,89,77	16,8,5	198	99	6.65261523647e-09	9.86078853566e-06	1.0,0.981,0.974	0.816,0.848,0.885	0.135
64002	"PPIA"	"PPIA"	chr7	+	44798747	44798814	44796680	44796793	44799246	44799277	64002	420,512,307	6909,7942,4421	580,425,361	15960,11126,9066	165	99	8.03402100402e-09	1.1558120688e-05	0.035,0.037,0.04	0.021,0.022,0.023	0.015
2672	"MYL6"	"MYL6"	chr12	+	56160625	56160670	56160242	56160320	56161386	56161550	2672	232,290,175	564,690,384	403,238,242	511,310,312	143	99	8.45705205865e-09	1.18190926971e-05	0.222,0.225,0.24	0.353,0.347,0.349	-0.121
17513	"SNX14"	"SNX14"	chr6	-	85538837	85538864	85536791	85536924	85541984	85542043	17513	121,127,109	97,115,58	89,57,56	178,120,92	125	99	8.81461603708e-09	1.19766146899e-05	0.497,0.467,0.598	0.284,0.273,0.325	0.227
31002	"CLSTN1"	"CLSTN1"	chr1	-	9737497	9737554	9735884	9736042	9741093	9741256	31002	74,116,36	230,258,151	204,145,113	277,179,171	155	99	9.95424020989e-09	1.31595055575e-05	0.17,0.223,0.132	0.32,0.341,0.297	-0.144
6490	"GOLGB1"	"GOLGB1"	chr3	-	121668313	121668508	121668060	121668158	121669196	121669355	6490	0,1,0	7,11,4	8,7,6	9,4,2	198	99	1.06956539181e-08	1.37675583092e-05	0.0,0.043,0.0	0.308,0.467,0.6	-0.444
29184	"VAPB"	"VAPB"	chr20	+	58434601	58434705	58418210	58418363	58438944	58439025	29184	226,279,160	13,19,5	188,132,138	1,1,0	198	99	1.24497172571e-08	1.56144992286e-05	0.897,0.88,0.941	0.989,0.985,1.0	-0.085
29878	"AC005154.6"	"AC005154.6"	chr7	-	30579005	30579128	30577903	30578091	30579230	30579314	29878	3,3,3	0,0,0	5,1,2	2,4,1	198	99	1.55302829485e-08	1.89912065036e-05	1.0,1.0,1.0	0.556,0.111,0.5	0.611
22117	"TUBD1"	"TUBD1"	chr17	-	59874538	59874703	59863663	59863847	59878102	59878334	22117	9,14,4	5,4,1	13,4,5	0,0,0	198	99	2.08346350172e-08	2.48562277373e-05	0.474,0.636,0.667	1.0,1.0,1.0	-0.408
10248	"AGTRAP"	"AGTRAP"	chr1	+	11748414	11748610	11747439	11747545	11750076	11750125	10248	177,207,84	7,0,0	494,318,261	36,23,25	198	99	2.18534605967e-08	2.54509564673e-05	0.927,1.0,1.0	0.873,0.874,0.839	0.114
10247	"AGTRAP"	"AGTRAP"	chr1	+	11748414	11748589	11747439	11747545	11750076	11750409	10247	142,167,69	7,0,0	401,248,212	36,23,25	198	99	3.08067714672e-08	3.50437771988e-05	0.91,1.0,1.0	0.848,0.844,0.809	0.136
26783	"SORBS1"	"SORBS1"	chr10	-	95414493	95414862	95410632	95410777	95415468	95416185	26783	24,12,10	7,2,5	7,6,6	0,0,0	198	99	4.26393318431e-08	4.74013699494e-05	0.632,0.75,0.5	1.0,1.0,1.0	-0.373
65861	"ECT2"	"ECT2"	chr3	+	172755482	172755575	172755294	172755374	172756982	172757009	65861	89,83,56	96,116,59	155,96,102	89,45,52	191	99	6.22098947911e-08	6.76207731958e-05	0.325,0.271,0.33	0.474,0.525,0.504	-0.192
51653	"DFNB31"	"DFNB31"	chr9	-	114423313	114423523	114407946	114408018	114424333	114424546	51653	5,13,4	0,0,0	8,8,10	4,3,2	198	99	7.19627692991e-08	7.65214542934e-05	1.0,1.0,1.0	0.5,0.571,0.714	0.405
22116	"TUBD1"	"TUBD1"	chr17	-	59866608	59866749	59863663	59863847	59878102	59878334	22116	13,12,9	5,4,1	12,10,6	0,0,0	198	99	8.8592864933e-08	9.22006679858e-05	0.565,0.6,0.818	1.0,1.0,1.0	-0.339
40006	"THAP9-AS1"	"THAP9-AS1"	chr4	-	82897988	82898062	82895690	82895774	82900076	82900223	40006	118,128,78	6,3,2	108,109,63	15,16,17	172	99	1.41540107412e-07	0.000141291690081	0.919,0.961,0.957	0.806,0.797,0.681	0.184
60912	"MBNL1"	"MBNL1"	chr3	+	152455541	152455577	152447619	152447773	152456266	152456361	60912	149,153,94	69,84,46	102,78,57	111,74,74	134	99	1.40471895671e-07	0.000141291690081	0.615,0.574,0.602	0.404,0.438,0.363	0.195
58441	"AURKB"	"AURKB"	chr17	-	8210176	8210225	8207737	8207840	8210529	8210584	58441	48,72,34	8,12,10	47,36,37	33,31,24	147	99	1.53369049349e-07	0.000150037873597	0.802,0.802,0.696	0.49,0.439,0.509	0.287
15488	"NPM2"	"NPM2"	chr8	+	22024723	22025306	22024124	22024257	22025435	22025521	15488	14,7,4	3,2,3	12,7,3	0,0,0	198	99	1.69217854173e-07	0.000158725524981	0.7,0.636,0.4	1.0,1.0,1.0	-0.421
34772	"SEPT6"	"SEPT6"	chrX	-	119625334	119625379	119615723	119616742	119629317	119629508	34772	14,14,13	2,0,0	18,9,7	12,4,4	143	99	1.71984561148e-07	0.000158725524981	0.829,1.0,1.0	0.509,0.609,0.548	0.388
54332	"DGCR5"	"DGCR5"	chr22	+	18987756	18987900	18970513	18970658	18990719	18990883	54332	0,0,2	3,2,0	2,3,5	0,0,1	198	99	1.67853473121e-07	0.000158725524981	0.0,0.0,1.0	1.0,1.0,0.714	-0.571
9273	"SLCO4A1-AS1"	"SLCO4A1-AS1"	chr20	-	62665859	62666010	62664923	62665497	62666384	62666622	9273	15,15,8	10,1,3	3,3,1	0,0,0	198	99	1.84457221719e-07	0.000167084084133	0.429,0.882,0.571	1.0,1.0,1.0	-0.373
22772	"TAF1A"	"TAF1A"	chr1	-	222579758	222579825	222577444	222577643	222584127	222584297	22772	6,6,2	8,2,4	7,5,8	0,0,1	165	99	2.22223207613e-07	0.000197633199585	0.31,0.643,0.231	1.0,1.0,0.828	-0.548
21351	"LSR"	"LSR"	chr19	+	35262545	35262692	35258944	35259064	35266358	35266532	21351	606,623,387	269,278,175	885,667,478	619,494,390	198	99	2.31994785271e-07	0.000202639159406	0.53,0.528,0.525	0.417,0.403,0.38	0.128
43774	"ZNF772"	"ZNF772"	chr19	-	57475659	57475786	57473044	57474421	57476633	57476672	43774	3,3,4	1,0,0	0,2,0	1,1,2	198	99	2.63329226424e-07	0.00022597343476	0.6,1.0,1.0	0.0,0.5,0.0	0.7
36277	"RAP1A"	"RAP1A"	chr1	+	111627469	111627563	111619776	111619934	111691333	111691417	36277	19,19,12	0,0,0	22,17,15	16,0,6	192	99	3.03363179022e-07	0.000255839767908	1.0,1.0,1.0	0.415,1.0,0.563	0.341
1169	"ITGB1"	"ITGB1"	chr10	-	32933350	32933583	32932514	32932600	32935491	32935558	1169	26,23,26	246,265,136	10,18,4	343,293,200	198	99	3.21347521148e-07	0.000266266214237	0.05,0.042,0.087	0.014,0.03,0.01	0.042
58700	"ANXA2"	"ANXA2"	chr15	-	60397257	60397338	60393096	60393440	60397942	60397964	58700	206,301,156	13,26,9	283,171,208	61,23,44	179	99	3.26613502355e-07	0.000266266214237	0.898,0.865,0.906	0.72,0.804,0.723	0.141
60060	"MAGEA12"	"MAGEA12"	chrX	+	152735147	152735253	152733778	152733859	152736086	152737660	60060	45,68,46	5,9,50	43,28,30	123,78,98	198	99	3.41693930261e-07	0.000273993719751	0.818,0.791,0.315	0.149,0.152,0.133	0.497
59002	"KMT2C"	"KMT2C"	chr7	-	152220522	152220735	152207299	152207428	152435625	152436005	59002	22,15,9	0,0,0	11,9,8	3,4,1	198	99	3.86817529896e-07	0.000305174075118	1.0,1.0,1.0	0.647,0.529,0.8	0.341
41020	"C12orf4"	"C12orf4"	chr12	-	4517060	4517189	4505305	4505380	4518057	4518255	41020	47,54,22	0,0,0	53,34,42	4,4,6	198	99	4.16671064096e-07	0.000315761510529	1.0,1.0,1.0	0.869,0.81,0.778	0.181
45041	"TRA2A"	"TRA2A"	chr7	-	23522353	23522432	23521706	23521840	23531788	23532023	45041	14,18,9	71,99,43	48,30,31	102,36,51	177	99	4.18535822888e-07	0.000315761510529	0.099,0.092,0.105	0.208,0.318,0.254	-0.161
47438	"AP2M1"	"AP2M1"	chr3	+	184180644	184180650	184180063	184180251	184180848	184180881	47438	295,577,154	156,197,89	1,360,2	194,141,148	104	99	4.19603757296e-07	0.000315761510529	0.643,0.736,0.622	0.005,0.708,0.013	0.425
22773	"TAF1A"	"TAF1A"	chr1	-	222579758	222579872	222577444	222577643	222584127	222584297	22773	18,18,6	8,2,4	24,14,19	0,0,1	198	99	4.59461812929e-07	0.000340516895721	0.529,0.818,0.429	1.0,1.0,0.905	-0.376
71418	"LINC01128"	"LINC01128"	chr1	+	849483	849602	847653	847806	851926	851987	71418	5,6,4	8,19,10	10,4,6	2,1,0	198	99	5.18283214013e-07	0.000378377688511	0.238,0.136,0.167	0.714,0.667,1.0	-0.613
71812	"RPS2"	"RPS2"	chr16	-	1964275	1964365	1962496	1963256	1964448	1964581	71812	1263,1192,725	8,2,10	927,752,578	22,27,3	188	99	5.3943621936e-07	0.000388029165203	0.988,0.997,0.974	0.957,0.936,0.99	0.025
1200	"THUMPD2"	"THUMPD2"	chr2	-	39768900	39769093	39768423	39768501	39771504	39771640	1200	1,0,0	0,3,1	4,1,2	0,0,0	198	99	5.49497533253e-07	0.00038953800495	1.0,0.0,0.0	1.0,1.0,1.0	-0.667
13736	"INTS12"	"INTS12"	chr4	-	105703647	105703809	105699849	105700014	105708637	105708659	13736	4,12,2	17,29,7	16,10,14	4,6,6	198	99	5.72230176243e-07	0.000391566823135	0.105,0.171,0.125	0.667,0.455,0.538	-0.42
51709	"ZNF639"	"ZNF639"	chr3	+	179329933	179330055	179329633	179329728	179332988	179333123	51709	1,1,1	45,45,24	12,4,7	31,26,34	198	99	5.6063952969e-07	0.000391566823135	0.011,0.011,0.02	0.162,0.071,0.093	-0.095
71811	"RPS2"	"RPS2"	chr16	-	1963652	1964365	1963148	1963256	1964448	1964631	71811	1248,1166,709	8,2,10	913,750,560	22,27,3	198	99	5.7637509232e-07	0.000391566823135	0.987,0.997,0.973	0.954,0.933,0.989	0.027
20315	"SIDT2"	"SIDT2"	chr11	+	117186989	117187001	117186583	117186636	117187377	117187449	20315	0,0,0	11,22,11	5,6,1	14,10,10	110	99	6.05397218467e-07	0.000400167561407	0.0,0.0,0.0	0.243,0.351,0.083	-0.226
43819	"IFI44"	"IFI44"	chr1	+	78662703	78662878	78659311	78659483	78663764	78663897	43819	1,1,1	0,0,0	9,6,1	2,3,2	198	99	6.05007287824e-07	0.000400167561407	1.0,1.0,1.0	0.692,0.5,0.2	0.536
37538	"EFCAB2"	"EFCAB2"	chr1	+	245002120	245002232	244969981	244970443	245059385	245059458	37538	5,10,9	0,0,0	13,11,11	6,0,8	198	99	6.20673316964e-07	0.00040479486168	1.0,1.0,1.0	0.52,1.0,0.407	0.358
8662	"WHSC1"	"WHSC1"	chr4	+	1893729	1893909	1892165	1892263	1900625	1900766	8662	0,1,0	1,0,3	4,4,4	0,0,1	198	99	6.2942167145e-07	0.000405099100491	0.0,1.0,0.0	1.0,1.0,0.667	-0.556
26597	"RBM23"	"RBM23"	chr14	-	22909482	22909595	22908332	22908380	22918998	22919138	26597	56,72,44	6,3,8	48,35,29	0,0,0	198	99	6.46128103243e-07	0.000410450779767	0.824,0.923,0.733	1.0,1.0,1.0	-0.173
13403	"DSN1"	"DSN1"	chr20	-	36770872	36770977	36767968	36768042	36771424	36771473	13403	21,24,14	8,1,3	23,8,5	0,0,0	198	99	7.40213421557e-07	0.000464189734642	0.568,0.923,0.7	1.0,1.0,1.0	-0.27
22775	"TAF1A"	"TAF1A"	chr1	-	222579758	222579890	222577444	222577643	222584127	222584297	22775	8,12,4	8,2,4	8,7,12	0,0,1	198	99	7.81839354147e-07	0.000484087217326	0.333,0.75,0.333	1.0,1.0,0.857	-0.48
