"ID"	"GeneID"	"geneSymbol"	"chr"	"strand"	"X1stExonStart_0base"	"X1stExonEnd"	"X2ndExonStart_0base"	"X2ndExonEnd"	"upstreamES"	"upstreamEE"	"downstreamES"	"downstreamEE"	"ID.1"	"IJC_SAMPLE_1"	"SJC_SAMPLE_1"	"IJC_SAMPLE_2"	"SJC_SAMPLE_2"	"IncFormLen"	"SkipFormLen"	"PValue"	"FDR"	"IncLevel1"	"IncLevel2"	"IncLevelDifference"
5880	"SENP3-EIF4A1"	"SENP3-EIF4A1"	chr17	+	7571372	7571479	7572283	7572864	7570882	7570933	7574259	7574308	5880	432,262,542	585,322,524	250,188,220	629,575,639	198	198	1.11022302463e-16	1.91698508919e-13	0.425,0.449,0.508	0.284,0.246,0.256	0.199
5157	"RPL13A"	"RPL13A"	chr19	+	49490231	49490297	49490474	49490576	49489849	49489912	49490778	49490864	5157	338,155,306	2840,1672,2711	122,101,129	3001,2105,2537	164	198	3.33066907388e-16	4.92939022934e-13	0.126,0.101,0.12	0.047,0.055,0.058	0.062
11518	"SUB1"	"SUB1"	chr5	+	32588511	32588584	32591562	32591685	32571090	32571174	32598960	32599069	11518	28,8,25	548,276,490	0,0,0	625,537,683	171	198	1.11022302463e-15	1.4377388169e-12	0.056,0.032,0.056	0.0,0.0,0.0	0.048
9919	"HMGN1"	"HMGN1"	chr21	-	39345829	39345958	39347378	39347483	39345145	39345274	39348291	39348339	9919	146,101,184	521,292,482	155,136,156	208,161,174	198	198	1.31006316906e-14	1.50802827016e-11	0.219,0.257,0.276	0.427,0.458,0.473	-0.202
11516	"SUB1"	"SUB1"	chr5	+	32536637	32536695	32591562	32591685	32531848	32531916	32598960	32599069	11516	19,8,30	550,276,490	1,1,0	625,537,683	156	198	1.78745906965e-14	1.85180759616e-11	0.042,0.035,0.072	0.002,0.002,0.0	0.048
9660	"SHMT2"	"SHMT2"	chr12	+	57230802	57231000	57231480	57231560	57230353	57230474	57231712	57231913	9660	121,77,119	514,253,456	14,9,10	207,143,151	198	178	2.975397706e-14	2.80228365765e-11	0.175,0.215,0.19	0.057,0.054,0.056	0.138
2060	"LRRC75A-AS1"	"LRRC75A-AS1"	chr17	+	16439580	16439703	16440184	16440253	16439326	16439414	16441073	16441130	2060	1125,614,954	2480,1489,2500	309,240,286	1448,1157,1435	198	167	5.65103519534e-14	4.87872705198e-11	0.277,0.258,0.243	0.153,0.149,0.144	0.111
11814	"DDX21"	"DDX21"	chr10	+	68959805	68960249	68962081	68962157	68956439	68956748	68963290	68963469	11814	60,29,54	1048,674,1087	7,10,5	806,598,702	198	174	7.22755189031e-14	5.75980289105e-11	0.048,0.036,0.042	0.008,0.014,0.006	0.033
11642	"CD44"	"CD44"	chr11	+	35208104	35208206	35209964	35210054	35198120	35198246	35211245	35211342	11642	6,7,10	575,401,682	89,48,85	1378,1019,1293	198	188	1.59872115546e-13	1.18305365504e-10	0.01,0.016,0.014	0.058,0.043,0.059	-0.04
3365	"SNHG1"	"SNHG1"	chr11	-	62853800	62853833	62854887	62854938	62853072	62853590	62855132	62855216	3365	156,92,155	424,255,354	50,38,46	307,261,350	149	131	1.76414438613e-13	1.21843572269e-10	0.244,0.241,0.278	0.125,0.113,0.104	0.14
3337	"SH3KBP1"	"SH3KBP1"	chrX	-	19645399	19645475	19683822	19684028	19631863	19631958	19695611	19695741	3337	209,163,203	211,116,204	85,74,101	239,158,216	198	174	9.49240686055e-13	6.14633344221e-10	0.465,0.553,0.467	0.238,0.292,0.291	0.221
4563	"CTNNA1"	"CTNNA1"	chr5	+	138783176	138783372	138824529	138824799	138781922	138782029	138827514	138827718	4563	190,99,222	217,115,228	45,18,34	114,122,131	198	198	2.11586304033e-12	1.28943182928e-09	0.467,0.463,0.493	0.283,0.129,0.206	0.268
2059	"LRRC75A-AS1"	"LRRC75A-AS1"	chr17	+	16439580	16439703	16440110	16440253	16439326	16439414	16441073	16441130	2059	1125,614,954	1028,678,1024	309,240,286	621,485,568	198	198	2.41018316416e-12	1.31872431103e-09	0.523,0.475,0.482	0.332,0.331,0.335	0.161
6870	"CTD-2410N18.4"	"CTD-2410N18.4"	chr5	-	134319357	134319497	134321790	134321903	134308137	134308466	134370997	134371043	6870	2,0,0	3,2,3	1,1,3	0,0,0	198	198	2.41850983684e-12	1.31872431103e-09	0.4,0.0,0.0	1.0,1.0,1.0	-0.867
3462	"LSR"	"LSR"	chr19	+	35258944	35259064	35262545	35262692	35250314	35250659	35266358	35266532	3462	934,571,913	587,287,588	1086,679,956	317,218,280	198	198	2.58360000061e-12	1.33830480032e-09	0.614,0.666,0.608	0.774,0.757,0.773	-0.139
9659	"SHMT2"	"SHMT2"	chr12	+	57230802	57231000	57231480	57231560	57230085	57230244	57231712	57231913	9659	439,204,418	512,253,455	31,57,51	208,143,151	198	178	2.88613577482e-12	1.35910757396e-09	0.435,0.42,0.452	0.118,0.264,0.233	0.231
11633	"CD44"	"CD44"	chr11	+	35198120	35198246	35208104	35208206	35189834	35190065	35209964	35210054	11633	385,242,401	682,452,681	464,407,438	1796,1331,1442	198	198	2.81430434512e-12	1.35910757396e-09	0.361,0.349,0.371	0.205,0.234,0.233	0.136
11643	"CD44"	"CD44"	chr11	+	35208104	35208206	35211245	35211449	35198120	35198246	35214851	35214914	11643	6,7,13	480,335,512	91,53,94	1177,914,1119	198	198	4.71367389565e-12	2.12320267648e-09	0.012,0.02,0.025	0.072,0.055,0.077	-0.049
9918	"HMGN1"	"HMGN1"	chr21	-	39345829	39345958	39347378	39347478	39345145	39345274	39348291	39348339	9918	113,72,145	521,292,482	117,83,131	208,161,174	198	198	2.4409585464e-11	1.0536804392e-08	0.178,0.198,0.231	0.36,0.34,0.43	-0.174
7794	"TIPIN"	"TIPIN"	chr15	-	66349314	66349437	66351524	66351600	66341149	66341356	66352128	66352207	7794	39,38,37	24,9,14	35,28,50	1,2,0	174	198	3.34104965916e-11	1.38453097876e-08	0.649,0.828,0.75	0.976,0.941,1.0	-0.23
581	"SETD6"	"SETD6"	chr16	+	58516807	58516928	58518050	58518231	58516201	58516343	58518400	58518543	581	55,18,38	209,116,172	1,9,7	115,115,136	198	198	5.62156987627e-11	2.23997938147e-08	0.208,0.134,0.181	0.009,0.073,0.049	0.131
10125	"MIR4435-2HG"	"MIR4435-2HG"	chr2	-	111233627	111233739	111248147	111248241	111207775	111208661	111344060	111344237	10125	65,46,76	44,23,35	30,19,16	2,1,0	192	198	7.14548420433e-11	2.74174875396e-08	0.604,0.673,0.691	0.939,0.951,1.0	-0.307
11636	"CD44"	"CD44"	chr11	+	35198120	35198246	35211245	35211449	35189834	35190065	35214851	35214914	11636	385,243,402	484,335,516	464,407,443	1180,918,1122	198	198	1.10248810081e-10	4.079205973e-08	0.443,0.42,0.438	0.282,0.307,0.283	0.143
580	"SETD6"	"SETD6"	chr16	+	58516807	58516928	58518180	58518231	58516201	58516343	58518400	58518467	580	55,18,38	125,73,84	1,9,7	68,71,83	198	149	1.34789401862e-10	4.81523518376e-08	0.249,0.157,0.254	0.011,0.087,0.06	0.167
5804	"UMPS"	"UMPS"	chr3	+	124737914	124738239	124740023	124740199	124735092	124735246	124742151	124742266	5804	30,9,19	206,127,208	1,0,0	76,87,91	198	198	1.89560811492e-10	6.54616669019e-08	0.127,0.066,0.084	0.013,0.0,0.0	0.088
10814	"HNRNPDL"	"HNRNPDL"	chr4	-	82426036	82426129	82426462	82426633	82425562	82425667	82427189	82427304	10814	420,257,426	116,76,91	552,441,527	60,58,54	198	191	3.94885901756e-10	1.31968320716e-07	0.777,0.765,0.819	0.899,0.88,0.904	-0.107
10813	"HNRNPDL"	"HNRNPDL"	chr4	-	82425562	82425667	82426036	82426129	82424628	82424883	82426462	82426633	10813	872,485,974	26,20,25	1293,945,1182	2,2,8	191	198	4.34598246279e-10	1.40701182233e-07	0.972,0.962,0.976	0.999,0.998,0.994	-0.027
3336	"SH3KBP1"	"SH3KBP1"	chrX	-	19631863	19631958	19645399	19645475	19607937	19608045	19683822	19684028	3336	141,90,180	191,105,189	83,60,63	213,150,192	174	193	4.99986274605e-10	1.56965388028e-07	0.45,0.487,0.514	0.302,0.307,0.267	0.192
5665	"UPP1"	"UPP1"	chr7	+	48099669	48099787	48101823	48101870	48094762	48094827	48106872	48107082	5665	256,149,250	88,44,94	134,135,155	21,14,14	198	145	5.48102452314e-10	1.67010041352e-07	0.681,0.713,0.661	0.824,0.876,0.89	-0.178
2436	"LSM14A"	"LSM14A"	chr19	+	34208928	34209051	34215123	34215300	34196633	34196763	34215595	34215661	2436	4,4,6	1,3,1	1,1,2	1,1,374	198	198	8.38266456249e-10	2.4812687105e-07	0.8,0.571,0.857	0.5,0.5,0.005	0.408
3119	"RAB5A"	"RAB5A"	chr3	+	19975600	19975752	19976046	19976169	19970547	19970717	19978309	19978403	3119	18,7,24	163,93,176	2,0,0	102,77,74	198	198	1.02839592397e-09	2.95949493676e-07	0.099,0.07,0.12	0.019,0.0,0.0	0.09
5343	"ANXA8"	"ANXA8"	chr10	-	47478532	47478627	47479797	47479888	47477080	47477194	47483912	47484016	5343	352,230,400	12,4,134	292,185,251	291,143,67	189	193	1.82312009933e-09	5.10473627812e-07	0.968,0.983,0.753	0.506,0.569,0.793	0.279
9475	"ANXA2"	"ANXA2"	chr15	-	60393037	60393440	60397257	60397338	60390212	60390317	60397942	60397974	9475	308,189,241	20,10,23	290,265,234	57,54,48	179	198	3.56469931351e-09	9.71849602315e-07	0.945,0.954,0.921	0.849,0.844,0.844	0.094
1865	"BIRC5"	"BIRC5"	chr17	+	78214679	78214789	78216663	78216781	78214262	78214427	78222827	78222992	1865	652,329,639	57,25,57	612,521,495	16,12,21	198	198	4.7760388977e-09	1.26871187129e-06	0.92,0.929,0.918	0.975,0.977,0.959	-0.048
11808	"MRPL48"	"MRPL48"	chr11	+	73825707	73825796	73844806	73844976	73808312	73808350	73863171	73863261	11808	197,125,203	38,13,26	182,136,159	0,4,12	187	198	5.42575351314e-09	1.4052701599e-06	0.846,0.911,0.892	1.0,0.973,0.933	-0.086
8256	"HNRNPH3"	"HNRNPH3"	chr10	+	68337198	68337333	68337857	68337996	68332074	68332216	68338502	68338687	8256	566,320,528	650,380,695	401,260,364	772,661,741	198	198	6.08607941821e-09	1.53784836031e-06	0.465,0.457,0.432	0.342,0.282,0.329	0.134
6373	"APC"	"APC"	chr5	+	112754872	112755025	112766325	112766410	112737884	112737925	112767188	112767390	6373	0,0,0	37,16,21	7,2,6	14,9,17	198	183	6.43474684647e-09	1.58723755546e-06	0.0,0.0,0.0	0.316,0.17,0.246	-0.244
8940	"H2AFY"	"H2AFY"	chr5	-	135350822	135350913	135352945	135353045	135345967	135346057	135360496	135360607	8940	999,548,976	77,33,70	902,734,914	115,110,141	198	189	1.22254029122e-08	2.94546916675e-06	0.925,0.941,0.93	0.882,0.864,0.861	0.063
10413	"ZZZ3"	"ZZZ3"	chr1	-	77631849	77633405	77641383	77641446	77584516	77584655	77641521	77641655	10413	32,15,40	18,20,29	10,15,10	57,51,35	161	198	1.76046689448e-08	4.14509932428e-06	0.686,0.48,0.629	0.177,0.266,0.26	0.364
7233	"HAUS2"	"HAUS2"	chr15	+	42559338	42559408	42560781	42560870	42558197	42558290	42561269	42561402	7233	50,37,48	43,27,48	61,58,64	13,15,21	168	187	2.04645659307e-08	4.71139784538e-06	0.564,0.604,0.527	0.839,0.811,0.772	-0.242
3663	"TYK2"	"TYK2"	chr19	-	10352433	10352551	10352925	10353098	10351051	10351162	10354041	10354234	3663	51,25,54	153,86,148	4,8,12	93,66,90	198	198	2.35749946231e-08	5.30949878903e-06	0.25,0.225,0.267	0.041,0.108,0.118	0.158
8228	"TMX2"	"TMX2"	chr11	+	57738353	57738430	57738663	57738770	57737607	57737668	57739130	57739260	8228	102,51,107	10,7,14	62,42,50	0,0,0	175	198	2.88953955208e-08	6.30318022768e-06	0.92,0.892,0.896	1.0,1.0,1.0	-0.097
9477	"ANXA2"	"ANXA2"	chr15	-	60396279	60396427	60397257	60397338	60386027	60386086	60397942	60397986	9477	500,283,401	20,18,33	488,425,421	74,51,69	179	198	2.92039238348e-08	6.30318022768e-06	0.965,0.946,0.931	0.879,0.902,0.871	0.063
8730	"ATAD3A"	"ATAD3A"	chr1	+	1520547	1520617	1522743	1522899	1520140	1520306	1523510	1523567	8730	114,70,113	78,37,35	233,152,173	2,22,54	168	198	3.08204385346e-08	6.51632129017e-06	0.633,0.69,0.792	0.993,0.891,0.791	-0.187
6375	"TMEM183A"	"TMEM183A"	chr1	+	203014888	203015048	203015959	203016140	203008642	203008810	203017755	203017919	6375	270,161,269	92,64,114	208,150,178	43,17,30	198	198	3.37480500212e-08	6.99259596439e-06	0.746,0.716,0.702	0.829,0.898,0.856	-0.14
7340	"AUP1"	"AUP1"	chr2	-	74528416	74528489	74528750	74528935	74527939	74528006	74529131	74529282	7340	400,232,421	39,22,37	366,286,335	19,5,5	198	171	3.77690355657e-08	7.67229820511e-06	0.899,0.901,0.908	0.943,0.98,0.983	-0.066
8225	"TMX2"	"TMX2"	chr11	+	57737835	57738026	57738663	57738770	57737607	57737668	57739130	57739260	8225	58,24,47	10,7,14	21,18,10	0,0,0	198	198	3.87840740634e-08	7.72698090955e-06	0.853,0.774,0.77	1.0,1.0,1.0	-0.201
7485	"GREB1"	"GREB1"	chr2	+	11556453	11556771	11562462	11562582	11542689	11542827	11566479	11566656	7485	2,4,3	2,1,6	0,0,0	1,6,3	198	198	4.02634453556e-08	7.87036403555e-06	0.5,0.8,0.333	0.0,0.0,0.0	0.544
4437	"HDAC10"	"HDAC10"	chr22	-	50248830	50248859	50249102	50249168	50248365	50248472	50249327	50249454	4437	7,4,8	4,3,3	11,4,7	0,0,0	164	127	4.98172548768e-08	9.55753260229e-06	0.575,0.508,0.674	1.0,1.0,1.0	-0.414
11205	"TFDP1"	"TFDP1"	chr13	+	113610995	113611062	113623179	113623286	113585773	113585849	113633119	113633285	11205	283,141,287	47,21,31	229,155,160	72,51,55	165	198	5.6146237104e-08	1.0575909389e-05	0.878,0.89,0.917	0.792,0.785,0.777	0.11
11226	"PSPH"	"PSPH"	chr7	-	56031928	56032054	56033960	56034154	56021072	56021231	56051137	56051288	11226	66,31,55	580,300,514	83,78,80	379,304,379	198	198	7.07148329893e-08	1.3082244103e-05	0.102,0.094,0.097	0.18,0.204,0.174	-0.088
5791	"FTH1"	"FTH1"	chr11	-	61964986	61965112	61965368	61965577	61964565	61964891	61967311	61967633	5791	331,170,297	9270,5219,10168	99,67,93	5142,4381,4622	198	198	1.10081810889e-07	2.0007851944e-05	0.034,0.032,0.028	0.019,0.015,0.02	0.013
6492	"TCF3"	"TCF3"	chr19	-	1612206	1612430	1615284	1615520	1611703	1611849	1615685	1615821	6492	292,179,289	233,118,235	275,211,253	134,76,92	198	198	1.16823096197e-07	2.07058305223e-05	0.556,0.603,0.552	0.672,0.735,0.733	-0.143
7175	"MEMO1"	"MEMO1"	chr2	-	31920797	31920910	31932066	31932135	31917925	31918037	31943301	31943383	7175	48,28,127	136,67,92	0,0,43	127,115,119	167	198	1.17919305098e-07	2.07058305223e-05	0.295,0.331,0.621	0.0,0.0,0.3	0.316
3514	"EIF2B4"	"EIF2B4"	chr2	-	27367745	27367822	27368024	27368113	27367456	27367559	27368371	27368463	3514	12,12,5	75,31,85	1,0,1	65,39,51	187	175	1.56776733373e-07	2.70701159624e-05	0.13,0.266,0.052	0.014,0.0,0.018	0.139
3787	"USP10"	"USP10"	chr16	+	84740308	84740369	84744632	84745673	84733434	84733503	84759890	84759946	3787	113,64,120	11,4,13	79,47,42	17,23,24	159	198	1.62295324957e-07	2.75635994517e-05	0.927,0.952,0.92	0.853,0.718,0.685	0.181
6306	"SLC1A6"	"SLC1A6"	chr19	-	14962001	14962345	14968302	14968507	14956475	14956709	14971736	14971874	6306	237,148,255	107,50,96	534,398,472	391,278,348	198	198	1.68553708657e-07	2.81647809949e-05	0.689,0.747,0.726	0.577,0.589,0.576	0.14
11382	"CDC25C"	"CDC25C"	chr5	-	138291969	138292116	138319218	138319374	138287168	138287267	138328483	138328529	11382	9,0,1	3,1,6	2,1,11	0,0,0	198	198	1.81745293149e-07	2.98870037623e-05	0.75,0.0,0.143	1.0,1.0,1.0	-0.702
7916	"ZNF133"	"ZNF133"	chr20	+	18297984	18298062	18305007	18305178	18288282	18288604	18305680	18305807	7916	9,2,5	4,5,2	4,2,8	0,0,0	176	198	2.06944523962e-07	3.34991448163e-05	0.717,0.31,0.738	1.0,1.0,1.0	-0.412
3025	"PHYKPL"	"PHYKPL"	chr5	-	178224447	178224564	178224615	178224729	178222851	178222934	178231404	178231523	3025	10,6,8	29,22,30	0,0,1	13,20,15	198	198	2.13984860387e-07	3.35891386911e-05	0.256,0.214,0.211	0.0,0.0,0.063	0.206
10631	"ECT2"	"ECT2"	chr3	+	172755482	172755575	172756982	172757165	172755294	172755374	172758979	172759069	10631	28,17,31	325,215,296	47,65,45	242,240,254	191	198	2.13859377873e-07	3.35891386911e-05	0.082,0.076,0.098	0.168,0.219,0.155	-0.095
30	"GRIPAP1"	"GRIPAP1"	chrX	-	48993427	48993578	48997249	48997357	48991009	48991102	48999237	48999299	30	10,1,2	3,1,9	0,0,0	3,1,4	198	198	2.24269186222e-07	3.46780413322e-05	0.769,0.5,0.182	0.0,0.0,0.0	0.484
6493	"TCF3"	"TCF3"	chr19	-	1612206	1612433	1615284	1615520	1609289	1611849	1615685	1615821	6493	292,179,289	402,209,384	275,211,253	232,151,162	198	198	2.30539014434e-07	3.51232969049e-05	0.421,0.461,0.429	0.542,0.583,0.61	-0.141
1604	"SLC6A2"	"SLC6A2"	chr16	+	55685142	55685281	55691917	55692052	55671670	55672175	55694009	55694113	1604	5,7,13	4,3,8	3,1,1	0,0,0	198	198	2.40886582237e-07	3.61678984344e-05	0.556,0.7,0.619	1.0,1.0,1.0	-0.375
4319	"SETD4"	"SETD4"	chr21	-	36048307	36048396	36053582	36053620	36045581	36046011	36058815	36058924	4319	19,3,10	100,55,84	0,0,1	34,39,37	136	187	2.50625364795e-07	3.70925539897e-05	0.207,0.07,0.141	0.0,0.0,0.036	0.127
1623	"PYROXD1"	"PYROXD1"	chr12	+	21445346	21445466	21449562	21449691	21440367	21440448	21455131	21455292	1623	37,27,24	20,7,13	11,12,19	0,2,0	198	198	2.74364961528e-07	4.00340986117e-05	0.649,0.794,0.649	1.0,0.857,1.0	-0.255
3158	"PPIL3"	"PPIL3"	chr2	-	200882341	200882382	200885261	200885343	200881420	200881488	200885697	200885772	3158	0,0,0	14,7,23	7,3,4	18,10,14	180	139	2.95180518473e-07	4.24731968247e-05	0.0,0.0,0.0	0.231,0.188,0.181	-0.2
11641	"CD44"	"CD44"	chr11	+	35208104	35208206	35211245	35211449	35189834	35190065	35214851	35214914	11641	124,87,117	484,335,516	509,386,472	1180,918,1122	198	198	3.0125650774e-07	4.27536632902e-05	0.204,0.206,0.185	0.301,0.296,0.296	-0.099
8258	"HNRNPH3"	"HNRNPH3"	chr10	+	68338502	68338642	68339139	68339226	68337198	68337333	68339439	68339555	8258	249,122,225	683,397,729	137,75,107	611,492,608	198	185	3.1771193898e-07	4.44796714572e-05	0.254,0.223,0.224	0.173,0.125,0.141	0.087
9620	"STAU1"	"STAU1"	chr20	-	49165996	49166285	49174194	49174269	49153932	49154071	49188115	49188367	9620	336,182,250	20,14,33	136,113,138	23,32,34	173	198	4.15709527579e-07	5.74233427429e-05	0.951,0.937,0.897	0.871,0.802,0.823	0.096
4321	"SETD4"	"SETD4"	chr21	-	36053582	36053620	36057108	36057204	36045581	36046011	36058815	36058924	4321	116,55,126	19,3,10	44,38,48	0,0,1	194	136	4.28561930499e-07	5.84197578943e-05	0.811,0.928,0.898	1.0,1.0,0.971	-0.111
4711	"SPAG1"	"SPAG1"	chr8	+	100233410	100233537	100239239	100239404	100225172	100225339	100240402	100240771	4711	68,32,72	145,110,153	15,10,9	95,58,82	198	198	5.09511931424e-07	6.85525144098e-05	0.319,0.225,0.32	0.136,0.147,0.099	0.161
1843	"ZMYND8"	"ZMYND8"	chr20	-	47310055	47310204	47347855	47347926	47298728	47298947	47355449	47355520	1843	10,8,10	66,54,86	0,1,0	47,22,28	169	198	6.07622161586e-07	8.0507399537e-05	0.151,0.148,0.12	0.0,0.051,0.0	0.123
7747	"COL13A1"	"COL13A1"	chr10	+	69930399	69930552	69935349	69935391	69930042	69930087	69936755	69936782	7747	9,2,6	0,0,0	18,24,23	8,6,5	198	140	6.13907776392e-07	8.0507399537e-05	1.0,1.0,1.0	0.614,0.739,0.765	0.294
7174	"MEMO1"	"MEMO1"	chr2	-	31891991	31892134	31932066	31932135	31883385	31883462	31943301	31943383	7174	48,29,126	235,127,201	0,0,43	182,128,154	167	198	6.89188590086e-07	8.92499224161e-05	0.195,0.213,0.426	0.0,0.0,0.249	0.195
3127	"DISC1"	"DISC1"	chr1	+	231795241	231795296	231800107	231800210	231770834	231771070	231818328	231819244	3127	1,0,0	1,1,2	1,1,1	0,0,0	153	198	8.03643001812e-07	0.000101533432912	0.564,0.0,0.0	1.0,1.0,1.0	-0.812
9476	"ANXA2"	"ANXA2"	chr15	-	60396150	60396427	60397257	60397338	60386027	60386086	60397942	60397986	9476	500,283,401	57,31,49	488,425,421	111,96,93	179	198	7.94829839945e-07	0.000101533432912	0.907,0.91,0.901	0.829,0.83,0.834	0.075
4114	"ALDH7A1"	"ALDH7A1"	chr5	-	126575419	126575464	126577078	126577211	126570781	126570859	126582850	126582974	4114	138,66,103	69,34,60	178,143,171	42,22,49	198	143	8.21790921979e-07	0.000102575348816	0.591,0.584,0.554	0.754,0.824,0.716	-0.188
11208	"TFDP1"	"TFDP1"	chr13	+	113623179	113623286	113631622	113631744	113585773	113585849	113633119	113633285	11208	47,21,31	627,374,503	72,51,55	505,362,422	198	198	8.48010409227e-07	0.000104587950471	0.07,0.053,0.058	0.125,0.123,0.115	-0.061
6304	"SLC1A6"	"SLC1A6"	chr19	-	14962001	14962345	14964318	14964361	14956475	14956709	14968302	14968507	6304	46,30,51	105,49,94	84,74,78	388,272,342	141	198	9.04400850876e-07	0.000110230503707	0.381,0.462,0.432	0.233,0.276,0.243	0.174
9473	"ANXA2"	"ANXA2"	chr15	-	60390212	60390317	60396372	60396427	60386027	60386086	60397942	60397986	9473	0,0,0	36,28,25	10,2,4	47,35,33	153	198	9.43630226513e-07	0.000112367921226	0.0,0.0,0.0	0.216,0.069,0.136	-0.14
11180	"METAP1"	"METAP1"	chr4	+	99035953	99036011	99037766	99037941	99035399	99035460	99039373	99039465	11180	4,0,5	0,1,4	0,0,0	2,4,2	156	198	9.3942740309e-07	0.000112367921226	1.0,0.0,0.613	0.0,0.0,0.0	0.538
4710	"SPAG1"	"SPAG1"	chr8	+	100233410	100233537	100239239	100239404	100220278	100220431	100240402	100240771	4710	79,31,74	147,108,147	15,10,11	95,57,82	198	198	9.66506128242e-07	0.000113784130552	0.35,0.223,0.335	0.136,0.149,0.118	0.168
7049	"HAT1"	"HAT1"	chr2	+	171925536	171925641	171946707	171946783	171922461	171922507	171965337	171965517	7049	99,50,89	14,5,3	83,77,78	1,0,1	198	174	1.18684040917e-06	0.000138153557742	0.861,0.898,0.963	0.986,1.0,0.986	-0.083
10606	"MGME1"	"MGME1"	chr20	+	17975683	17975903	17988165	17988298	17969800	17970130	17989938	17991122	10606	14,6,10	122,62,112	1,0,0	48,46,42	198	198	1.31133154102e-06	0.000150948830722	0.103,0.088,0.082	0.02,0.0,0.0	0.084
5544	"KIAA1191"	"KIAA1191"	chr5	-	176355570	176355749	176359480	176359567	176348249	176348356	176359810	176359918	5544	191,120,175	95,58,102	136,111,131	35,17,39	185	198	1.38374060521e-06	0.000157533545824	0.683,0.689,0.647	0.806,0.875,0.782	-0.148
3027	"PHYKPL"	"PHYKPL"	chr5	-	178224615	178224729	178229939	178230099	178222851	178222934	178231404	178231523	3027	61,53,56	10,6,8	43,23,27	0,0,1	198	198	1.46374531595e-06	0.000164830450796	0.859,0.898,0.875	1.0,1.0,0.964	-0.111
6061	"CWF19L1"	"CWF19L1"	chr10	-	100256261	100256476	100260217	100260319	100253420	100253539	100261978	100262063	6061	5,5,4	20,12,13	0,1,0	11,15,19	198	198	1.64919451107e-06	0.000183716721878	0.2,0.294,0.235	0.0,0.063,0.0	0.222
6362	"UBXN11"	"UBXN11"	chr1	-	26294204	26294331	26296918	26296995	26285822	26286037	26297961	26298062	6362	6,2,5	23,14,24	0,0,0	20,6,17	175	198	1.66961641401e-06	0.000184013043076	0.228,0.139,0.191	0.0,0.0,0.0	0.186
6659	"C3orf67"	"C3orf67"	chr3	-	58831685	58831889	58849031	58849409	58806394	58806456	58863557	58863892	6659	1,2,3	0,0,0	5,0,0	1,1,6	198	198	1.74797547026e-06	0.000190621324967	1.0,1.0,1.0	0.833,0.0,0.0	0.722
7173	"MEMO1"	"MEMO1"	chr2	-	31883385	31883462	31932066	31932135	31869847	31869952	31943301	31943383	7173	49,28,125	89,65,95	0,0,43	89,74,70	167	175	1.8905564958e-06	0.000204022555172	0.366,0.311,0.58	0.0,0.0,0.392	0.288
9838	"FDPS"	"FDPS"	chr1	+	155312254	155312395	155317940	155318021	155308747	155308965	155318168	155318291	9838	27,8,25	448,293,482	44,31,46	377,286,410	198	179	2.0463377417e-06	0.000217418326376	0.052,0.024,0.045	0.095,0.089,0.092	-0.052
10776	"MLH3"	"MLH3"	chr14	-	75033418	75033490	75039910	75040015	75032067	75032179	75041614	75041700	10776	7,3,3	1,4,9	9,7,5	0,1,0	198	170	2.0566598441e-06	0.000217418326376	0.857,0.392,0.223	1.0,0.857,1.0	-0.462
622	"PMF1-BGLAP"	"PMF1-BGLAP"	chr1	+	156233627	156233728	156236287	156236483	156213008	156213176	156242552	156242591	622	29,10,25	32,15,52	4,0,2	12,17,34	198	198	2.14699466472e-06	0.000224675401278	0.475,0.4,0.325	0.25,0.0,0.056	0.298
10840	"DPM1"	"DPM1"	chr20	-	50941128	50941209	50942030	50942126	50940864	50940933	50945736	50945762	10840	692,368,711	23,18,19	438,377,493	1,7,4	194	179	2.25339329274e-06	0.000233451545128	0.965,0.95,0.972	0.998,0.98,0.991	-0.027
8396	"METTL2A"	"METTL2A"	chr17	+	62440616	62440756	62444836	62444943	62435231	62435292	62447700	62447766	8396	226,5,3	100,38,93	1,0,0	41,41,63	198	198	2.6931779219e-06	0.000273542385009	0.693,0.116,0.031	0.024,0.0,0.0	0.272
10345	"IFNAR2"	"IFNAR2"	chr21	+	33241839	33241977	33243672	33243714	33229970	33230216	33244950	33245074	10345	2,1,1	25,16,31	8,13,10	26,35,26	198	140	2.68081541566e-06	0.000273542385009	0.054,0.042,0.022	0.179,0.208,0.214	-0.161
9529	"TDRD3"	"TDRD3"	chr13	+	60444682	60444748	60460379	60460540	60439687	60439772	60467237	60467379	9529	10,6,7	12,6,13	2,0,1	10,7,18	164	198	2.72537574308e-06	0.000274125171828	0.502,0.547,0.394	0.194,0.0,0.063	0.395
1672	"RP11-421L21.3"	"RP11-421L21.3"	chr1	+	101075394	101075716	101077362	101077508	101025918	101026061	101083460	101083574	1672	0,1,1	3,5,2	2,7,4	1,3,1	198	198	2.79291069571e-06	0.00027821687315	0.0,0.167,0.333	0.667,0.7,0.8	-0.556
11489	"ATF2"	"ATF2"	chr2	-	175080659	175080765	175092542	175092616	175074999	175075087	175093060	175093267	11489	15,9,8	70,34,58	1,2,2	50,56,40	172	198	2.86186432419e-06	0.00028237061332	0.198,0.234,0.137	0.023,0.039,0.054	0.151
3747	"RNF181"	"RNF181"	chr2	+	85596856	85596931	85597103	85597178	85596518	85596649	85597444	85597604	3747	38,18,35	484,269,425	3,6,9	271,193,235	173	173	3.2853679266e-06	0.000320430935019	0.073,0.063,0.076	0.011,0.03,0.037	0.045
7918	"ANAPC10"	"ANAPC10"	chr4	-	145064571	145064692	145081659	145081750	145033044	145033371	145095984	145096111	7918	51,21,53	14,6,6	48,33,47	0,4,0	189	198	3.30947008176e-06	0.000320430935019	0.792,0.786,0.902	1.0,0.896,1.0	-0.139
8618	"CSRP1"	"CSRP1"	chr1	-	201490175	201490344	201496191	201496304	201488854	201488984	201507069	201507123	8618	688,356,509	465,271,459	327,227,303	422,285,356	198	198	3.38347427631e-06	0.000324562902802	0.597,0.568,0.526	0.437,0.443,0.46	0.117
5716	"EIF3H"	"EIF3H"	chr8	-	116655855	116656005	116726015	116726172	116646470	116646603	116755665	116755797	5716	402,276,438	21,6,11	741,689,783	10,4,5	198	198	3.89617918894e-06	0.000366949239977	0.95,0.979,0.976	0.987,0.994,0.994	-0.023
9986	"TIMM50"	"TIMM50"	chr19	+	39482884	39482916	39483134	39483156	39480849	39480961	39485687	39485807	9986	9,3,4	9,3,9	10,3,2	1,1,0	130	120	3.86086491677e-06	0.000366949239977	0.48,0.48,0.291	0.902,0.735,1.0	-0.462
5541	"KIAA1191"	"KIAA1191"	chr5	-	176352621	176352748	176355570	176355749	176350612	176350737	176359810	176359918	5541	93,58,101	538,312,558	35,17,39	366,308,320	198	198	4.37477434845e-06	0.000408312272522	0.147,0.157,0.153	0.087,0.052,0.109	0.07
8227	"TMX2"	"TMX2"	chr11	+	57737912	57738026	57738663	57738770	57737607	57737668	57739130	57739260	8227	295,167,360	10,7,14	226,190,221	0,0,0	198	198	4.45319975106e-06	0.000411920976973	0.967,0.96,0.963	1.0,1.0,1.0	-0.037
10614	"POLK"	"POLK"	chr5	+	75534827	75534964	75547009	75547157	75511890	75511914	75552471	75552591	10614	2,0,0	38,19,33	2,5,5	14,13,17	198	198	4.5239562898e-06	0.000414762718251	0.05,0.0,0.0	0.125,0.278,0.227	-0.193
3752	"LDAH"	"LDAH"	chr2	-	20790254	20790398	20801291	20801465	20774809	20774979	20823036	20823130	3752	3,2,2	18,10,13	3,3,16	3,3,8	198	198	5.30175103242e-06	0.000481808251718	0.143,0.167,0.133	0.5,0.5,0.667	-0.408
10687	"ARNTL2"	"ARNTL2"	chr12	+	27370128	27370230	27376345	27376387	27368261	27368412	27380246	27380404	10687	1,3,3	0,0,1	3,2,0	1,1,4	198	140	6.45617006922e-06	0.000581616712323	1.0,1.0,0.68	0.68,0.586,0.0	0.471
6221	"CTH"	"CTH"	chr1	+	70424284	70424416	70429793	70429851	70421565	70421675	70430316	70430394	6221	105,56,103	15,8,15	7,22,22	0,1,0	198	156	7.05732937267e-06	0.000630292519835	0.847,0.847,0.844	1.0,0.945,1.0	-0.136
572	"SETD6"	"SETD6"	chr16	+	58516477	58516672	58516807	58516928	58516201	58516343	58518019	58518231	572	99,63,100	17,10,21	81,46,54	2,2,4	198	198	7.67833389703e-06	0.000664768118711	0.853,0.863,0.826	0.976,0.958,0.931	-0.108
690	"COBLL1"	"COBLL1"	chr2	-	164779654	164779785	164841155	164841246	164743686	164743875	164843651	164843679	690	14,8,14	0,0,1	9,6,8	5,4,1	189	198	7.64032240597e-06	0.000664768118711	1.0,1.0,0.936	0.653,0.611,0.893	0.26
6801	"SLC13A3"	"SLC13A3"	chr20	-	46599970	46600037	46610445	46610609	46596156	46596342	46613459	46613725	6801	18,6,23	7,2,2	3,2,4	0,0,0	198	165	7.70001681905e-06	0.000664768118711	0.682,0.714,0.906	1.0,1.0,1.0	-0.233
8050	"PPID"	"PPID"	chr4	-	158715296	158715403	158715561	158715668	158713118	158713260	158717011	158717055	8050	16,5,23	164,85,155	9,2,1	157,116,140	198	198	7.68664870543e-06	0.000664768118711	0.089,0.056,0.129	0.054,0.017,0.007	0.065
10925	"SLMAP"	"SLMAP"	chr3	+	57864806	57864857	57871635	57871698	57864547	57864716	57896510	57896591	10925	38,33,31	3,10,17	25,12,37	1,0,2	149	161	7.76658213786e-06	0.000664973478911	0.932,0.781,0.663	0.964,1.0,0.952	-0.18
3037	"CCDC90B"	"CCDC90B"	chr11	-	83274638	83274740	83280140	83280260	83273950	83273992	83286099	83286390	3037	27,16,17	139,54,107	2,11,5	118,88,89	198	198	8.0025530419e-06	0.000674036174911	0.163,0.229,0.137	0.017,0.111,0.053	0.116
4774	"COPZ1"	"COPZ1"	chr12	+	54340546	54340615	54343224	54343316	54325126	54325181	54345459	54345515	4774	37,18,33	241,157,259	44,56,69	203,183,230	167	190	7.95623625038e-06	0.000674036174911	0.149,0.115,0.127	0.198,0.258,0.254	-0.106
302	"VPS28"	"VPS28"	chr8	-	144425874	144426063	144426179	144426208	144424945	144425772	144426908	144426983	302	214,128,184	34,18,17	113,70,103	2,1,8	127	198	8.12291192553e-06	0.000678656189907	0.908,0.917,0.944	0.989,0.991,0.953	-0.055
5971	"CTBP2"	"CTBP2"	chr10	-	125038996	125039155	125110989	125111093	125003337	125003492	125160826	125161026	5971	15,21,25	165,80,169	26,20,33	64,61,72	198	198	8.25210794253e-06	0.000683934706277	0.083,0.208,0.129	0.289,0.247,0.314	-0.143
1351	"ZNF346"	"ZNF346"	chr5	+	177062057	177062151	177064511	177064601	177041777	177041870	177079381	177081189	1351	7,1,10	4,4,5	7,2,3	1,0,0	192	188	8.32384718685e-06	0.000684405213141	0.631,0.197,0.662	0.873,1.0,1.0	-0.461
5545	"KIAA1191"	"KIAA1191"	chr5	-	176355570	176355749	176359480	176359567	176350612	176350737	176359810	176359918	5545	132,80,98	93,58,101	86,83,91	35,17,39	185	198	8.75216386909e-06	0.000713956044754	0.603,0.596,0.509	0.725,0.839,0.714	-0.19
6063	"CWF19L1"	"CWF19L1"	chr10	-	100260217	100260319	100260965	100261044	100253420	100253539	100261978	100262063	6063	36,16,28	5,5,4	21,33,26	0,1,0	177	198	9.0876669494e-06	0.000735533043717	0.89,0.782,0.887	1.0,0.974,1.0	-0.138
3975	"DPH5"	"DPH5"	chr1	-	101013709	101013818	101021640	101021765	101001466	101001544	101025308	101025466	3975	30,27,56	8,6,6	44,40,28	1,1,1	198	198	9.75776069145e-06	0.000783646517546	0.789,0.818,0.903	0.978,0.976,0.966	-0.137
7419	"METTL6"	"METTL6"	chr3	-	15415771	15415942	15424954	15425089	15411016	15411437	15426286	15426635	7419	48,28,44	4,5,9	20,28,20	0,1,0	198	198	1.14567427471e-05	0.000910687704245	0.923,0.848,0.83	1.0,0.966,1.0	-0.122
9345	"PTH2R"	"PTH2R"	chr2	+	208489011	208489150	208490638	208490680	208481069	208481164	208493263	208494029	9345	50,16,47	21,11,26	45,34,78	5,8,10	198	140	1.15154526309e-05	0.000910687704245	0.627,0.507,0.561	0.864,0.75,0.847	-0.255
9755	"HAUS4"	"HAUS4"	chr14	-	22950313	22950410	22951554	22951689	22947600	22947731	22952327	22952459	9755	68,37,61	22,10,32	86,44,68	7,6,10	198	195	1.23991878122e-05	0.000973148376776	0.753,0.785,0.652	0.924,0.878,0.87	-0.161
9797	"TBC1D12"	"TBC1D12"	chr10	+	94500220	94500327	94507266	94507347	94493364	94493447	94510090	94510179	9797	7,2,8	18,10,16	0,0,1	7,6,7	198	179	1.31952055324e-05	0.00102783706252	0.26,0.153,0.311	0.0,0.0,0.114	0.203
10972	"STX16"	"STX16"	chr20	+	58659622	58659634	58667200	58667318	58652072	58652087	58667489	58667597	10972	4,14,26	0,0,0	5,7,2	5,0,5	110	198	1.33064184573e-05	0.00102876488968	1.0,1.0,1.0	0.643,1.0,0.419	0.313
10946	"SYDE2"	"SYDE2"	chr1	-	85178145	85178272	85182097	85183200	85169043	85169225	85190056	85190752	10946	30,5,18	11,7,11	6,14,16	1,2,0	198	198	1.36237280242e-05	0.00104549498023	0.732,0.417,0.621	0.857,0.875,1.0	-0.321
9466	"ANXA2"	"ANXA2"	chr15	-	60360940	60361054	60364428	60364523	60357145	60357236	60386027	60386086	9466	138,49,76	2697,1540,2470	74,61,89	3700,2896,3430	193	198	1.41253116565e-05	0.00107601638795	0.05,0.032,0.031	0.02,0.021,0.026	0.015
6488	"CDK11A"	"CDK11A"	chr1	-	1709517	1709640	1712263	1712427	1709037	1709133	1716345	1716478	6488	1,0,1	3,1,4	6,2,4	2,1,2	198	198	1.4454783366e-05	0.0010930770487	0.25,0.0,0.2	0.75,0.667,0.667	-0.545
1612	"HLCS"	"HLCS"	chr21	-	36938831	36938994	36946008	36946154	36936448	36937392	36962035	36962170	1612	28,4,11	136,94,139	3,1,2	81,72,82	198	198	1.54207076819e-05	0.00115767051873	0.171,0.041,0.073	0.036,0.014,0.024	0.07
10157	"TSGA10"	"TSGA10"	chr2	-	99118550	99118686	99118776	99118801	99117566	99117759	99127047	99127176	10157	0,2,2	1,1,0	0,1,0	1,0,2	123	198	1.57666009427e-05	0.00117512219976	0.0,0.763,1.0	0.0,1.0,0.0	0.254
2884	"GATSL2"	"GATSL2"	chr7	+	75021873	75021956	75024439	75024534	75020038	75020149	75024633	75024798	2884	7,2,5	2,6,6	1,0,1	13,4,4	181	193	1.5982541734e-05	0.00118270808832	0.789,0.262,0.471	0.076,0.0,0.21	0.412
2690	"CIZ1"	"CIZ1"	chr9	-	128180720	128180799	128185546	128185776	128180414	128180523	128190328	128190444	2690	46,27,52	182,112,204	16,9,8	119,69,130	198	177	1.76485658278e-05	0.00129673150338	0.184,0.177,0.186	0.107,0.104,0.052	0.095
4963	"DMKN"	"DMKN"	chr19	-	35508204	35508240	35509910	35509961	35505938	35505986	35510183	35510252	4963	188,101,181	21,8,14	145,95,127	1,1,7	149	134	1.90239302092e-05	0.00138794307723	0.89,0.919,0.921	0.992,0.988,0.942	-0.064
4196	"ATP6V1E2"	"ATP6V1E2"	chr2	-	46536610	46536703	46541389	46541453	46535812	46535927	46542216	46542557	4196	10,7,14	18,27,22	0,4,0	24,18,13	162	191	2.00716969424e-05	0.00145414531695	0.396,0.234,0.429	0.0,0.208,0.0	0.284
9753	"PQLC1"	"PQLC1"	chr18	-	79930227	79930311	79933968	79934022	79919183	79919400	79943328	79943462	9753	51,30,53	6,1,11	35,21,29	0,0,1	152	182	2.0416419604e-05	0.00146884796595	0.911,0.973,0.852	1.0,1.0,0.972	-0.079
5532	"KIAA1191"	"KIAA1191"	chr5	-	176350612	176350737	176355570	176355749	176348249	176348356	176359810	176359918	5532	95,58,102	325,215,401	35,17,39	240,180,212	198	198	2.08357986086e-05	0.00148868188679	0.226,0.212,0.203	0.127,0.086,0.155	0.091
965	"DHDDS"	"DHDDS"	chr1	+	26442707	26442873	26457790	26457905	26438167	26438284	26460036	26460144	965	14,8,21	155,92,144	1,1,5	105,80,67	198	198	2.17935317505e-05	0.00154644512969	0.083,0.08,0.127	0.009,0.012,0.069	0.067
9985	"TIMM50"	"TIMM50"	chr19	+	39481882	39482033	39483134	39483156	39480483	39480961	39485687	39485807	9985	173,109,192	9,3,9	124,88,158	1,1,0	198	120	2.20606477843e-05	0.00155475041527	0.921,0.957,0.928	0.987,0.982,1.0	-0.054
5201	"MTMR2"	"MTMR2"	chr11	-	95882373	95882496	95887611	95887684	95866402	95866486	95888155	95888261	5201	9,6,8	13,9,7	0,2,0	7,3,12	171	198	2.30541133852e-05	0.00161378793696	0.445,0.436,0.57	0.0,0.436,0.0	0.338
3577	"U2AF1L5"	"U2AF1L5"	chr21	-	6492130	6492197	6493043	6493110	6487362	6487412	6495992	6496080	3577	0,1,1	10,6,5	1,3,267	14,6,5	165	165	2.44164294901e-05	0.00168636139678	0.0,0.143,0.167	0.067,0.333,0.982	-0.357
7863	"PMM2"	"PMM2"	chr16	+	8802260	8802389	8804766	8804843	8801798	8801910	8806315	8806407	7863	7,11,7	150,73,111	0,0,3	90,65,90	198	175	2.43584522958e-05	0.00168636139678	0.04,0.118,0.053	0.0,0.0,0.029	0.061
1768	"TSPAN5"	"TSPAN5"	chr4	-	98486737	98486884	98507677	98507728	98482004	98482175	98658145	98658198	1768	6,2,4	6,3,10	3,3,4	2,0,0	149	198	2.5098863545e-05	0.00172201474388	0.571,0.47,0.347	0.666,1.0,1.0	-0.426
10929	"SLMAP"	"SLMAP"	chr3	+	57871635	57871698	57890040	57890100	57864547	57864716	57896510	57896591	10929	3,10,17	110,56,94	1,0,2	45,37,51	161	158	2.62155346414e-05	0.00178679565056	0.026,0.149,0.151	0.021,0.0,0.037	0.089
9068	"SNX17"	"SNX17"	chr2	+	27372622	27372740	27373039	27373113	27371268	27371343	27373246	27373311	9068	323,172,276	22,8,12	302,226,286	5,8,0	198	172	2.6389932068e-05	0.00178692611911	0.927,0.949,0.952	0.981,0.961,1.0	-0.038
10158	"RBPJ"	"RBPJ"	chr4	+	26320699	26320815	26362445	26362628	26319661	26319770	26386352	26386391	10158	7,9,4	27,24,29	1,0,3	45,24,29	198	198	2.70587027227e-05	0.00182031272862	0.206,0.273,0.121	0.022,0.0,0.094	0.161
1084	"ARID4B"	"ARID4B"	chr1	-	235154880	235155112	235160510	235160647	235148403	235148447	235160892	235161067	1084	301,146,268	136,63,118	134,113,122	28,22,36	198	198	2.93032057894e-05	0.00195858846438	0.689,0.699,0.694	0.827,0.837,0.772	-0.118
1476	"GYG2"	"GYG2"	chrX	+	2843212	2843354	2853979	2854154	2830060	2830195	2854992	2855155	1476	3,3,2	15,5,10	0,0,0	5,3,2	198	198	3.35583480382e-05	0.00222861849792	0.167,0.375,0.167	0.0,0.0,0.0	0.236
1458	"RUNX1"	"RUNX1"	chr21	-	34834409	34834601	34859473	34859578	34821278	34821696	34880556	34880713	1458	305,169,346	63,54,67	184,153,174	19,14,24	198	198	3.46866279369e-05	0.00228887557596	0.829,0.758,0.838	0.906,0.916,0.879	-0.092
8400	"DPY30"	"DPY30"	chr2	-	31891991	31892134	31932066	31932135	31869847	31869952	31943301	31943383	8400	49,28,125	41,15,20	0,0,43	20,11,32	167	198	3.65008364559e-05	0.00239334598534	0.586,0.689,0.881	0.0,0.0,0.614	0.514
1133	"HNRNPC"	"HNRNPC"	chr14	-	21236372	21236460	21262600	21262768	21233952	21234229	21263310	21263336	1133	51,47,41	14,3,7	21,16,13	14,8,14	198	186	3.68328934264e-05	0.00239992940816	0.774,0.936,0.846	0.585,0.653,0.466	0.284
925	"RAD51D"	"RAD51D"	chr17	-	35106987	35107122	35107365	35107447	35106385	35106481	35116858	35117037	925	0,0,1	6,6,11	3,6,1	8,7,10	180	198	3.73143980574e-05	0.00241610727422	0.0,0.0,0.091	0.292,0.485,0.099	-0.262
3683	"USF2"	"USF2"	chr19	+	35275081	35275425	35275782	35275900	35271082	35271141	35278697	35278792	3683	6,1,1	4,1,13	0,0,0	1,1,1	198	198	4.06361572488e-05	0.00261484837949	0.6,0.5,0.071	0.0,0.0,0.0	0.39
4115	"ALDH7A1"	"ALDH7A1"	chr5	-	126577078	126577211	126582850	126582974	126575419	126575464	126583931	126584012	4115	162,90,159	121,69,113	162,157,155	81,61,57	198	198	4.36434199724e-05	0.00279102364762	0.572,0.566,0.585	0.667,0.72,0.731	-0.132
3384	"TCEB1"	"TCEB1"	chr8	-	73964486	73964625	73970578	73970634	73959764	73959818	73971869	73971908	3384	0,0,1	30,16,41	3,3,7	35,43,39	154	198	4.54642727742e-05	0.00287201137769	0.0,0.0,0.03	0.099,0.082,0.188	-0.113
11419	"DNMT1"	"DNMT1"	chr19	-	10177291	10177367	10180349	10180529	10175539	10175618	10180777	10180885	11419	36,17,39	476,284,502	11,16,11	485,307,404	198	174	4.53107506996e-05	0.00287201137769	0.062,0.05,0.064	0.02,0.044,0.023	0.03
112	"LINC01399"	"LINC01399"	chr22	-	35120012	35120067	35171434	35171602	35119823	35119904	35172338	35172460	112	2,4,4	0,0,0	3,3,5	3,2,1	198	153	4.61516879784e-05	0.0028803101654	1.0,1.0,1.0	0.436,0.537,0.794	0.411
2895	"GRB2"	"GRB2"	chr17	-	75332699	75332797	75393550	75393765	75325897	75326020	75405488	75405653	2895	227,144,239	506,258,446	138,93,136	379,357,400	198	196	4.61031181365e-05	0.0028803101654	0.308,0.356,0.347	0.265,0.205,0.252	0.096
3920	"GTF2H3"	"GTF2H3"	chr12	+	123659429	123659475	123659515	123659584	123655770	123655824	123659794	123659930	3920	15,10,13	94,70,87	2,2,3	68,61,51	144	167	4.78168180564e-05	0.00295863867277	0.156,0.142,0.148	0.033,0.037,0.064	0.104
5383	"LTBP4"	"LTBP4"	chr19	+	40616888	40617020	40617099	40617225	40614314	40614446	40619346	40619493	5383	3,3,2	1,0,0	2,1,0	1,1,3	198	198	4.79779244233e-05	0.00295863867277	0.75,1.0,1.0	0.667,0.5,0.0	0.528
4866	"CCDC122"	"CCDC122"	chr13	-	43868693	43868803	43869330	43869489	43859671	43860070	43874841	43874927	4866	3,1,1	0,0,0	6,0,2	2,2,2	198	198	4.86624550996e-05	0.00298309488066	1.0,1.0,1.0	0.75,0.0,0.5	0.583
1260	"NUMA1"	"NUMA1"	chr11	-	72049418	72049539	72068495	72068617	72035901	72035975	72069841	72069911	1260	4,4,7	22,12,10	0,1,1	20,12,5	198	198	5.01886100343e-05	0.0030567762676	0.154,0.25,0.412	0.0,0.077,0.167	0.191
11528	"DOCK8"	"DOCK8"	chr9	+	420400	420583	420948	421078	420115	420180	422047	422135	11528	9,1,2	9,0,3	2,0,0	14,7,5	198	198	5.04545117528e-05	0.0030567762676	0.5,1.0,0.4	0.125,0.0,0.0	0.592
10348	"ETHE1"	"ETHE1"	chr19	-	43508774	43508864	43511436	43511566	43507636	43508060	43526514	43526659	10348	13,11,26	61,36,48	2,2,4	34,25,35	198	188	5.33790984693e-05	0.00321515965199	0.168,0.225,0.34	0.053,0.071,0.098	0.17
3284	"UBE2J2"	"UBE2J2"	chr1	-	1264782	1264830	1266097	1266290	1263345	1263386	1267732	1267992	3284	14,8,12	5,5,6	16,2,5	1,0,1	198	146	5.54924401515e-05	0.0033040326435	0.674,0.541,0.596	0.922,1.0,0.787	-0.299
11687	"GUSBP11"	"GUSBP11"	chr22	-	23695172	23695517	23705428	23705541	23683724	23683867	23709129	23709241	11687	2,3,10	0,0,0	2,2,5	2,1,3	198	198	5.54712759094e-05	0.0033040326435	1.0,1.0,1.0	0.5,0.667,0.625	0.403
1483	"DYX1C1-CCPG1"	"DYX1C1-CCPG1"	chr15	-	55359538	55360944	55365187	55365309	55355247	55356409	55371792	55372044	1483	34,24,26	7,2,9	20,14,17	17,10,15	198	198	5.65015929546e-05	0.00334489430291	0.829,0.923,0.743	0.541,0.583,0.531	0.28
3658	"PTPN20"	"PTPN20"	chr10	+	46984229	46984564	46987339	46987555	46964985	46965137	46999911	46999974	3658	1,0,0	4,9,5	0,6,6	13,4,4	198	198	6.31420687848e-05	0.0037167717762	0.2,0.0,0.0	0.0,0.6,0.6	-0.333
964	"DHDDS"	"DHDDS"	chr1	+	26442707	26442873	26447558	26447660	26438167	26438284	26457790	26457905	964	16,8,21	61,40,60	1,1,5	38,29,31	198	198	6.45167740879e-05	0.00377623604266	0.208,0.167,0.259	0.026,0.033,0.139	0.145
2434	"FCHO2"	"FCHO2"	chr5	+	73017211	73017308	73034656	73034701	73015625	73015724	73037142	73037215	2434	10,6,7	1,0,0	7,12,6	4,2,1	195	143	6.5227389453e-05	0.00378423739149	0.88,1.0,1.0	0.562,0.815,0.815	0.229
11086	"TMEM126B"	"TMEM126B"	chr11	+	85629131	85629262	85631144	85631316	85628592	85628688	85631686	85631808	11086	58,39,62	144,53,102	45,40,40	168,154,152	198	198	6.53840244282e-05	0.00378423739149	0.287,0.424,0.378	0.211,0.206,0.208	0.155
4750	"MST1R"	"MST1R"	chr3	-	49895166	49895373	49895714	49895880	49891757	49891838	49896194	49896404	4750	4,5,4	15,9,21	2,2,0	45,31,29	198	198	6.65469782724e-05	0.00383014830501	0.211,0.357,0.16	0.043,0.061,0.0	0.208
1866	"BIRC5"	"BIRC5"	chr17	+	78215965	78216034	78216663	78216781	78214679	78214789	78223464	78225636	1866	95,45,67	716,449,594	43,34,54	746,584,637	167	198	6.74513459901e-05	0.00386075107435	0.136,0.106,0.118	0.064,0.065,0.091	0.047
1925	"DET1"	"DET1"	chr15	-	88527598	88527786	88530622	88531473	88516781	88516973	88531612	88531715	1925	14,0,8	22,22,34	0,0,1	10,5,10	198	198	6.82977157525e-05	0.00386192742947	0.389,0.0,0.19	0.0,0.0,0.091	0.163
7956	"APP"	"APP"	chr21	-	25891721	25891868	25897572	25897673	25881609	25881771	25911740	25911962	7956	64,41,76	4256,2524,5053	73,61,72	3025,2185,2712	198	198	6.85548796749e-05	0.00386192742947	0.015,0.016,0.015	0.024,0.027,0.026	-0.01
11099	"HKR1"	"HKR1"	chr19	+	37335168	37335257	37347776	37347872	37334711	37334782	37359425	37359776	11099	28,11,35	3,1,8	4,7,6	0,0,0	187	194	6.8590216894e-05	0.00386192742947	0.906,0.919,0.819	1.0,1.0,1.0	-0.119
1025	"NUP85"	"NUP85"	chr17	+	75215753	75215823	75225102	75225237	75213075	75213119	75225341	75225464	1025	60,22,54	266,137,267	71,53,68	197,143,187	168	198	7.2386921901e-05	0.00403187371449	0.21,0.159,0.192	0.298,0.304,0.3	-0.114
1118	"BORA"	"BORA"	chr13	+	72731280	72731387	72734959	72735005	72728925	72729093	72737961	72738043	1118	21,4,13	8,3,13	11,12,7	0,1,2	198	144	7.22862690294e-05	0.00403187371449	0.656,0.492,0.421	1.0,0.897,0.718	-0.349
9981	"SRRM1"	"SRRM1"	chr1	+	24663182	24663224	24666814	24666925	24662659	24662804	24669122	24669587	9981	30,18,27	299,191,398	16,6,10	361,246,277	140	198	7.77372472964e-05	0.00428176788139	0.124,0.118,0.088	0.059,0.033,0.049	0.063
10933	"LRRC45"	"LRRC45"	chr17	+	82028396	82028508	82028612	82028683	82028233	82028311	82029018	82029185	10933	78,47,71	5,6,9	96,58,92	2,1,2	198	169	7.81133329713e-05	0.00428176788139	0.93,0.87,0.871	0.976,0.98,0.975	-0.087
11761	"CALU"	"CALU"	chr7	+	128754261	128754455	128754528	128754722	128748572	128748804	128758870	128759037	11761	847,543,881	335,201,300	400,378,429	213,203,254	198	198	7.79807007547e-05	0.00428176788139	0.717,0.73,0.746	0.653,0.651,0.628	0.087
2992	"SUZ12"	"SUZ12"	chr17	+	31988319	31988497	31993241	31993333	31976520	31976614	31993864	31994008	2992	28,9,24	118,70,129	3,6,7	66,102,70	198	190	8.14575853906e-05	0.0043754438552	0.185,0.11,0.151	0.042,0.053,0.088	0.088
3245	"CPNE2"	"CPNE2"	chr16	+	57134774	57134826	57137148	57137282	57127848	57127903	57146084	57146321	3245	73,57,94	66,37,67	76,60,67	111,88,88	150	198	8.15116471095e-05	0.0043754438552	0.593,0.67,0.649	0.475,0.474,0.501	0.154
5972	"CTBP2"	"CTBP2"	chr10	-	125133511	125133612	125160318	125160520	125038996	125039155	125160826	125161170	5972	50,42,42	4,0,5	22,17,26	7,6,8	198	198	8.09762450871e-05	0.0043754438552	0.926,1.0,0.894	0.759,0.739,0.765	0.186
11743	"ARIH2"	"ARIH2"	chr3	+	48927461	48927813	48945135	48945181	48924717	48924839	48961611	48961679	11743	230,103,198	23,9,9	113,81,91	3,3,0	198	144	8.10699858319e-05	0.0043754438552	0.879,0.893,0.941	0.965,0.952,1.0	-0.068
4777	"COPZ1"	"COPZ1"	chr12	+	54342205	54342287	54343224	54343316	54325138	54325181	54345459	54345515	4777	21,18,20	241,157,259	7,11,3	203,183,230	180	190	8.24997141499e-05	0.00440565483811	0.084,0.108,0.075	0.035,0.06,0.014	0.053
9948	"BANP"	"BANP"	chr16	+	87984059	87984259	88006089	88006265	87981035	87981127	88018427	88018455	9948	57,23,40	60,32,66	50,39,47	33,19,28	198	198	8.87781569854e-05	0.00471662413522	0.487,0.418,0.377	0.602,0.672,0.627	-0.206
5690	"CDK5RAP2"	"CDK5RAP2"	chr9	-	120467859	120467997	120470110	120470220	120458449	120458622	120471747	120471878	5690	20,10,9	18,8,28	2,12,9	1,0,3	198	198	9.06245721743e-05	0.00479015595778	0.526,0.556,0.243	0.667,1.0,0.75	-0.364
7671	"WDSUB1"	"WDSUB1"	chr2	-	159259809	159259843	159282671	159283093	159256195	159256375	159286582	159286669	7671	15,8,10	1,4,2	8,4,8	1,0,0	198	132	9.1530034837e-05	0.0048134576696	0.909,0.571,0.769	0.842,1.0,1.0	-0.198
4707	"SPAG1"	"SPAG1"	chr8	+	100231155	100231288	100239239	100239404	100220278	100220431	100240402	100240771	4707	10,3,10	147,108,147	0,0,2	95,57,82	198	198	9.5270273018e-05	0.00498484862862	0.064,0.027,0.064	0.0,0.0,0.024	0.044
3118	"RAB5A"	"RAB5A"	chr3	+	19970547	19970717	19975642	19975752	19950805	19951061	19976046	19976169	3118	6,10,17	240,112,248	2,2,1	139,105,112	198	198	9.62414035385e-05	0.00501035648572	0.024,0.082,0.064	0.014,0.019,0.009	0.043
8048	"MORN3"	"MORN3"	chr12	-	121654273	121654433	121659190	121659348	121652727	121652808	121669338	121669512	8048	140,74,132	15,16,17	16,8,6	0,1,0	198	198	9.83886059137e-05	0.00509652978633	0.903,0.822,0.886	1.0,0.889,1.0	-0.093
11010	"ADNP"	"ADNP"	chr20	-	50902016	50902109	50928650	50928825	50888918	50894512	50930825	50930990	11010	75,41,65	331,205,326	13,8,2	92,80,81	198	191	0.000100600425764	0.00518517617371	0.179,0.162,0.161	0.12,0.088,0.023	0.09
9598	"PITPNA"	"PITPNA"	chr17	-	1548295	1548387	1553003	1553149	1543019	1543027	1558528	1558559	9598	58,39,50	23,2,7	46,38,62	1,3,2	198	190	0.000110490222414	0.00566672625846	0.708,0.949,0.873	0.978,0.924,0.967	-0.113
2691	"CIZ1"	"CIZ1"	chr9	-	128180720	128180814	128185546	128185776	128180414	128180523	128190328	128190444	2691	46,27,52	295,168,329	16,9,8	164,113,175	198	192	0.000114672441252	0.00585224872596	0.131,0.135,0.133	0.086,0.072,0.042	0.066
154	"RFWD2"	"RFWD2"	chr1	-	176149005	176149074	176162868	176162988	176116623	176116681	176163826	176163891	154	20,18,23	5,6,3	18,7,19	2,0,0	198	167	0.000119550439185	0.00607128700959	0.771,0.717,0.866	0.884,1.0,1.0	-0.177
9328	"PPCDC"	"PPCDC"	chr15	+	75028246	75028453	75044385	75044514	75023554	75023626	75048552	75048721	9328	57,20,48	154,73,155	43,38,29	67,50,52	198	198	0.000124570782789	0.00629538199851	0.27,0.215,0.236	0.391,0.432,0.358	-0.153
3160	"PPIL3"	"PPIL3"	chr2	-	200882341	200882435	200885261	200885343	200881420	200881488	200885697	200885772	3160	0,0,0	126,82,99	7,3,4	101,64,87	180	192	0.00012656180251	0.00636495278643	0.0,0.0,0.0	0.069,0.048,0.047	-0.055
11716	"THBS3"	"THBS3"	chr1	-	155203512	155203539	155204854	155204957	155203222	155203305	155205059	155205316	11716	5,5,7	3,2,3	7,7,14	1,1,0	198	125	0.000127947592504	0.00640356066832	0.513,0.612,0.596	0.815,0.815,1.0	-0.303
8292	"HFE"	"HFE"	chr6	+	26090840	26091104	26091313	26091589	26087404	26087516	26092726	26092960	8292	11,10,12	0,0,0	23,11,6	4,1,3	198	198	0.00013657497635	0.00680248439897	1.0,1.0,1.0	0.852,0.917,0.667	0.188
8908	"IP6K1"	"IP6K1"	chr3	-	49738211	49738422	49747817	49748168	49732790	49732972	49786353	49786540	8908	14,12,27	111,64,108	18,19,19	39,19,46	198	198	0.000139066253496	0.00686621016283	0.112,0.158,0.2	0.316,0.5,0.292	-0.213
9825	"CEP290"	"CEP290"	chr12	-	88131164	88131218	88136642	88136786	88130544	88130565	88139144	88139191	9825	11,5,5	3,0,10	5,8,6	0,1,0	198	152	0.000139179935733	0.00686621016283	0.738,1.0,0.277	1.0,0.86,1.0	-0.282
2625	"ASNSD1"	"ASNSD1"	chr2	+	189665375	189665451	189666040	189667596	189661462	189661610	189667763	189667945	2625	7,1,11	129,69,115	0,0,1	41,42,63	174	198	0.000140590062914	0.00690290545872	0.058,0.016,0.098	0.0,0.0,0.018	0.051
3781	"USP10"	"USP10"	chr16	+	84704739	84704860	84716194	84716258	84699994	84700111	84733434	84733503	3781	9,4,12	1,0,0	4,3,6	3,4,0	198	162	0.000150203968539	0.00734015619842	0.88,1.0,1.0	0.522,0.38,1.0	0.326
1134	"HNRNPC"	"HNRNPC"	chr14	-	21263310	21263336	21263666	21263829	21233952	21234229	21269297	21269425	1134	161,97,170	1064,575,1066	161,127,178	1548,1316,1561	198	124	0.000154293393745	0.00750459886948	0.087,0.096,0.091	0.061,0.057,0.067	0.03
1032	"CTTN"	"CTTN"	chr11	+	70419745	70419856	70420399	70420510	70417012	70417123	70422939	70422995	1032	567,332,607	88,51,89	659,440,561	151,99,148	198	198	0.000157419406591	0.00762086473029	0.866,0.867,0.872	0.814,0.816,0.791	0.061
10645	"ZNF74"	"ZNF74"	chr22	+	20395332	20395418	20399594	20399690	20394402	20394662	20400631	20400758	10645	71,26,57	7,2,6	16,9,12	0,0,0	184	194	0.00015879500195	0.00765170334978	0.914,0.932,0.909	1.0,1.0,1.0	-0.082
9344	"PTH2R"	"PTH2R"	chr2	+	208481069	208481164	208490638	208490680	208459894	208459961	208493263	208494029	9344	38,19,46	21,8,24	45,35,63	5,8,13	193	140	0.000163986352022	0.00786527132846	0.568,0.633,0.582	0.867,0.76,0.779	-0.208
4964	"DMKN"	"DMKN"	chr19	-	35508204	35508240	35509910	35509961	35506125	35506185	35510183	35510252	4964	112,64,99	12,9,9	86,53,66	0,1,5	149	134	0.000172805575509	0.00822031295554	0.894,0.865,0.908	1.0,0.979,0.922	-0.078
11738	"ARIH2"	"ARIH2"	chr3	+	48927461	48927813	48944981	48945181	48922747	48922811	48961611	48961679	11738	186,91,183	23,9,9	85,68,77	3,3,0	198	198	0.000172975697327	0.00822031295554	0.89,0.91,0.953	0.966,0.958,1.0	-0.057
4477	"MTO1"	"MTO1"	chr6	+	73480996	73481116	73482028	73482244	73480674	73480805	73482448	73482620	4477	1,5,13	56,37,52	0,0,3	37,34,40	198	198	0.000175289874712	0.00829225160738	0.018,0.119,0.2	0.0,0.0,0.07	0.089
2764	"ST3GAL6"	"ST3GAL6"	chr3	+	98773919	98773983	98784944	98785040	98772812	98772916	98788035	98788222	2764	6,1,1	0,1,5	0,1,1	1,4,7	162	194	0.000194350612433	0.00915214702184	1.0,0.545,0.193	0.0,0.23,0.146	0.454
4267	"PRUNE"	"PRUNE"	chr1	+	151018556	151018669	151025514	151025673	151017811	151017904	151027232	151027327	4267	17,8,19	72,50,62	0,1,6	39,34,32	198	198	0.000196661418934	0.0092190601817	0.191,0.138,0.235	0.0,0.029,0.158	0.126
10031	"DSCR3"	"DSCR3"	chr21	-	37238459	37238609	37240495	37240639	37232376	37232451	37267237	37267532	10031	137,80,107	9,4,14	118,87,115	17,17,31	198	198	0.000198441295188	0.00923724267893	0.938,0.952,0.884	0.874,0.837,0.788	0.092
10971	"GSN"	"GSN"	chr9	+	121282438	121282550	121300055	121300126	121281469	121281562	121301962	121302167	10971	1,1,1	1,5,0	1,3,2	0,0,0	198	169	0.000199724166031	0.00923724267893	0.46,0.146,1.0	1.0,1.0,1.0	-0.465
11104	"HKR1"	"HKR1"	chr19	+	37346422	37346492	37347231	37347316	37335168	37335257	37347776	37347872	11104	11,6,13	61,47,68	2,1,0	31,15,23	168	183	0.000198916014879	0.00923724267893	0.164,0.122,0.172	0.066,0.068,0.0	0.108
2697	"WDR27"	"WDR27"	chr6	-	169665485	169665556	169670568	169670693	169664165	169664286	169672254	169672396	2697	11,6,11	0,0,1	1,1,1	1,1,1	198	169	0.000206453352196	0.00950602990556	1.0,1.0,0.904	0.46,0.46,0.46	0.508
1034	"CTTN"	"CTTN"	chr11	+	70422939	70422995	70425331	70425401	70420124	70420510	70429050	70429125	1034	57,38,59	393,223,420	110,61,96	423,290,361	154	168	0.00020883439939	0.0095731167154	0.137,0.157,0.133	0.221,0.187,0.225	-0.069
8549	"C11orf74"	"C11orf74"	chr11	+	36610080	36610239	36633283	36633438	36594620	36594761	36648015	36648155	8549	13,10,11	2,5,3	5,8,4	0,0,1	198	198	0.000210473190833	0.00960573681511	0.867,0.667,0.786	1.0,1.0,0.8	-0.16
2516	"PTK2"	"PTK2"	chr8	-	140735250	140735455	140739017	140739107	140706118	140706205	140743229	140743330	2516	134,70,166	23,11,9	78,80,83	6,2,1	188	198	0.000212398003219	0.00961910098106	0.86,0.87,0.951	0.932,0.977,0.989	-0.072
11748	"ARIH2"	"ARIH2"	chr3	+	48945135	48945181	48961611	48961679	48927461	48927813	48964918	48964982	11748	16,13,15	256,146,288	2,3,2	135,91,122	144	166	0.000212622985006	0.00961910098106	0.067,0.093,0.057	0.017,0.037,0.019	0.048
1935	"SRGAP1"	"SRGAP1"	chr12	+	64091275	64091378	64091892	64091926	64086998	64087026	64094931	64094992	1935	56,28,50	8,5,8	30,22,28	2,0,1	198	132	0.00021993205149	0.00990650458016	0.824,0.789,0.806	0.909,1.0,0.949	-0.146
3117	"RAB5A"	"RAB5A"	chr3	+	19970547	19970717	19975600	19975752	19950805	19951061	19976046	19976169	3117	6,10,17	381,179,391	2,2,1	211,194,191	198	198	0.000222721927539	0.00998874099266	0.016,0.053,0.042	0.009,0.01,0.005	0.029
5209	"WRB"	"WRB"	chr21	+	39390697	39390863	39391768	39391836	39387764	39387855	39393165	39393280	5209	76,41,74	78,50,113	86,63,50	42,49,34	198	166	0.000225305052867	0.0100610359815	0.45,0.407,0.354	0.632,0.519,0.552	-0.164
10411	"ELP2"	"ELP2"	chr18	+	36167100	36167222	36170062	36170196	36159957	36160015	36171046	36171160	10411	0,0,1	52,20,48	5,0,5	36,23,28	198	198	0.000229367694883	0.0101984949313	0.0,0.0,0.02	0.122,0.0,0.152	-0.085
8577	"TXNRD1"	"TXNRD1"	chr12	+	104290992	104291104	104309758	104309950	104288930	104289040	104311289	104311412	8577	18,4,10	21,13,9	0,4,0	11,9,12	198	198	0.00023886004557	0.0105751712483	0.462,0.235,0.526	0.0,0.308,0.0	0.305
11004	"MAPK8"	"MAPK8"	chr10	+	48308094	48308288	48404851	48404981	48306654	48306821	48409878	48409937	11004	18,11,18	77,56,62	2,5,1	36,33,39	198	198	0.000241372998265	0.0106409543065	0.189,0.164,0.225	0.053,0.132,0.025	0.123
8021	"EIF2A"	"EIF2A"	chr3	+	150575648	150575762	150581617	150581746	150568175	150568292	150583199	150583265	8021	18,6,12	343,178,316	8,2,2	327,255,264	198	198	0.00024494841185	0.0106913443763	0.05,0.033,0.037	0.024,0.008,0.008	0.027
9530	"TDRD3"	"TDRD3"	chr13	+	60444686	60444748	60460379	60460540	60439687	60439772	60467237	60467379	9530	3,0,4	12,6,13	0,0,0	10,7,18	160	198	0.000243600575524	0.0106913443763	0.236,0.0,0.276	0.0,0.0,0.0	0.171
10069	"SQSTM1"	"SQSTM1"	chr5	+	179822957	179823053	179823857	179824087	179811573	179811682	179824181	179824323	10069	43,31,37	1548,790,1324	35,33,37	732,475,678	194	198	0.000245611965401	0.0106913443763	0.028,0.039,0.028	0.047,0.066,0.053	-0.024
3954	"PVR"	"PVR"	chr19	+	44657761	44657910	44658741	44658765	44653899	44654017	44661291	44661323	3954	338,179,352	20,21,28	79,67,86	15,15,14	198	122	0.000251207703627	0.0108437992066	0.912,0.84,0.886	0.764,0.733,0.791	0.117
6429	"RPL10A"	"RPL10A"	chr6	+	35468798	35468873	35468946	35469285	35468419	35468439	35469380	35469529	6429	33,17,44	62,54,84	17,26,25	20,16,20	173	198	0.000250671450634	0.0108437992066	0.379,0.265,0.375	0.493,0.65,0.589	-0.238
4259	"PRUNE"	"PRUNE"	chr1	+	151017811	151017904	151024610	151024795	151008476	151008671	151027232	151027327	4259	67,40,46	13,0,11	38,31,16	2,0,1	191	198	0.000262357237189	0.0112780953414	0.842,1.0,0.813	0.952,1.0,0.943	-0.08
7686	"RP1-178F15.5"	"RP1-178F15.5"	chr1	-	153627482	153627598	153631010	153631078	153626331	153626533	153632033	153632063	7686	2,7,14	296,140,203	2,2,1	225,177,217	166	198	0.000267323472548	0.0114440957669	0.008,0.056,0.076	0.01,0.013,0.005	0.037
4478	"MTO1"	"MTO1"	chr6	+	73480996	73481116	73482039	73482244	73480674	73480805	73482448	73482620	4478	1,5,13	121,68,117	0,0,3	99,67,75	198	198	0.000276858041352	0.0117551201164	0.008,0.068,0.1	0.0,0.0,0.038	0.046
7795	"KIF1C"	"KIF1C"	chr17	+	4999849	4999970	5000219	5000352	4997947	4998156	5000771	5000848	7795	197,96,148	451,253,455	79,64,86	375,238,334	198	198	0.00027638039629	0.0117551201164	0.304,0.275,0.245	0.174,0.212,0.205	0.078
2720	"DCUN1D4"	"DCUN1D4"	chr4	+	51899269	51899378	51908919	51908975	51891759	51891851	51911069	51911174	2720	68,43,60	3,0,8	68,51,58	0,0,0	198	154	0.000282657866368	0.0117797113825	0.946,1.0,0.854	1.0,1.0,1.0	-0.067
4028	"PPOX"	"PPOX"	chr1	+	161168992	161169183	161170408	161170519	161167099	161167234	161170619	161170769	4028	7,6,6	51,22,38	0,0,2	11,13,19	198	198	0.000279997226795	0.0117797113825	0.121,0.214,0.136	0.0,0.0,0.095	0.125
5397	"EIF4A2"	"EIF4A2"	chr3	+	186784563	186784696	186784961	186785101	186784428	186784477	186785882	186786051	5397	1168,640,1088	1060,650,1132	643,497,643	929,666,859	198	198	0.00028272323836	0.0117797113825	0.524,0.496,0.49	0.409,0.427,0.428	0.082
6991	"NUP54"	"NUP54"	chr4	-	76124648	76124756	76144148	76144292	76118074	76118194	76144389	76144473	6991	155,97,159	45,31,31	105,88,122	55,45,51	198	198	0.000283122406779	0.0117797113825	0.775,0.758,0.837	0.656,0.662,0.705	0.116
7172	"MEMO1"	"MEMO1"	chr2	-	31883385	31883462	31917925	31918037	31869847	31869952	31932066	31932135	7172	10,11,16	88,66,96	4,3,4	87,74,69	198	175	0.000282954304208	0.0117797113825	0.091,0.128,0.128	0.039,0.035,0.049	0.075
452	"WDR19"	"WDR19"	chr4	+	39185725	39185817	39186538	39186604	39182528	39182563	39189655	39189781	452	4,4,6	8,3,10	5,7,8	3,1,0	190	164	0.000287577092038	0.0118226137838	0.301,0.535,0.341	0.59,0.858,1.0	-0.424
3323	"SLC50A1"	"SLC50A1"	chr1	+	155136298	155136376	155137560	155137722	155135827	155135991	155137978	155138098	3323	185,113,200	240,173,275	200,157,199	184,137,183	176	198	0.000287057075647	0.0118226137838	0.464,0.424,0.45	0.55,0.563,0.55	-0.108
6485	"THAP9-AS1"	"THAP9-AS1"	chr4	-	82895691	82895774	82897988	82898062	82893008	82894847	82900076	82900223	6485	266,115,226	264,136,208	118,60,93	49,37,67	172	181	0.000286667375531	0.0118226137838	0.515,0.471,0.533	0.717,0.631,0.594	-0.141
3554	"CSAD"	"CSAD"	chr12	-	53160762	53160844	53161126	53161191	53160119	53160319	53161272	53161389	3554	6,0,5	30,11,20	0,0,1	10,9,10	163	180	0.000293204679926	0.0119390437098	0.181,0.0,0.216	0.0,0.0,0.099	0.099
5715	"EIF3H"	"EIF3H"	chr8	-	116648805	116648926	116726015	116726172	116646470	116646603	116755665	116755797	5715	402,276,438	884,465,1016	741,689,783	1191,923,1163	198	198	0.000293866423358	0.0119390437098	0.313,0.372,0.301	0.384,0.427,0.402	-0.076
11103	"HKR1"	"HKR1"	chr19	+	37346422	37346492	37347189	37347316	37335168	37335257	37347776	37347872	11103	11,6,13	84,56,102	2,1,0	36,21,31	168	198	0.00029322248756	0.0119390437098	0.134,0.112,0.131	0.061,0.053,0.0	0.088
7362	"FAM49B"	"FAM49B"	chr8	-	129903311	129903350	129970942	129970995	129879388	129879471	130016606	130016637	7362	8,5,3	101,91,129	7,19,19	111,97,115	151	137	0.000300206577115	0.0121489849176	0.067,0.047,0.021	0.054,0.151,0.13	-0.067
4649	"DTYMK"	"DTYMK"	chr2	-	241681918	241682333	241682798	241682915	241680228	241680319	241685768	241685877	4649	3,1,4	1,3,2	1,0,1	2,1,6	198	198	0.000305033066854	0.0122962746016	0.75,0.25,0.667	0.333,0.0,0.143	0.397
6209	"RP5-1021I20.4"	"RP5-1021I20.4"	chr14	+	73904901	73905083	73909340	73909430	73898070	73898262	73920979	73921105	6209	4,3,7	64,54,92	0,0,0	37,41,52	198	188	0.000310132914016	0.012453399183	0.056,0.05,0.067	0.0,0.0,0.0	0.058
8830	"NVL"	"NVL"	chr1	-	224311799	224311857	224313049	224313151	224307992	224308263	224317693	224317793	8830	1,0,13	67,46,68	0,0,0	50,31,58	198	156	0.000313831396874	0.012553255875	0.012,0.0,0.131	0.0,0.0,0.0	0.048
1353	"ZNF346"	"ZNF346"	chr5	+	177062057	177062151	177064511	177064601	177050750	177050936	177079381	177081189	1353	44,21,34	6,2,3	34,24,22	1,0,0	192	188	0.000316139044346	0.0125969249978	0.878,0.911,0.917	0.971,1.0,1.0	-0.088
303	"VPS28"	"VPS28"	chr8	-	144425921	144426063	144426179	144426208	144424945	144425772	144426908	144426983	303	214,128,184	11,11,26	113,70,103	3,2,4	127	198	0.00033026551081	0.0131093896245	0.968,0.948,0.917	0.983,0.982,0.976	-0.036
11362	"TMEM241"	"TMEM241"	chr18	-	23370215	23370261	23371421	23371470	23368714	23368750	23373711	23373763	11362	11,11,7	14,9,11	1,1,3	4,12,12	147	144	0.000335058087454	0.0132488617787	0.435,0.545,0.384	0.197,0.075,0.197	0.298
8744	"NCK2"	"NCK2"	chr2	+	105855047	105855289	105881327	105882049	105816429	105816613	105892981	105894274	8744	299,182,322	232,158,342	200,139,210	130,90,102	198	198	0.000350989410943	0.0138260467581	0.563,0.535,0.485	0.606,0.607,0.673	-0.101
5935	"ACP2"	"ACP2"	chr11	-	47245304	47245422	47245473	47245572	47243238	47243321	47245681	47245834	5935	149,99,166	14,9,10	138,99,119	3,5,1	197	198	0.000357572944557	0.0139790781344	0.915,0.917,0.943	0.979,0.952,0.992	-0.049
11751	"ARIH2"	"ARIH2"	chr3	+	48961611	48961679	48964918	48964982	48945135	48945181	48967124	48967170	11751	51,12,20	158,75,159	4,9,2	67,61,67	166	162	0.000356863194929	0.0139790781344	0.24,0.135,0.109	0.055,0.126,0.028	0.092
4296	"ALPK3"	"ALPK3"	chr15	+	84860036	84860072	84862634	84862915	84859775	84859903	84863551	84863640	4296	0,0,0	5,6,2	1,1,4	10,4,8	134	198	0.000358981741065	0.0139813941257	0.0,0.0,0.0	0.129,0.27,0.425	-0.275
7626	"RAD51B"	"RAD51B"	chr14	+	68291883	68291980	68411423	68411527	68000278	68000313	68468171	68468250	7626	1,3,6	10,7,26	0,1,0	4,9,3	195	198	0.000362955287183	0.0140832088959	0.092,0.303,0.19	0.0,0.101,0.0	0.161
7069	"KIAA1217"	"KIAA1217"	chr10	+	24536773	24536893	24542882	24544481	24533069	24533237	24544980	24545103	7069	4,5,14	56,45,87	15,18,7	28,20,40	198	198	0.000365636320267	0.0141342995446	0.067,0.1,0.139	0.349,0.474,0.149	-0.222
2372	"PACRGL"	"PACRGL"	chr4	+	20707802	20707870	20709682	20709773	20704659	20704814	20713431	20713539	2372	22,14,14	1,0,0	11,5,7	2,1,4	166	189	0.000367216590767	0.0141426166556	0.962,1.0,1.0	0.862,0.851,0.666	0.194
256	"IGFBP7"	"IGFBP7"	chr4	-	57033194	57033311	57040823	57040933	57032037	57032552	57109876	57110385	256	1,1,10	4,2,15	0,0,1	1,1,1	198	198	0.000372020811903	0.0142745763382	0.2,0.333,0.4	0.0,0.0,0.5	0.144
9015	"WDR45"	"WDR45"	chrX	-	49076644	49076750	49077642	49077747	49076429	49076524	49077836	49077911	9015	95,49,86	161,107,167	19,19,22	94,54,71	198	198	0.000376556225865	0.0143952859777	0.371,0.314,0.34	0.168,0.26,0.237	0.12
3933	"RP3-461F17.3"	"RP3-461F17.3"	chr12	+	6975228	6975378	6983001	6983206	6975089	6975148	6987781	6987838	3933	70,52,71	2,3,7	74,79,88	0,0,0	198	198	0.000384380835108	0.0146403876901	0.972,0.945,0.91	1.0,1.0,1.0	-0.058
7484	"ASPH"	"ASPH"	chr8	-	61618977	61619019	61633682	61633727	61583943	61584029	61637946	61638003	7484	62,34,67	51,23,45	110,75,103	39,24,47	143	140	0.000387052623147	0.0146881508271	0.543,0.591,0.593	0.734,0.754,0.682	-0.148
5593	"TMEM161A"	"TMEM161A"	chr19	-	19133129	19133306	19134783	19134887	19132656	19132754	19138425	19138453	5593	87,43,72	182,95,162	71,51,73	99,63,86	198	198	0.000393762342369	0.0148341013343	0.323,0.312,0.308	0.418,0.447,0.459	-0.127
9010	"CCDC150"	"CCDC150"	chr2	+	196672344	196672437	196674240	196674348	196669832	196669876	196676142	196676250	9010	4,3,5	20,13,24	4,11,8	4,6,13	191	198	0.000392804963186	0.0148341013343	0.172,0.193,0.178	0.509,0.655,0.389	-0.337
6610	"CNOT8"	"CNOT8"	chr5	+	154865191	154865385	154870660	154870822	154863206	154863395	154871729	154871874	6610	196,141,179	151,80,154	90,75,83	100,103,101	198	198	0.000396955033573	0.0149001961877	0.565,0.638,0.538	0.474,0.421,0.451	0.132
153	"RFWD2"	"RFWD2"	chr1	-	176149005	176149074	176162868	176162988	176116623	176116681	176163814	176163891	153	54,26,59	5,4,4	36,31,47	2,0,0	198	167	0.00040470628037	0.0151363070925	0.901,0.846,0.926	0.938,1.0,1.0	-0.088
2953	"ANAPC15"	"ANAPC15"	chr11	-	72111156	72111286	72111411	72111496	72110543	72110603	72111923	72112232	2953	23,20,31	485,237,455	13,3,2	248,179,233	183	198	0.000408209447814	0.0151578848722	0.049,0.084,0.069	0.054,0.018,0.009	0.04
3569	"SUMF2"	"SUMF2"	chr7	+	56074173	56074218	56074585	56074639	56068481	56068638	56076833	56076889	3569	16,3,11	2,0,0	11,14,13	2,6,3	143	152	0.000406850753002	0.0151578848722	0.895,1.0,1.0	0.854,0.713,0.822	0.169
4823	"PVT1"	"PVT1"	chr8	+	127939507	127939676	127983903	127984204	127890627	127890998	127989161	127989291	4823	75,40,77	3,0,2	38,13,12	3,5,3	198	198	0.000416268329036	0.0153723150324	0.962,1.0,0.975	0.927,0.722,0.8	0.163
10802	"HADHB"	"HADHB"	chr2	+	26263379	26263479	26269952	26269997	26244894	26244990	26273650	26273750	10802	1,0,2	87,28,43	5,3,6	43,46,42	198	143	0.000416951788041	0.0153723150324	0.008,0.0,0.033	0.077,0.045,0.094	-0.058
3903	"RBM6"	"RBM6"	chr3	+	50048244	50048319	50054334	50054395	49962575	49962685	50057727	50058003	3903	13,3,12	137,72,105	1,0,3	66,38,55	173	159	0.000419039748635	0.015377865387	0.08,0.037,0.095	0.014,0.0,0.048	0.05
8487	"ZUFSP"	"ZUFSP"	chr6	-	116660735	116660846	116666633	116667207	116658802	116658924	116668565	116668794	8487	15,13,24	118,49,132	34,13,25	55,57,35	198	198	0.000420071033255	0.015377865387	0.113,0.21,0.154	0.382,0.186,0.417	-0.169
3703	"IMMT"	"IMMT"	chr2	-	86161951	86162079	86166507	86166644	86159535	86159671	86170748	86170801	3703	202,89,148	13,14,9	150,164,170	8,3,3	198	198	0.0004218920267	0.0153901457627	0.94,0.864,0.943	0.949,0.982,0.983	-0.056
3334	"PAIP1"	"PAIP1"	chr5	-	43547727	43547913	43555829	43555999	43543003	43543116	43556818	43557077	3334	26,16,22	496,277,472	5,5,9	289,272,307	198	198	0.000424279896038	0.0154229463963	0.05,0.055,0.045	0.017,0.018,0.028	0.029
4389	"PIGU"	"PIGU"	chr20	-	34585436	34585580	34588452	34588607	34575103	34575246	34616041	34616139	4389	107,55,91	5,0,13	57,40,44	1,0,1	198	198	0.000454159859101	0.0164513851059	0.955,1.0,0.875	0.983,1.0,0.978	-0.044
10064	"TACC2"	"TACC2"	chr10	+	122143571	122143706	122195039	122195176	122132608	122132734	122210396	122211708	10064	26,17,32	77,57,69	7,0,3	31,29,21	198	198	0.000490473125665	0.0177048835606	0.252,0.23,0.317	0.184,0.0,0.125	0.163
4289	"GIT2"	"GIT2"	chr12	-	109961277	109961375	109961612	109961685	109953091	109953234	109965525	109965574	4289	26,24,39	8,0,7	33,13,40	2,0,1	171	196	0.000496706890835	0.0178101718214	0.788,1.0,0.865	0.95,1.0,0.979	-0.092
5621	"SPIN1"	"SPIN1"	chr9	+	88416643	88416766	88418777	88418951	88415606	88415699	88426381	88426591	5621	10,3,0	42,24,55	1,0,0	22,14,15	198	198	0.000496828152162	0.0178101718214	0.192,0.111,0.0	0.043,0.0,0.0	0.087
7196	"ANKRD26"	"ANKRD26"	chr10	-	27043425	27043567	27044156	27044190	27039964	27040178	27046352	27046523	7196	4,1,2	6,3,14	2,0,0	10,7,9	132	198	0.000501610887424	0.0178992864125	0.5,0.333,0.176	0.231,0.0,0.0	0.259
8977	"RNF8"	"RNF8"	chr6	+	37368377	37369218	37371511	37371574	37360445	37360574	37374619	37374709	8977	3,2,2	157,82,191	3,5,6	54,48,68	198	161	0.00050276953147	0.0178992864125	0.015,0.019,0.008	0.043,0.078,0.067	-0.049
6088	"ALG5"	"ALG5"	chr13	-	36989483	36989555	36993603	36993672	36985626	36985740	36994988	36995035	6088	95,49,57	94,61,100	52,62,56	38,24,40	167	170	0.000505977826867	0.0179518160491	0.507,0.45,0.367	0.582,0.724,0.588	-0.19
5934	"ACP2"	"ACP2"	chr11	-	47245304	47245394	47245473	47245572	47243238	47243321	47245681	47245834	5934	149,99,166	14,9,9	138,99,119	3,5,1	197	188	0.000529093802438	0.0187078900794	0.91,0.913,0.946	0.978,0.95,0.991	-0.05
3855	"GNB1L"	"GNB1L"	chr22	-	19806658	19806757	19812284	19812447	19801998	19802216	19854442	19854816	3855	4,5,2	34,18,38	1,0,0	18,5,17	198	197	0.000534741122256	0.018715939279	0.105,0.217,0.05	0.052,0.0,0.0	0.107
6323	"ETV4"	"ETV4"	chr17	-	43532673	43532939	43533186	43533348	43530106	43530181	43533858	43533985	6323	176,93,156	72,39,61	66,42,61	54,33,37	198	198	0.000534231047195	0.018715939279	0.71,0.705,0.719	0.55,0.56,0.622	0.134
6693	"MRRF"	"MRRF"	chr9	+	122286038	122286166	122291748	122291840	122285168	122285287	122313226	122313386	6693	5,4,12	102,62,95	5,4,0	142,109,161	198	190	0.000532427622038	0.018715939279	0.045,0.058,0.108	0.033,0.034,0.0	0.048
4949	"DMKN"	"DMKN"	chr19	-	35506125	35506185	35508204	35508240	35505938	35505986	35510183	35510252	4949	21,8,14	9,3,12	1,1,7	11,6,9	134	158	0.000538110233417	0.0187704445057	0.733,0.759,0.579	0.097,0.164,0.478	0.444
4440	"HDAC10"	"HDAC10"	chr22	-	50248830	50248859	50249327	50249516	50248661	50248751	50249634	50249703	4440	6,1,3	6,1,2	2,0,0	4,1,2	198	127	0.000549929610572	0.0189909025518	0.391,0.391,0.49	0.243,0.0,0.0	0.343
8667	"TGFBR3"	"TGFBR3"	chr1	-	91797286	91797471	91861470	91861644	91758612	91758750	91885877	91885932	8667	1,3,4	6,4,13	0,1,0	5,2,5	198	198	0.00054894722447	0.0189909025518	0.143,0.429,0.235	0.0,0.333,0.0	0.158
9741	"PPRC1"	"PPRC1"	chr10	+	102144249	102144307	102146671	102147392	102139099	102142004	102148371	102148521	9741	6,4,4	77,49,131	0,0,1	66,39,45	156	198	0.000548513799369	0.0189909025518	0.09,0.094,0.037	0.0,0.0,0.027	0.065
10093	"C5orf45"	"C5orf45"	chr5	-	179847977	179848066	179853196	179853276	179844151	179844227	179853377	179853437	10093	5,11,15	293,198,310	2,1,0	94,101,117	178	187	0.000556669527741	0.0191597883967	0.018,0.055,0.048	0.022,0.01,0.0	0.03
3782	"USP10"	"USP10"	chr16	+	84733434	84733503	84740308	84740369	84699977	84700111	84744632	84745673	3782	91,48,103	325,174,341	67,52,63	149,100,138	167	159	0.00055889480631	0.0191726827595	0.21,0.208,0.223	0.3,0.331,0.303	-0.098
9779	"MAPKAPK5"	"MAPKAPK5"	chr12	+	111868752	111868861	111870270	111870360	111866155	111866231	111871084	111871180	9779	17,8,22	126,74,125	17,18,13	52,39,49	198	188	0.000564750225299	0.0192460932043	0.114,0.093,0.143	0.237,0.305,0.201	-0.131
11087	"TRAPPC4"	"TRAPPC4"	chr11	+	119019142	119019317	119020149	119020253	119018431	119018970	119021759	119021886	11087	443,267,446	152,102,125	326,243,303	163,137,130	198	198	0.000563061109969	0.0192460932043	0.745,0.724,0.781	0.667,0.639,0.7	0.081
1181	"MAP2K1"	"MAP2K1"	chr15	+	66436745	66436892	66443279	66443357	66386816	66387427	66444655	66444707	1181	9,2,7	72,46,86	1,2,3	82,96,104	198	176	0.000578635822785	0.0195904154381	0.1,0.037,0.067	0.011,0.018,0.025	0.05
3536	"DLG1"	"DLG1"	chr3	-	197149742	197149796	197161639	197161738	197140139	197140264	197194424	197194589	3536	100,49,99	74,28,60	59,50,72	21,16,24	197	152	0.000578355725741	0.0195904154381	0.51,0.575,0.56	0.684,0.707,0.698	-0.148
11225	"PSPH"	"PSPH"	chr7	-	56031928	56031977	56033960	56034106	56021180	56021231	56051137	56051446	11225	8,4,7	256,133,264	9,20,8	174,137,167	198	147	0.000582423539565	0.019654423029	0.023,0.022,0.019	0.037,0.098,0.034	-0.035
5591	"TMEM161A"	"TMEM161A"	chr19	-	19133129	19133210	19134783	19134887	19132656	19132754	19138425	19138462	5591	87,43,72	185,96,176	71,51,73	105,68,90	198	179	0.000597725752184	0.0201053207553	0.298,0.288,0.27	0.379,0.404,0.423	-0.117
9112	"NFIB"	"NFIB"	chr9	-	14112998	14113081	14116180	14116346	14102421	14102510	14120439	14120624	9112	90,53,87	47,25,52	59,29,51	59,31,49	198	181	0.000603005485664	0.0202172712993	0.636,0.66,0.605	0.478,0.461,0.488	0.158
2445	"CCNYL1"	"CCNYL1"	chr2	+	207733946	207734047	207737410	207737446	207724799	207724874	207742222	207742342	2445	2,0,0	3,2,3	1,2,3	4,1,0	198	134	0.000606442110473	0.020266904079	0.311,0.0,0.0	0.145,0.575,1.0	-0.47
11470	"WDR61"	"WDR61"	chr15	-	78289950	78290099	78292615	78292885	78289618	78289712	78293166	78293272	11470	12,7,18	84,57,80	6,2,3	61,54,76	198	198	0.000621452688831	0.0207017680267	0.125,0.109,0.184	0.09,0.036,0.038	0.085
5936	"ACP2"	"ACP2"	chr11	-	47245304	47245427	47245473	47245572	47243238	47243321	47245681	47245834	5936	149,99,166	15,9,10	138,99,119	3,5,2	197	198	0.000644630602091	0.021347482818	0.909,0.917,0.943	0.979,0.952,0.984	-0.049
6390	"DNM1L"	"DNM1L"	chr12	+	32737864	32737942	32738263	32738296	32737104	32737161	32740063	32740240	6390	44,24,42	30,11,17	15,21,15	21,21,25	176	131	0.000644957733786	0.021347482818	0.522,0.619,0.648	0.347,0.427,0.309	0.235
8264	"SLC39A9"	"SLC39A9"	chr14	+	69424093	69424202	69442068	69442266	69398385	69398603	69453240	69453309	8264	7,4,9	62,44,62	1,1,2	47,37,46	198	198	0.00066576660452	0.0219660573975	0.101,0.083,0.127	0.021,0.026,0.042	0.074
3275	"DCAF8"	"DCAF8"	chr1	-	160220458	160220691	160221086	160221210	160218848	160218968	160222650	160222781	3275	4,4,2	6,7,11	0,0,2	6,2,9	198	198	0.000674107775272	0.0221706557201	0.4,0.364,0.154	0.0,0.0,0.182	0.245
182	"UQCC1"	"UQCC1"	chr20	-	35366556	35366614	35381917	35382025	35347163	35347272	35394091	35394196	182	5,4,5	58,23,69	0,0,0	11,10,10	198	156	0.000708437244456	0.0231527124687	0.064,0.121,0.054	0.0,0.0,0.0	0.08
8055	"PTCD2"	"PTCD2"	chr5	+	72326611	72326741	72331257	72331375	72322171	72322264	72335017	72335096	8055	38,15,28	8,2,9	20,13,13	0,1,2	198	198	0.000706810467445	0.0231527124687	0.826,0.882,0.757	1.0,0.929,0.867	-0.11
453	"WDR19"	"WDR19"	chr4	+	39194543	39194659	39199477	39199593	39189655	39189781	39203641	39203722	453	6,7,3	10,8,12	1,0,1	3,2,6	198	198	0.000713062398413	0.0232305863131	0.375,0.467,0.2	0.25,0.0,0.143	0.216
6968	"NDUFAF7"	"NDUFAF7"	chr2	+	37241577	37241637	37242634	37242693	37237756	37237835	37243862	37243973	6968	4,3,1	21,6,19	1,0,0	15,12,16	158	157	0.000729216126722	0.0236083721026	0.159,0.332,0.05	0.062,0.0,0.0	0.16
7806	"NMRAL1"	"NMRAL1"	chr16	-	4469226	4469465	4474092	4474166	4466152	4466402	4474553	4474895	7806	2,1,2	1,0,0	0,0,4	4,1,0	172	198	0.000727122070545	0.0236083721026	0.697,1.0,1.0	0.0,0.0,1.0	0.566
7231	"HAUS2"	"HAUS2"	chr15	+	42558197	42558290	42559338	42559408	42548837	42548965	42560781	42560870	7231	73,46,54	34,30,33	77,55,59	18,11,22	191	168	0.000746625500807	0.0240966984061	0.654,0.574,0.59	0.79,0.815,0.702	-0.163
7988	"PHF3"	"PHF3"	chr6	+	63646526	63646795	63678827	63679020	63636110	63636150	63679999	63680161	7988	38,15,38	5,5,5	11,13,18	2,0,0	198	198	0.000751880379732	0.0241909339566	0.884,0.75,0.884	0.846,1.0,1.0	-0.109
6252	"DONSON"	"DONSON"	chr21	-	33583487	33583666	33584589	33584768	33582164	33582246	33585977	33586181	6252	323,173,300	257,153,293	252,198,212	340,234,275	198	198	0.000773548101675	0.0247344393005	0.557,0.531,0.506	0.426,0.458,0.435	0.092
8223	"TMX2"	"TMX2"	chr11	+	57737835	57738026	57738353	57738430	57737607	57737668	57738663	57738770	8223	65,28,52	414,195,443	24,18,11	269,198,225	198	175	0.000773295329164	0.0247344393005	0.122,0.113,0.094	0.073,0.074,0.041	0.047
8340	"ADCY3"	"ADCY3"	chr2	-	24827545	24827608	24827901	24828023	24826044	24826126	24830708	24830825	8340	20,11,14	55,17,58	6,1,14	60,41,65	198	161	0.000779110343681	0.024835640494	0.228,0.345,0.164	0.075,0.019,0.149	0.165
11088	"TRAPPC4"	"TRAPPC4"	chr11	+	119019142	119019424	119020149	119020253	119018789	119018970	119021759	119021886	11088	424,262,437	152,102,125	319,240,297	163,137,130	198	198	0.000789373805459	0.0250856215477	0.736,0.72,0.778	0.662,0.637,0.696	0.08
8994	"ABHD8"	"ABHD8"	chr19	-	17294674	17294845	17300855	17301624	17292130	17292831	17303241	17303473	8994	133,103,154	4,1,16	74,59,90	1,2,0	198	198	0.000802408054212	0.0254218576197	0.971,0.99,0.906	0.987,0.967,1.0	-0.029
8265	"SLC39A9"	"SLC39A9"	chr14	+	69424093	69424202	69442068	69442266	69398389	69398450	69453240	69453309	8265	36,19,23	62,44,62	9,8,9	47,37,46	198	198	0.000813693117843	0.0257007948197	0.367,0.302,0.271	0.161,0.178,0.164	0.146
2940	"RCOR3"	"RCOR3"	chr1	+	211295675	211295753	211304082	211304140	211289177	211289396	211312719	211312804	2940	86,38,62	38,34,52	45,27,38	10,5,15	176	156	0.000820186286449	0.0258271426371	0.667,0.498,0.514	0.8,0.827,0.692	-0.213
10812	"FGGY"	"FGGY"	chr1	+	59339957	59340069	59378748	59378837	59321535	59321750	59456960	59457076	10812	6,4,5	2,1,1	4,0,3	6,1,7	198	187	0.000826305885226	0.0259193155768	0.739,0.791,0.825	0.386,0.0,0.288	0.56
11227	"PSPH"	"PSPH"	chr7	-	56031928	56032054	56033960	56034106	56021072	56021231	56051137	56051604	11227	8,4,7	580,300,514	9,20,8	379,304,379	198	198	0.000828117128949	0.0259193155768	0.014,0.013,0.013	0.023,0.062,0.021	-0.022
8189	"CEP164"	"CEP164"	chr11	+	117382795	117382942	117387202	117387412	117381700	117381868	117390776	117390908	8189	3,4,9	86,32,84	1,2,0	60,42,55	198	198	0.000835086506344	0.0260587235112	0.034,0.111,0.097	0.016,0.045,0.0	0.06
558	"CASP8"	"CASP8"	chr2	+	201266460	201266791	201271515	201271621	201258035	201258382	201272637	201272776	558	9,7,23	133,79,144	20,10,19	69,65,57	198	198	0.000840864666556	0.0261602340706	0.063,0.081,0.138	0.225,0.133,0.25	-0.109
8461	"VEPH1"	"VEPH1"	chr3	-	157489054	157489160	157493186	157493293	157470418	157470529	157495211	157495506	8461	3,3,0	5,4,3	0,1,0	4,9,5	198	198	0.00085369431119	0.0264798594728	0.375,0.429,0.0	0.0,0.1,0.0	0.235
2974	"BRCC3"	"BRCC3"	chrX	+	155099314	155099389	155116056	155116188	155090783	155090839	155116710	155116754	2974	3,7,9	149,85,213	15,10,20	202,96,135	173	198	0.000876839141561	0.0271165776316	0.023,0.086,0.046	0.078,0.107,0.145	-0.058
1673	"RP11-421L21.3"	"RP11-421L21.3"	chr1	+	101075394	101075716	101083460	101083574	101025918	101026061	101086851	101087171	1673	2,1,0	12,5,10	1,7,1	4,2,0	198	198	0.000890502244558	0.0274571525405	0.143,0.167,0.0	0.2,0.778,1.0	-0.556
9016	"WDR45"	"WDR45"	chrX	-	49076644	49076753	49077642	49077747	49076429	49076524	49077836	49077911	9016	95,49,86	146,99,156	19,19,22	82,50,62	198	198	0.00091160530498	0.0280244242124	0.394,0.331,0.355	0.188,0.275,0.262	0.118
7481	"ITPA"	"ITPA"	chr20	+	3213168	3213226	3213257	3213383	3209488	3209535	3213984	3214058	7481	10,6,20	88,32,91	4,3,5	87,51,61	156	198	0.00092700703323	0.0284135883558	0.126,0.192,0.218	0.055,0.069,0.094	0.106
9065	"MAGOH"	"MAGOH"	chr1	-	53228871	53228954	53233541	53233652	53226891	53227144	53235576	53235635	9065	211,134,191	256,136,222	197,198,208	163,135,167	198	181	0.000957317541224	0.0292560758911	0.43,0.474,0.44	0.525,0.573,0.532	-0.095
8114	"ZZEF1"	"ZZEF1"	chr17	-	4022708	4022828	4024918	4025118	4019668	4019769	4032125	4032258	8114	45,24,24	1,4,4	15,19,21	0,0,0	198	198	0.000989471595051	0.0301497815433	0.978,0.857,0.857	1.0,1.0,1.0	-0.103
2018	"FAM21A"	"FAM21A"	chr10	+	50080757	50080931	50084071	50084165	50078674	50078737	50085496	50085558	2018	49,27,53	13,8,18	28,40,37	8,0,2	198	192	0.00100861866348	0.0306430772834	0.785,0.766,0.741	0.772,1.0,0.947	-0.142
5154	"RPL13A"	"RPL13A"	chr19	+	49489849	49489922	49490231	49490297	49487553	49487644	49490474	49490576	5154	23,11,31	2126,1277,2229	44,30,62	2585,2042,2205	171	164	0.00102825502304	0.0311483100547	0.01,0.008,0.013	0.016,0.014,0.026	-0.008
5624	"SPIN1"	"SPIN1"	chr9	+	88448940	88448989	88468371	88468605	88388429	88388538	88475077	88475245	5624	7,8,7	304,143,234	0,0,2	99,85,116	147	198	0.00103794684673	0.031350231289	0.03,0.07,0.039	0.0,0.0,0.023	0.039
6694	"MRRF"	"MRRF"	chr9	+	122291748	122291840	122313226	122313386	122270863	122271075	122322539	122323461	6694	4,3,3	43,25,38	1,0,2	69,51,73	190	198	0.00104282687286	0.0314060651245	0.088,0.111,0.076	0.015,0.0,0.028	0.077
2450	"CCNYL1"	"CCNYL1"	chr2	+	207737410	207737446	207742222	207742342	207726841	207726876	207747046	207747213	2450	8,4,9	90,49,70	2,1,3	64,74,73	134	198	0.00104922532048	0.0315071719425	0.116,0.108,0.16	0.044,0.02,0.057	0.088
1423	"ZNF148"	"ZNF148"	chr3	-	125323308	125323444	125331157	125331238	125313307	125313656	125375101	125375251	1423	75,30,75	156,94,169	48,42,34	43,53,56	179	198	0.00106644753091	0.0319317815614	0.347,0.261,0.329	0.553,0.467,0.402	-0.162
9642	"ANKRD27"	"ANKRD27"	chr19	-	32605834	32605954	32607634	32607832	32604262	32604424	32615657	32615780	9642	240,153,244	91,75,81	118,75,105	69,64,60	198	198	0.00108107846591	0.0322765789822	0.725,0.671,0.751	0.631,0.54,0.636	0.113
6319	"COQ3"	"COQ3"	chr6	-	99380188	99380341	99383697	99383824	99375939	99376182	99394073	99394204	6319	102,49,74	4,8,6	105,75,101	3,2,1	198	198	0.00110061122846	0.0327653227783	0.962,0.86,0.925	0.972,0.974,0.99	-0.063
1839	"ZMYND8"	"ZMYND8"	chr20	-	47298728	47298947	47310055	47310204	47294665	47294779	47318950	47319061	1839	11,3,17	76,44,65	0,1,4	44,23,31	198	198	0.00111717803413	0.0331632218727	0.126,0.064,0.207	0.0,0.042,0.114	0.08
1037	"ZDHHC9"	"ZDHHC9"	chrX	-	129828980	129829141	129841778	129841956	129823678	129823837	129843695	129843909	1037	2,6,2	43,34,60	0,0,0	57,30,46	198	198	0.00112205534796	0.0332128382996	0.044,0.15,0.032	0.0,0.0,0.0	0.075
8464	"KLHL23"	"KLHL23"	chr2	+	169697892	169697982	169735012	169736227	169697360	169697531	169741384	169741537	8464	2,2,7	36,25,17	0,0,2	19,19,20	188	198	0.00112604921124	0.0332360963773	0.055,0.078,0.302	0.0,0.0,0.095	0.113
7096	"ASCC2"	"ASCC2"	chr22	-	29827476	29827600	29832244	29832342	29825621	29825780	29834488	29834550	7096	157,73,141	10,3,13	120,90,104	2,2,3	196	198	0.00113549612434	0.0334197154777	0.941,0.961,0.916	0.984,0.978,0.972	-0.039
8045	"ZNF83"	"ZNF83"	chr19	-	52655560	52655687	52660761	52660843	52635065	52635153	52690442	52690496	8045	19,6,12	29,14,34	12,10,14	10,5,10	180	198	0.00115109768273	0.0337829234932	0.419,0.32,0.28	0.569,0.688,0.606	-0.281
3257	"FGFR1"	"FGFR1"	chr8	-	38421796	38421941	38423024	38423175	38419532	38419735	38424508	38424699	3257	19,7,37	225,141,244	6,5,0	96,66,101	198	198	0.00115725669584	0.0338146011577	0.078,0.047,0.132	0.059,0.07,0.0	0.043
6673	"ATG4B"	"ATG4B"	chr2	+	241651883	241652012	241653306	241653369	241651263	241651335	241653511	241653610	6673	4,3,6	79,44,70	0,0,1	60,40,58	198	161	0.00116196892009	0.0338146011577	0.04,0.053,0.065	0.0,0.0,0.014	0.048
7074	"DOPEY2"	"DOPEY2"	chr21	+	36280284	36280346	36281482	36281611	36278208	36278355	36288013	36288150	7074	15,9,21	65,29,71	11,15,14	23,18,12	160	198	0.00116000253414	0.0338146011577	0.222,0.277,0.268	0.372,0.508,0.591	-0.235
8118	"RNF121"	"RNF121"	chr11	+	71960749	71960891	71982760	71982915	71929033	71929124	71987003	71987111	8118	28,7,20	78,26,63	7,7,1	58,25,43	198	198	0.00118147704949	0.0342860006519	0.264,0.212,0.241	0.108,0.219,0.023	0.122
11433	"PLEKHB1"	"PLEKHB1"	chr11	+	73649011	73649087	73650552	73650705	73647548	73647738	73651787	73651890	11433	73,43,82	98,53,83	12,16,15	7,8,6	174	198	0.00119454482852	0.0345683922443	0.459,0.48,0.529	0.661,0.695,0.74	-0.209
8122	"RNF121"	"RNF121"	chr11	+	71962151	71962289	71982806	71982915	71960749	71960891	71987003	71987111	8122	5,0,6	79,27,63	0,0,0	59,29,49	198	198	0.00120052756001	0.0346447507568	0.06,0.0,0.087	0.0,0.0,0.0	0.049
11753	"OGDH"	"OGDH"	chr7	+	44624316	44624565	44666735	44666851	44606587	44606653	44673786	44673941	11753	123,80,111	262,141,252	132,119,176	210,173,196	198	198	0.00121358917816	0.0349243996826	0.319,0.362,0.306	0.386,0.408,0.473	-0.093
1841	"ZMYND8"	"ZMYND8"	chr20	-	47310055	47310204	47347855	47347926	47298728	47298872	47355449	47355520	1841	9,8,8	36,23,28	1,2,0	8,13,11	169	198	0.00122160037363	0.035057561969	0.227,0.29,0.251	0.128,0.153,0.0	0.162
2954	"PLAT"	"PLAT"	chr8	-	42185080	42185158	42187397	42187572	42182718	42182890	42187905	42188016	2954	9,4,8	5,4,11	2,2,2	0,2,0	198	176	0.00125743516063	0.035986265923	0.615,0.471,0.393	1.0,0.471,1.0	-0.331
698	"UBXN2B"	"UBXN2B"	chr8	+	58430518	58430669	58433159	58433243	58416849	58416953	58434394	58434504	698	52,33,46	73,47,86	33,35,57	26,29,52	198	182	0.00132789072529	0.0378979281378	0.396,0.392,0.33	0.538,0.526,0.502	-0.149
6113	"SRPK1"	"SRPK1"	chr6	-	35904878	35904974	35920467	35920528	35890894	35891013	35921043	35921342	6113	347,217,352	5,4,8	224,166,242	11,8,12	159	194	0.00135282445843	0.0385034653553	0.988,0.985,0.982	0.961,0.962,0.961	0.024
5792	"EXTL3"	"EXTL3"	chr8	+	28713456	28713550	28715584	28718207	28701326	28701659	28731222	28731350	5792	35,15,27	45,24,18	13,9,26	61,39,45	192	198	0.00136363766251	0.0387048936537	0.445,0.392,0.607	0.18,0.192,0.373	0.233
8093	"TBC1D15"	"TBC1D15"	chr12	+	71841100	71841231	71854562	71854602	71839758	71839811	71872069	71872168	8093	3,0,0	1,1,1	0,3,2	2,0,0	198	138	0.00139985791854	0.0396243935412	0.676,0.0,0.0	0.0,1.0,1.0	-0.441
1412	"SLC3A2"	"SLC3A2"	chr11	+	62882504	62882618	62882666	62882807	62881698	62882066	62882907	62882999	1412	8,4,7	14,15,10	0,2,0	3,3,4	198	198	0.00145677043361	0.0411230018861	0.364,0.211,0.412	0.0,0.4,0.0	0.196
2416	"TFDP2"	"TFDP2"	chr3	-	142005440	142005544	142093060	142093127	141993537	141993585	142101734	142101841	2416	51,15,42	16,8,12	30,21,30	20,19,25	165	198	0.00146978923048	0.0412656271755	0.793,0.692,0.808	0.643,0.57,0.59	0.163
3984	"IL20RB"	"IL20RB"	chr3	+	136991937	136992088	136995413	136995556	136989440	136989565	137010112	137011085	3984	4,7,7	4,3,6	3,1,3	0,0,2	198	198	0.00146895951402	0.0412656271755	0.5,0.7,0.538	1.0,1.0,0.6	-0.287
2255	"MRPL13"	"MRPL13"	chr8	-	120419851	120419938	120425305	120425366	120395436	120396125	120443184	120443308	2255	1,0,17	4,3,4	0,0,1	2,4,1	159	185	0.00149022367939	0.0417262630229	0.225,0.0,0.832	0.0,0.0,0.538	0.173
1985	"VEGFA"	"VEGFA"	chr6	+	43778459	43778536	43782010	43782087	43777468	43777665	43784540	43784562	1985	583,328,638	138,65,149	169,115,141	50,50,50	175	175	0.00150401619926	0.0419989429227	0.809,0.835,0.811	0.772,0.697,0.738	0.083
4119	"DAG1"	"DAG1"	chr3	+	49470964	49471049	49476848	49476900	49470246	49470274	49510418	49510819	4119	3,0,0	7,12,4	4,5,3	7,3,11	183	150	0.00152118983705	0.0421466516466	0.26,0.0,0.0	0.319,0.577,0.183	-0.273
6442	"GAN"	"GAN"	chr16	+	81351582	81351697	81354404	81354755	81314951	81315280	81356784	81357002	6442	7,1,5	11,2,11	1,2,1	13,8,13	198	198	0.00152151039728	0.0421466516466	0.389,0.333,0.313	0.071,0.2,0.071	0.231
7668	"WDSUB1"	"WDSUB1"	chr2	-	159257757	159257864	159259809	159259843	159256195	159256375	159271701	159271795	7668	0,4,3	16,4,17	1,0,0	5,2,20	132	198	0.00151997068225	0.0421466516466	0.0,0.6,0.209	0.231,0.0,0.0	0.193
11011	"ADNP"	"ADNP"	chr20	-	50903888	50904001	50928650	50928825	50902016	50902109	50930825	50930990	11011	80,43,64	374,187,373	13,8,2	75,63,93	198	198	0.00154541943698	0.0426947876456	0.176,0.187,0.146	0.148,0.113,0.021	0.076
7095	"ASCC2"	"ASCC2"	chr22	-	29827476	29827600	29832244	29832342	29825621	29825780	29834441	29834550	7095	126,52,107	9,4,11	102,80,79	2,2,3	196	198	0.00156524739172	0.0431275611123	0.934,0.929,0.908	0.981,0.976,0.964	-0.05
1190	"CDC16"	"CDC16"	chr13	+	114236801	114236896	114238989	114239028	114236644	114236699	114239349	114239490	1190	36,31,24	82,57,94	10,12,8	50,43,71	193	137	0.00158031689565	0.0431981082821	0.238,0.279,0.153	0.124,0.165,0.074	0.102
10304	"TMBIM6"	"TMBIM6"	chr12	+	49743416	49743565	49744412	49744542	49741956	49742115	49752463	49752549	10304	6,2,1	8,6,15	1,9,13	4,0,2	198	198	0.00157673794687	0.0431981082821	0.429,0.25,0.063	0.2,1.0,0.867	-0.442
10841	"DPM1"	"DPM1"	chr20	-	50942030	50942126	50945736	50945762	50936147	50936262	50945846	50945861	10841	64,41,51	84,51,54	33,37,29	20,24,19	124	194	0.00157602196486	0.0431981082821	0.544,0.557,0.596	0.721,0.707,0.705	-0.145
3411	"UBE3C"	"UBE3C"	chr7	+	157220688	157220776	157223253	157223351	157216866	157216971	157225406	157225539	3411	81,35,68	114,71,119	93,65,82	83,75,86	186	196	0.00159323738802	0.0434366824734	0.428,0.342,0.376	0.541,0.477,0.501	-0.124
1157	"NUBPL"	"NUBPL"	chr14	+	31846470	31846591	31850118	31850201	31826628	31826714	31859117	31860273	1157	17,12,12	12,5,11	7,2,7	18,9,11	198	181	0.00161293050198	0.043858162731	0.564,0.687,0.499	0.262,0.169,0.368	0.317
3132	"MCM8"	"MCM8"	chr20	+	5972006	5972037	5972575	5972726	5967829	5968025	5973055	5973196	3132	68,44,81	9,7,10	46,30,39	0,2,3	129	198	0.00163018426329	0.0442112800201	0.921,0.906,0.926	1.0,0.958,0.952	-0.052
6605	"CNOT8"	"CNOT8"	chr5	+	154858638	154858816	154863206	154863395	154858261	154858525	154865191	154865385	6605	9,1,12	185,130,168	0,1,2	82,73,76	198	198	0.00163756443767	0.0442954766952	0.046,0.008,0.067	0.0,0.014,0.026	0.027
8099	"TBC1D15"	"TBC1D15"	chr12	+	71872928	71873003	71880468	71880607	71872069	71872168	71884810	71885021	8099	76,34,61	63,28,40	39,42,29	62,53,37	173	198	0.00164320902843	0.0443324102462	0.58,0.582,0.636	0.419,0.476,0.473	0.143
1486	"DYNC1H1"	"DYNC1H1"	chr14	+	102036488	102036642	102038459	102038606	102034324	102034452	102038697	102038848	1486	222,136,242	112,50,78	175,105,157	87,93,107	198	198	0.00165198894968	0.0443489467583	0.665,0.731,0.756	0.668,0.53,0.595	0.12
4714	"EMID1"	"EMID1"	chr22	+	29243444	29243489	29254202	29254287	29234304	29234349	29258816	29259597	4714	2,0,5	3,1,3	3,1,1	2,0,0	143	183	0.00165238353752	0.0443489467583	0.46,0.0,0.681	0.657,1.0,1.0	-0.505
1684	"NDUFS2"	"NDUFS2"	chr1	+	161206406	161206597	161209192	161209313	161202045	161202480	161209482	161209516	1684	11,10,25	188,98,188	11,4,8	185,165,184	198	198	0.00167050527581	0.0446042130345	0.055,0.093,0.117	0.056,0.024,0.042	0.048
9905	"RAB28"	"RAB28"	chr4	-	13369870	13369965	13371794	13371867	13367724	13368650	13376544	13376622	9905	2,3,1	12,4,9	0,1,0	11,12,20	171	193	0.00167010009681	0.0446042130345	0.158,0.458,0.111	0.0,0.086,0.0	0.214
11124	"TASP1"	"TASP1"	chr20	-	13587249	13587370	13623445	13623514	13559007	13559114	13625184	13625252	11124	11,9,9	1,2,4	4,11,9	1,0,0	167	198	0.00169187676977	0.0450587232258	0.929,0.842,0.727	0.826,1.0,1.0	-0.109
3425	"ADAM15"	"ADAM15"	chr1	+	155055786	155055852	155055931	155056000	155054313	155054506	155056385	155056470	3425	6,3,4	10,6,3	2,1,0	7,4,7	164	167	0.00170848703042	0.0453844247055	0.379,0.337,0.576	0.225,0.203,0.0	0.288
9283	"PRKRA"	"PRKRA"	chr2	-	178447504	178447586	178450241	178450411	178444421	178444500	178450965	178451151	9283	186,102,182	76,58,114	92,67,85	76,62,71	198	180	0.00171940607745	0.0455576648654	0.69,0.615,0.592	0.524,0.496,0.521	0.119
8628	"CASP8AP2"	"CASP8AP2"	chr6	+	89846561	89846644	89853165	89853234	89829899	89830106	89854816	89854917	8628	3,2,8	44,26,51	2,0,0	28,18,19	181	167	0.0017279415154	0.0456670257641	0.059,0.066,0.126	0.062,0.0,0.0	0.063
10349	"ETHE1"	"ETHE1"	chr19	-	43511436	43511566	43526514	43526659	43508774	43508864	43527096	43527201	10349	94,37,58	67,37,39	28,19,29	43,28,40	198	198	0.00173779648977	0.0458106148448	0.584,0.5,0.598	0.394,0.404,0.42	0.155
8279	"SCAP"	"SCAP"	chr3	-	47435007	47435137	47442871	47443091	47423932	47424045	47475798	47475937	8279	55,27,45	3,1,4	19,11,26	4,6,5	198	198	0.00174269101018	0.0458230428057	0.948,0.964,0.918	0.826,0.647,0.839	0.173
8078	"PACSIN3"	"PACSIN3"	chr11	-	47182402	47182559	47182673	47182809	47180456	47180690	47183003	47183069	8078	6,5,12	157,77,132	1,2,8	208,154,166	198	198	0.00174882394769	0.0458678888559	0.037,0.061,0.083	0.005,0.013,0.046	0.039
10404	"GNPTG"	"GNPTG"	chr16	+	1352238	1352306	1357699	1357832	1351930	1352017	1361742	1361797	10404	23,16,22	5,0,3	29,9,16	0,0,0	166	198	0.00176052585228	0.04605820159	0.846,1.0,0.897	1.0,1.0,1.0	-0.086
9575	"HACE1"	"HACE1"	chr6	-	104833041	104833173	104849141	104849246	104796928	104797025	104850906	104850996	9575	26,18,33	4,4,4	13,9,19	0,2,0	198	198	0.00177360239821	0.0462834278223	0.867,0.818,0.892	1.0,0.818,1.0	-0.08
10721	"MFSD10"	"MFSD10"	chr4	-	2932350	2932512	2932599	2932690	2932044	2932153	2933105	2933177	10721	9,6,3	117,76,123	2,0,1	86,35,62	189	198	0.00178029545489	0.046341359077	0.075,0.076,0.025	0.024,0.0,0.017	0.045
5995	"RNF38"	"RNF38"	chr9	-	36369718	36369932	36375933	36376127	36357774	36357942	36400553	36400872	5995	3,0,1	38,18,23	10,0,9	30,25,35	198	198	0.00179790926774	0.0466825564255	0.073,0.0,0.042	0.25,0.0,0.205	-0.113
9320	"NCOA1"	"NCOA1"	chr2	+	24693251	24693347	24697657	24697798	24691480	24691660	24705085	24705233	9320	64,31,78	69,38,75	38,32,46	27,18,16	194	198	0.00185240348234	0.0479772501926	0.486,0.454,0.515	0.59,0.645,0.746	-0.175
38	"CEP192"	"CEP192"	chr18	+	13038369	13038579	13040829	13040956	13037236	13037301	13048858	13049681	38	14,6,9	4,1,4	17,24,8	2,0,1	198	198	0.00187325385777	0.0483340033977	0.778,0.857,0.692	0.895,1.0,0.889	-0.152
8437	"PICALM"	"PICALM"	chr11	-	85983865	85983973	85990249	85990399	85981871	85982003	85996825	85996929	8437	69,52,69	272,168,270	126,98,90	282,193,284	198	198	0.00187550862605	0.0483340033977	0.202,0.236,0.204	0.309,0.337,0.241	-0.082
5885	"IL22RA2"	"IL22RA2"	chr6	-	137154940	137155119	137158346	137158482	137147721	137147891	137161688	137161814	5885	39,25,50	38,14,23	14,16,12	5,2,2	198	198	0.00188958913158	0.0485760382213	0.506,0.641,0.685	0.737,0.889,0.857	-0.217
2727	"ZDHHC3"	"ZDHHC3"	chr3	-	44929305	44929436	44932906	44932990	44924845	44926847	44933117	44933199	2727	21,24,46	203,133,229	52,24,48	162,129,143	182	198	0.00191883439219	0.0490842575385	0.101,0.164,0.179	0.259,0.168,0.267	-0.083
6289	"HLA-A"	"HLA-A"	chr6	+	29943267	29943543	29944121	29944397	29942756	29943026	29944499	29944616	6289	44,37,65	0,2,4	24,24,33	7,2,5	198	198	0.00191412328708	0.0490842575385	1.0,0.949,0.942	0.774,0.923,0.868	0.109
1818	"CREM"	"CREM"	chr10	+	35148367	35148491	35188199	35188388	35127062	35127193	35206894	35207051	1818	33,10,47	21,13,29	34,24,35	9,4,13	198	198	0.00193396401332	0.0493494265468	0.611,0.435,0.618	0.791,0.857,0.729	-0.238
9436	"GLOD4"	"GLOD4"	chr17	-	778621	778661	778694	778744	776867	776988	780683	780738	9436	41,25,46	20,10,10	37,28,29	4,4,4	148	138	0.00194582474823	0.0495300845004	0.657,0.7,0.811	0.896,0.867,0.871	-0.155
8978	"RNF8"	"RNF8"	chr6	+	37368377	37369218	37381149	37381354	37360445	37360574	37390741	37391168	8978	1,2,1	84,53,77	3,1,6	37,25,37	198	198	0.00195637299999	0.0496765300978	0.012,0.036,0.013	0.075,0.038,0.14	-0.064
10878	"PCBP1-AS1"	"PCBP1-AS1"	chr2	-	69996685	69996888	70032132	70032255	69988741	69988838	70051202	70051305	10878	13,0,8	2,2,2	4,2,5	0,0,0	198	198	0.00196357966593	0.0497376169659	0.867,0.0,0.8	1.0,1.0,1.0	-0.444
