"ID"	"GeneID"	"geneSymbol"	"chr"	"strand"	"X1stExonStart_0base"	"X1stExonEnd"	"X2ndExonStart_0base"	"X2ndExonEnd"	"upstreamES"	"upstreamEE"	"downstreamES"	"downstreamEE"	"ID.1"	"IJC_SAMPLE_1"	"SJC_SAMPLE_1"	"IJC_SAMPLE_2"	"SJC_SAMPLE_2"	"IncFormLen"	"SkipFormLen"	"PValue"	"FDR"	"IncLevel1"	"IncLevel2"	"IncLevelDifference"
4078	"GAS5"	"GAS5"	chr1	-	173865228	173865547	173866176	173866206	173864256	173864304	173866527	173866567	4078	460,311,389	74,28,67	244,203,211	91,89,108	129	418	1.11022302463e-16	1.9365990293e-13	0.953,0.973,0.95	0.897,0.881,0.864	0.078
4563	"CTNNA1"	"CTNNA1"	chr5	+	138783176	138783372	138824529	138824799	138781922	138782029	138827514	138827718	4563	505,304,527	595,348,601	113,71,96	282,235,295	295	369	2.22044604925e-16	2.90489854393e-13	0.515,0.522,0.523	0.334,0.274,0.289	0.221
5157	"RPL13A"	"RPL13A"	chr19	+	49490231	49490297	49490474	49490576	49489849	49489912	49490778	49490864	5157	338,155,306	2977,1776,2862	122,101,129	3148,2243,2671	165	201	2.22044604925e-16	2.90489854393e-13	0.122,0.096,0.115	0.045,0.052,0.056	0.06
9620	"STAU1"	"STAU1"	chr20	-	49165996	49166285	49174194	49174269	49153932	49154071	49188115	49188367	9620	336,182,250	97,56,104	136,113,138	122,105,150	174	388	3.33066907388e-16	3.87319805858e-13	0.885,0.879,0.843	0.713,0.706,0.672	0.172
11059	"CTD-2116N17.1"	"CTD-2116N17.1"	chr15	-	64300318	64300723	64376742	64376905	64251544	64251581	64380957	64381038	11059	140,92,139	61,25,45	217,185,199	19,14,14	262	504	2.10942374679e-15	2.20772289339e-12	0.815,0.876,0.856	0.956,0.962,0.965	-0.112
11518	"SUB1"	"SUB1"	chr5	+	32588511	32588584	32591562	32591685	32571090	32571174	32598960	32599069	11518	28,8,25	696,380,600	0,0,0	802,675,895	172	222	1.49880108324e-14	1.42604110338e-11	0.049,0.026,0.051	0.0,0.0,0.0	0.042
9919	"HMGN1"	"HMGN1"	chr21	-	39345829	39345958	39347378	39347483	39345145	39345274	39348291	39348339	9919	151,106,189	618,358,589	158,137,160	252,195,223	204	228	4.50750547998e-14	3.93129602946e-11	0.215,0.249,0.264	0.412,0.44,0.445	-0.19
11516	"SUB1"	"SUB1"	chr5	+	32536637	32536695	32591562	32591685	32531848	32531916	32598960	32599069	11516	19,8,30	698,380,600	1,1,0	802,675,895	157	222	1.42552636362e-13	1.14765837859e-10	0.037,0.029,0.066	0.002,0.002,0.0	0.043
3365	"SNHG1"	"SNHG1"	chr11	-	62853800	62853833	62854887	62854938	62853072	62853590	62855132	62855216	3365	156,92,155	424,255,354	50,38,46	307,261,350	150	132	1.76414438613e-13	1.23090234302e-10	0.245,0.241,0.278	0.125,0.114,0.104	0.14
9475	"ANXA2"	"ANXA2"	chr15	-	60393037	60393440	60397257	60397338	60390212	60390317	60397942	60397974	9475	308,189,241	107,60,98	290,265,234	250,196,235	180	502	1.73638881051e-13	1.23090234302e-10	0.889,0.898,0.873	0.764,0.79,0.735	0.124
3337	"SH3KBP1"	"SH3KBP1"	chrX	-	19645399	19645475	19683822	19684028	19631863	19631958	19695611	19695741	3337	385,246,341	211,116,204	181,134,185	239,158,216	305	175	1.285083151e-12	8.40605016148e-10	0.511,0.549,0.49	0.303,0.327,0.329	0.197
3462	"LSR"	"LSR"	chr19	+	35258944	35259064	35262545	35262692	35250314	35250659	35266358	35266532	3462	996,605,991	789,379,791	1147,724,1022	420,305,376	219	246	2.78221889971e-12	1.71286488261e-09	0.586,0.642,0.585	0.754,0.727,0.753	-0.14
4066	"GAS5"	"GAS5"	chr1	-	173864483	173864704	173865228	173865282	173864256	173864304	173865470	173865547	4066	601,351,539	401,193,308	262,218,250	307,264,321	153	320	9.70945546186e-12	5.64550893688e-09	0.758,0.792,0.785	0.641,0.633,0.62	0.147
11633	"CD44"	"CD44"	chr11	+	35198120	35198246	35208104	35208206	35189834	35190065	35209964	35210054	11633	448,303,496	783,507,794	571,483,549	1993,1447,1630	225	201	1.77002856816e-11	9.75006262861e-09	0.338,0.348,0.358	0.204,0.23,0.231	0.126
9918	"HMGN1"	"HMGN1"	chr21	-	39345829	39345958	39347378	39347478	39345145	39345274	39348291	39348339	9918	118,76,150	618,358,589	120,83,135	252,195,223	199	228	2.26122454094e-11	1.18329880227e-08	0.179,0.196,0.226	0.353,0.328,0.41	-0.163
10814	"HNRNPDL"	"HNRNPDL"	chr4	-	82426036	82426129	82426462	82426633	82425562	82425667	82427189	82427304	10814	1098,639,1144	116,76,91	1456,1229,1384	60,58,54	270	192	2.61610733077e-11	1.30381806304e-08	0.871,0.857,0.899	0.945,0.938,0.948	-0.068
10813	"HNRNPDL"	"HNRNPDL"	chr4	-	82425562	82425667	82426036	82426129	82424628	82424883	82426462	82426633	10813	872,485,974	30,24,26	1293,945,1182	8,6,10	192	204	6.88722412434e-11	3.27644034933e-08	0.969,0.955,0.975	0.994,0.994,0.992	-0.027
11636	"CD44"	"CD44"	chr11	+	35198120	35198246	35211245	35211449	35189834	35190065	35214851	35214914	11636	448,304,497	868,590,934	571,483,554	2093,1568,1988	225	303	1.26529009492e-10	5.75762005801e-08	0.41,0.41,0.417	0.269,0.293,0.273	0.134
3336	"SH3KBP1"	"SH3KBP1"	chrX	-	19631863	19631958	19645399	19645475	19607937	19608045	19683822	19684028	3336	141,90,180	191,105,189	83,60,63	213,150,192	175	194	4.99969732282e-10	2.18028467419e-07	0.45,0.487,0.514	0.302,0.307,0.267	0.192
10125	"MIR4435-2HG"	"MIR4435-2HG"	chr2	-	111233627	111233739	111248147	111248241	111207775	111208661	111344060	111344237	10125	65,46,76	50,25,35	30,19,16	2,2,0	193	211	6.46411701943e-10	2.70613794901e-07	0.587,0.668,0.704	0.943,0.912,1.0	-0.299
5343	"ANXA8"	"ANXA8"	chr10	-	47478532	47478627	47479797	47479888	47477080	47477194	47483912	47484016	5343	352,230,400	12,4,134	292,185,251	291,143,67	190	194	1.8251927747e-09	7.34710291539e-07	0.968,0.983,0.753	0.506,0.569,0.793	0.279
5665	"UPP1"	"UPP1"	chr7	+	48099669	48099787	48101823	48101870	48094762	48094827	48106872	48107082	5665	286,172,282	88,44,94	149,146,165	21,14,14	217	146	1.92240601216e-09	7.45181530491e-07	0.686,0.725,0.669	0.827,0.875,0.888	-0.17
302	"VPS28"	"VPS28"	chr8	-	144425874	144426063	144426179	144426208	144424945	144425772	144426908	144426983	302	214,128,184	65,58,44	113,70,103	13,4,11	128	288	7.72673869331e-09	2.88814454158e-06	0.881,0.832,0.904	0.951,0.975,0.955	-0.088
8940	"H2AFY"	"H2AFY"	chr5	-	135350822	135350913	135352945	135353045	135345967	135346057	135360496	135360607	8940	1011,551,982	77,33,70	911,742,922	115,110,141	199	190	1.30949766586e-08	4.725931921e-06	0.926,0.941,0.931	0.883,0.866,0.862	0.062
7233	"HAUS2"	"HAUS2"	chr15	+	42559338	42559408	42560781	42560870	42558197	42558290	42561269	42561402	7233	50,37,48	43,27,48	61,58,64	13,15,21	169	188	2.04648122892e-08	7.13949084729e-06	0.564,0.604,0.527	0.839,0.811,0.772	-0.242
7340	"AUP1"	"AUP1"	chr2	-	74528416	74528489	74528750	74528935	74527939	74528006	74529131	74529282	7340	717,448,726	39,22,37	667,515,586	19,5,5	284	172	3.12815729986e-08	1.05610626775e-05	0.918,0.925,0.922	0.955,0.984,0.986	-0.053
308	"VPS28"	"VPS28"	chr8	-	144426179	144426208	144426908	144427291	144426025	144426063	144428488	144428544	308	306,174,284	145,82,120	67,44,78	75,57,60	482	128	4.74287704666e-08	1.52595184588e-05	0.359,0.36,0.386	0.192,0.17,0.257	0.162
10413	"ZZZ3"	"ZZZ3"	chr1	-	77631849	77633405	77641383	77641446	77584516	77584655	77641521	77641655	10413	32,15,40	990,599,1012	10,15,10	1133,989,1129	162	1655	4.81142852227e-08	1.52595184588e-05	0.248,0.204,0.288	0.083,0.134,0.083	0.147
4437	"HDAC10"	"HDAC10"	chr22	-	50248830	50248859	50249102	50249168	50248365	50248472	50249327	50249454	4437	7,4,8	4,3,3	11,4,7	0,0,0	165	128	5.04180144301e-08	1.55198511478e-05	0.576,0.508,0.674	1.0,1.0,1.0	-0.414
2060	"LRRC75A-AS1"	"LRRC75A-AS1"	chr17	+	16439580	16439703	16440184	16440253	16439326	16439414	16441073	16441130	2060	1789,995,1612	2480,1489,2500	625,474,595	1448,1157,1435	222	168	6.05720117397e-08	1.81127621391e-05	0.353,0.336,0.328	0.246,0.237,0.239	0.098
6492	"TCF3"	"TCF3"	chr19	-	1612206	1612430	1615284	1615520	1611703	1611849	1615685	1615821	6492	477,273,481	538,284,486	437,295,406	289,177,231	335	323	8.49091739141e-08	2.46849837274e-05	0.461,0.481,0.488	0.593,0.616,0.629	-0.136
3025	"PHYKPL"	"PHYKPL"	chr5	-	178224447	178224564	178224615	178224729	178222851	178222934	178231404	178231523	3025	11,6,10	41,29,45	0,0,1	24,21,22	213	216	1.02430596338e-07	2.89740167912e-05	0.214,0.173,0.184	0.0,0.0,0.044	0.176
7175	"MEMO1"	"MEMO1"	chr2	-	31920797	31920910	31932066	31932135	31917925	31918037	31943301	31943383	7175	48,28,127	152,78,110	0,0,43	141,123,134	168	212	1.12465723179e-07	3.09754278629e-05	0.285,0.312,0.593	0.0,0.0,0.288	0.301
9618	"STAU1"	"STAU1"	chr20	-	49158938	49159146	49165996	49166285	49153932	49154071	49188115	49188367	9618	97,56,104	38,24,30	122,105,150	15,17,13	388	307	1.49274360761e-07	4.00591143519e-05	0.669,0.649,0.733	0.866,0.83,0.901	-0.182
3514	"EIF2B4"	"EIF2B4"	chr2	-	27367745	27367822	27368024	27368113	27367456	27367559	27368371	27368463	3514	12,12,5	75,31,85	1,0,1	65,39,51	188	176	1.5670669451e-07	4.10023066185e-05	0.13,0.266,0.052	0.014,0.0,0.018	0.139
10614	"POLK"	"POLK"	chr5	+	75534827	75534964	75547009	75547157	75511890	75511914	75552471	75552591	10614	2,1,0	49,21,49	6,5,7	21,19,23	236	247	1.95148663229e-07	4.98152660818e-05	0.041,0.047,0.0	0.23,0.216,0.242	-0.2
6493	"TCF3"	"TCF3"	chr19	-	1612206	1612433	1615284	1615520	1609289	1611849	1615685	1615821	6493	477,273,481	707,375,635	437,295,406	387,253,301	335	326	2.00769019187e-07	5.00297274955e-05	0.396,0.415,0.424	0.524,0.532,0.568	-0.13
4319	"SETD4"	"SETD4"	chr21	-	36048307	36048396	36053582	36053620	36045581	36046011	36058815	36058924	4319	19,3,10	100,55,84	0,0,1	34,39,37	137	188	2.51450963495e-07	6.12019949753e-05	0.207,0.07,0.14	0.0,0.0,0.036	0.127
3158	"PPIL3"	"PPIL3"	chr2	-	200882341	200882382	200885261	200885343	200881420	200881488	200885697	200885772	3158	0,0,0	14,7,23	7,3,4	18,10,14	181	140	2.92551660119e-07	6.95874017001e-05	0.0,0.0,0.0	0.231,0.188,0.181	-0.2
11086	"TMEM126B"	"TMEM126B"	chr11	+	85629131	85629262	85631144	85631316	85628592	85628688	85631686	85631808	11086	71,42,72	192,98,170	49,43,45	254,232,247	230	271	3.18892424578e-07	7.41672914585e-05	0.303,0.336,0.333	0.185,0.179,0.177	0.144
4321	"SETD4"	"SETD4"	chr21	-	36053582	36053620	36057108	36057204	36045581	36046011	36058815	36058924	4321	116,55,126	19,3,10	44,38,48	0,0,1	195	137	4.30473272028e-07	9.7942027501e-05	0.811,0.928,0.899	1.0,1.0,0.971	-0.111
7174	"MEMO1"	"MEMO1"	chr2	-	31891991	31892134	31932066	31932135	31883385	31883462	31943301	31943383	7174	48,29,126	320,181,268	0,0,43	230,181,221	168	242	4.8096694949e-07	0.000107102129646	0.178,0.188,0.404	0.0,0.0,0.219	0.184
1604	"SLC6A2"	"SLC6A2"	chr16	+	55685142	55685281	55691917	55692052	55671670	55672175	55694009	55694113	1604	9,9,14	4,3,9	4,1,1	0,0,0	238	234	5.63295071143e-07	0.000122821796137	0.689,0.747,0.605	1.0,1.0,1.0	-0.32
10631	"ECT2"	"ECT2"	chr3	+	172755482	172755575	172756982	172757165	172755294	172755374	172758979	172759069	10631	28,17,31	506,320,463	47,65,45	403,379,407	192	282	6.00312894505e-07	0.000128221933753	0.075,0.072,0.09	0.146,0.201,0.14	-0.083
2059	"LRRC75A-AS1"	"LRRC75A-AS1"	chr17	+	16439580	16439703	16440110	16440253	16439326	16439414	16441073	16441130	2059	1789,995,1612	1049,693,1061	625,474,595	644,497,577	222	242	7.56291115289e-07	0.000158306856252	0.65,0.61,0.624	0.514,0.51,0.529	0.11
3127	"DISC1"	"DISC1"	chr1	+	231795241	231795296	231800107	231800210	231770834	231771070	231818328	231819244	3127	1,0,0	1,1,2	1,1,1	0,0,0	154	202	8.64008822599e-07	0.000177308163477	0.567,0.0,0.0	1.0,1.0,1.0	-0.811
8796	"RBM39"	"RBM39"	chr20	-	35731940	35732135	35738967	35739017	35725037	35725155	35740823	35740887	8796	153,85,134	617,343,608	114,89,118	261,214,272	149	294	9.59615232388e-07	0.000193141019657	0.329,0.328,0.303	0.463,0.451,0.461	-0.138
7049	"HAT1"	"HAT1"	chr2	+	171925536	171925641	171946707	171946783	171922461	171922507	171965337	171965517	7049	100,50,89	14,5,3	87,78,79	1,0,1	204	175	9.79337179463e-07	0.000193391375854	0.86,0.896,0.962	0.987,1.0,0.985	-0.085
9473	"ANXA2"	"ANXA2"	chr15	-	60390212	60390317	60396372	60396427	60386027	60386086	60397942	60397986	9473	0,0,0	37,28,26	10,2,4	49,35,36	154	204	1.04718218508e-06	0.000202959421279	0.0,0.0,0.0	0.213,0.07,0.128	-0.137
1843	"ZMYND8"	"ZMYND8"	chr20	-	47310055	47310204	47347855	47347926	47298728	47298947	47355449	47355520	1843	10,8,10	118,98,135	0,1,0	71,46,51	170	248	1.1300933499e-06	0.00021504649091	0.11,0.106,0.098	0.0,0.031,0.0	0.094
7747	"COL13A1"	"COL13A1"	chr10	+	69930399	69930552	69935349	69935391	69930042	69930087	69936755	69936782	7747	11,2,12	0,0,0	36,34,31	8,6,5	252	141	1.16199225186e-06	0.000217168051928	1.0,1.0,1.0	0.716,0.76,0.776	0.249
4866	"CCDC122"	"CCDC122"	chr13	-	43868693	43868803	43869330	43869489	43859671	43860070	43874841	43874927	4866	3,1,3	0,0,0	6,0,3	2,2,3	258	209	1.23192561752e-06	0.000226198833561	1.0,1.0,1.0	0.708,0.0,0.448	0.615
3027	"PHYKPL"	"PHYKPL"	chr5	-	178224615	178224729	178229939	178230099	178222851	178222934	178231404	178231523	3027	122,96,108	11,6,10	66,45,61	0,0,1	259	213	1.43177833811e-06	0.000249749868111	0.901,0.929,0.899	1.0,1.0,0.98	-0.084
11180	"METAP1"	"METAP1"	chr4	+	99035953	99036011	99037766	99037941	99035399	99035460	99039373	99039465	11180	4,0,5	0,3,5	0,0,0	3,5,2	157	274	1.42562896888e-06	0.000249749868111	1.0,0.0,0.636	0.0,0.0,0.0	0.545
11761	"CALU"	"CALU"	chr7	+	128754261	128754455	128754528	128754722	128748572	128748804	128758870	128759037	11761	1174,691,1185	465,256,420	579,492,555	336,286,353	293	293	1.3984691547e-06	0.000249749868111	0.716,0.73,0.738	0.633,0.632,0.611	0.103
5971	"CTBP2"	"CTBP2"	chr10	-	125038996	125039155	125110989	125111093	125003337	125003492	125160826	125161026	5971	15,26,27	307,198,316	28,22,35	143,114,144	203	258	1.49245753933e-06	0.000256066567322	0.058,0.143,0.098	0.199,0.197,0.236	-0.111
6362	"UBXN11"	"UBXN11"	chr1	-	26294204	26294331	26296918	26296995	26285822	26286037	26297961	26298062	6362	6,2,5	32,16,29	0,0,0	23,11,24	176	226	1.70708565261e-06	0.000288167071616	0.194,0.138,0.181	0.0,0.0,0.0	0.171
7173	"MEMO1"	"MEMO1"	chr2	-	31883385	31883462	31932066	31932135	31869847	31869952	31943301	31943383	7173	49,28,125	89,65,95	0,0,43	89,74,70	168	176	1.88896947928e-06	0.000313808802701	0.366,0.311,0.58	0.0,0.0,0.392	0.288
4114	"ALDH7A1"	"ALDH7A1"	chr5	-	126575419	126575464	126577078	126577211	126570781	126570859	126582850	126582974	4114	187,98,141	69,34,60	238,176,223	42,22,49	232	144	2.01942335665e-06	0.000330238825792	0.627,0.641,0.593	0.779,0.832,0.739	-0.163
4874	"SEPT2"	"SEPT2"	chr2	+	241324215	241324241	241324408	241324662	241315945	241315982	241325992	241326113	4874	226,149,229	19,13,17	339,296,317	8,7,4	125	353	2.24842047603e-06	0.000357946545256	0.971,0.97,0.974	0.992,0.992,0.996	-0.022
10840	"DPM1"	"DPM1"	chr20	-	50941128	50941209	50942030	50942126	50940864	50940933	50945736	50945762	10840	692,368,711	23,18,19	438,377,493	1,7,4	195	180	2.25725893244e-06	0.000357946545256	0.965,0.95,0.972	0.998,0.98,0.991	-0.027
10776	"MLH3"	"MLH3"	chr14	-	75033418	75033490	75039910	75040015	75032067	75032179	75041614	75041700	10776	7,4,3	1,4,9	9,7,5	0,1,0	204	171	2.60553480969e-06	0.000407007870421	0.854,0.456,0.218	1.0,0.854,1.0	-0.442
622	"PMF1-BGLAP"	"PMF1-BGLAP"	chr1	+	156233627	156233728	156236287	156236483	156213008	156213176	156242552	156242591	622	35,11,27	253,160,292	10,2,5	189,139,200	200	295	2.87467257409e-06	0.00044244592883	0.169,0.092,0.12	0.072,0.021,0.036	0.084
3747	"RNF181"	"RNF181"	chr2	+	85596856	85596931	85597103	85597178	85596518	85596649	85597444	85597604	3747	38,18,35	484,269,425	3,6,9	271,193,235	174	174	3.2853679266e-06	0.000498328416229	0.073,0.063,0.076	0.011,0.03,0.037	0.045
9986	"TIMM50"	"TIMM50"	chr19	+	39482884	39482916	39483134	39483156	39480849	39480961	39485687	39485807	9986	9,3,4	9,3,9	10,3,2	1,1,0	131	121	3.85822290883e-06	0.00057685944234	0.48,0.48,0.291	0.902,0.735,1.0	-0.462
8122	"RNF121"	"RNF121"	chr11	+	71962151	71962289	71982806	71982915	71960749	71960891	71987003	71987111	8122	8,2,13	98,41,75	1,1,0	72,45,56	237	208	3.97301657895e-06	0.000585656218525	0.067,0.041,0.132	0.012,0.019,0.0	0.07
7916	"ZNF133"	"ZNF133"	chr20	+	18297984	18298062	18305007	18305178	18288282	18288604	18305680	18305807	7916	9,2,5	9,8,5	4,2,8	0,0,2	177	270	4.41551556152e-06	0.000641844248151	0.604,0.276,0.604	1.0,1.0,0.859	-0.458
3290	"L3MBTL1"	"L3MBTL1"	chr20	+	43515008	43515159	43515291	43515415	43514412	43514776	43516092	43516177	3290	2,3,2	3,4,0	0,0,0	3,1,1	250	223	5.23074093861e-06	0.000749930611829	0.373,0.401,1.0	0.0,0.0,0.0	0.591
9948	"BANP"	"BANP"	chr16	+	87984059	87984259	88006089	88006265	87981035	87981127	88018427	88018455	9948	85,34,54	127,65,122	72,50,63	67,41,50	299	275	5.90952282153e-06	0.000835798187164	0.381,0.325,0.289	0.497,0.529,0.537	-0.189
1761	"ALKBH3"	"ALKBH3"	chr11	+	43882582	43882731	43883084	43883188	43880849	43881179	43886605	43886653	1761	232,145,200	15,5,15	53,72,66	1,0,0	248	203	6.45587970693e-06	0.000900896493503	0.927,0.96,0.916	0.977,1.0,1.0	-0.058
11489	"ATF2"	"ATF2"	chr2	-	175080659	175080765	175092542	175092616	175074999	175075087	175093060	175093267	11489	15,9,8	81,39,65	1,2,2	54,58,40	173	205	7.24988356171e-06	0.000998385281011	0.18,0.215,0.127	0.021,0.039,0.056	0.135
321	"TBCEL"	"TBCEL"	chr11	+	121053629	121053732	121055051	121055308	121047527	121047667	121058344	121058471	321	9,3,6	57,30,44	0,0,0	5,8,9	202	356	7.55913070383e-06	0.00102745275255	0.218,0.15,0.194	0.0,0.0,0.0	0.187
10925	"SLMAP"	"SLMAP"	chr3	+	57864806	57864857	57871635	57871698	57864547	57864716	57896510	57896591	10925	38,33,31	3,10,17	25,12,37	1,0,2	150	162	7.77379064609e-06	0.00104308324233	0.932,0.781,0.663	0.964,1.0,0.952	-0.18
4774	"COPZ1"	"COPZ1"	chr12	+	54340546	54340615	54343224	54343316	54325126	54325181	54345459	54345515	4774	37,18,33	241,157,259	44,56,69	203,183,230	168	191	7.95619100702e-06	0.00105404424151	0.149,0.115,0.127	0.198,0.258,0.254	-0.106
1351	"ZNF346"	"ZNF346"	chr5	+	177062057	177062151	177064511	177064601	177041777	177041870	177079381	177081189	1351	7,1,10	4,4,5	7,2,3	1,0,0	193	189	8.32498828884e-06	0.00108911659289	0.632,0.197,0.662	0.873,1.0,1.0	-0.461
6302	"SLC1A6"	"SLC1A6"	chr19	-	14956475	14956709	14962001	14962345	14954134	14954329	14968302	14968507	6302	524,273,564	204,116,255	1365,835,1006	795,553,746	443	333	8.55454601933e-06	0.00110533183504	0.659,0.639,0.624	0.563,0.532,0.503	0.108
3325	"SLC50A1"	"SLC50A1"	chr1	+	155136298	155136376	155136827	155136951	155135849	155135991	155137978	155138098	3325	185,113,200	76,42,81	200,157,199	55,33,22	177	223	1.03327908242e-05	0.00130961207905	0.754,0.772,0.757	0.821,0.857,0.919	-0.105
6221	"CTH"	"CTH"	chr1	+	70424284	70424416	70429793	70429851	70421565	70421675	70430316	70430394	6221	123,61,118	15,8,15	8,23,22	0,1,0	231	157	1.03858018881e-05	0.00130961207905	0.848,0.838,0.842	1.0,0.94,1.0	-0.137
690	"COBLL1"	"COBLL1"	chr2	-	164779654	164779785	164841155	164841246	164743686	164743875	164843651	164843679	690	14,8,14	1,0,1	9,6,8	5,11,1	190	230	1.05814350322e-05	0.00131839641723	0.944,1.0,0.944	0.685,0.398,0.906	0.3
1818	"CREM"	"CREM"	chr10	+	35148367	35148491	35188199	35188388	35127062	35127193	35206894	35207051	1818	38,15,52	40,18,42	42,26,47	12,6,20	223	288	1.08327218418e-05	0.00132421807323	0.551,0.518,0.615	0.819,0.848,0.752	-0.245
6801	"SLC13A3"	"SLC13A3"	chr20	-	46599970	46600037	46610445	46610609	46596156	46596342	46613459	46613725	6801	24,10,34	7,2,2	3,3,4	0,0,0	263	166	1.08812109973e-05	0.00132421807323	0.684,0.759,0.915	1.0,1.0,1.0	-0.214
6303	"SLC1A6"	"SLC1A6"	chr19	-	14956475	14956709	14962001	14962345	14954134	14954329	14971736	14971874	6303	526,274,566	204,118,255	1368,841,1012	795,553,745	443	333	1.13567176063e-05	0.001355969493	0.66,0.636,0.625	0.564,0.533,0.505	0.106
9477	"ANXA2"	"ANXA2"	chr15	-	60396279	60396427	60397257	60397338	60386027	60386086	60397942	60397986	9477	500,283,401	48,33,64	488,425,421	124,79,93	180	247	1.14012340325e-05	0.001355969493	0.935,0.922,0.896	0.844,0.881,0.861	0.056
8400	"DPY30"	"DPY30"	chr2	-	31891991	31892134	31932066	31932135	31869847	31869952	31943301	31943383	8400	49,28,125	126,69,87	0,0,43	68,64,99	168	242	1.20875412262e-05	0.00142144052217	0.359,0.369,0.674	0.0,0.0,0.385	0.339
10823	"TROAP"	"TROAP"	chr12	+	49323844	49324037	49325746	49325884	49323603	49323752	49326667	49326720	10823	359,162,331	30,25,27	309,236,264	11,3,17	292	237	1.33501887798e-05	0.00155247861966	0.907,0.84,0.909	0.958,0.985,0.926	-0.071
2790	"NR2C1"	"NR2C1"	chr12	-	95028386	95028509	95049067	95049233	95021892	95022403	95051761	95051943	2790	62,32,47	3,2,14	40,21,23	1,0,0	265	222	1.38628609065e-05	0.00158675143176	0.945,0.931,0.738	0.971,1.0,1.0	-0.119
9466	"ANXA2"	"ANXA2"	chr15	-	60360940	60361054	60364428	60364523	60357145	60357236	60386027	60386086	9466	138,49,76	2697,1540,2470	74,61,89	3700,2896,3431	194	213	1.39481303002e-05	0.00158675143176	0.053,0.034,0.033	0.021,0.023,0.028	0.016
8730	"ATAD3A"	"ATAD3A"	chr1	+	1520547	1520617	1522743	1522899	1520140	1520306	1523510	1523567	8730	114,70,113	111,55,66	233,152,173	52,57,92	169	255	1.52938725495e-05	0.00172113623767	0.608,0.658,0.721	0.871,0.801,0.739	-0.141
2884	"GATSL2"	"GATSL2"	chr7	+	75021873	75021956	75024439	75024534	75020038	75020149	75024633	75024798	2884	7,2,5	2,6,6	1,0,1	13,4,4	182	194	1.59871118632e-05	0.00176528634836	0.789,0.262,0.47	0.076,0.0,0.21	0.412
3117	"RAB5A"	"RAB5A"	chr3	+	19970547	19970717	19975600	19975752	19950805	19951061	19976046	19976169	3117	14,15,23	507,236,514	5,3,1	281,236,269	269	251	1.6023524087e-05	0.00176528634836	0.025,0.056,0.04	0.016,0.012,0.003	0.03
6301	"SLC1A6"	"SLC1A6"	chr19	-	14956475	14956709	14962001	14962345	14954134	14954329	14964318	14964361	6301	683,365,715	204,120,256	1754,1116,1335	795,554,749	443	333	1.67356958753e-05	0.00182453951074	0.716,0.696,0.677	0.624,0.602,0.573	0.097
1134	"HNRNPC"	"HNRNPC"	chr14	-	21263310	21263336	21263666	21263829	21233952	21234229	21269297	21269425	1134	199,120,208	1064,575,1066	200,147,206	1548,1316,1561	262	125	1.81258535873e-05	0.00193576718005	0.082,0.091,0.085	0.058,0.051,0.059	0.03
10687	"ARNTL2"	"ARNTL2"	chr12	+	27370128	27370230	27376345	27376387	27368261	27368412	27380246	27380404	10687	2,3,3	0,0,1	3,3,0	1,1,4	201	141	1.8075307499e-05	0.00193576718005	1.0,1.0,0.678	0.678,0.678,0.0	0.441
4963	"DMKN"	"DMKN"	chr19	-	35508204	35508240	35509910	35509961	35505938	35505986	35510183	35510252	4963	188,101,181	21,8,14	145,95,127	1,1,7	150	135	1.90256140062e-05	0.00200324446045	0.89,0.919,0.921	0.992,0.988,0.942	-0.064
7069	"KIAA1217"	"KIAA1217"	chr10	+	24536773	24536893	24542882	24544481	24533069	24533237	24544980	24545103	7069	7,7,18	856,514,1004	20,18,13	436,396,515	219	1698	1.91404974245e-05	0.00200324446045	0.06,0.096,0.122	0.262,0.261,0.164	-0.136
4196	"ATP6V1E2"	"ATP6V1E2"	chr2	-	46536610	46536703	46541389	46541453	46535812	46535927	46542216	46542557	4196	10,7,14	18,27,22	0,4,0	24,18,13	163	192	2.00327246791e-05	0.0020758663019	0.396,0.234,0.428	0.0,0.207,0.0	0.284
9753	"PQLC1"	"PQLC1"	chr18	-	79930227	79930311	79933968	79934022	79919183	79919400	79943328	79943462	9753	51,30,53	6,1,11	35,21,29	0,0,1	153	183	2.03496083246e-05	0.00208802941888	0.91,0.973,0.852	1.0,1.0,0.972	-0.079
3118	"RAB5A"	"RAB5A"	chr3	+	19970547	19970717	19975642	19975752	19950805	19951061	19976046	19976169	3118	14,15,23	263,126,275	5,3,1	158,113,132	269	209	2.06154525033e-05	0.00209477015436	0.04,0.085,0.061	0.024,0.02,0.006	0.045
9529	"TDRD3"	"TDRD3"	chr13	+	60444682	60444748	60460379	60460540	60439687	60439772	60467237	60467379	9529	10,6,7	24,13,21	2,0,1	12,12,22	165	260	2.18570092454e-05	0.00219957171887	0.396,0.421,0.344	0.208,0.0,0.067	0.295
9068	"SNX17"	"SNX17"	chr2	+	27372622	27372740	27373039	27373113	27371268	27371343	27373246	27373311	9068	349,186,299	22,8,12	324,243,320	5,8,0	217	173	2.37954350768e-05	0.00237183831918	0.927,0.949,0.952	0.981,0.96,1.0	-0.038
3577	"U2AF1L5"	"U2AF1L5"	chr21	-	6492130	6492197	6493043	6493110	6487362	6487412	6495992	6496080	3577	0,1,1	10,6,5	1,3,267	14,6,5	166	166	2.44164294901e-05	0.0023942640069	0.0,0.143,0.167	0.067,0.333,0.982	-0.357
11004	"MAPK8"	"MAPK8"	chr10	+	48308094	48308288	48404851	48404981	48306654	48306821	48409878	48409937	11004	54,31,53	91,66,69	11,10,9	43,37,50	293	229	2.44779522968e-05	0.0023942640069	0.317,0.269,0.375	0.167,0.174,0.123	0.166
925	"RAD51D"	"RAD51D"	chr17	-	35106987	35107122	35107365	35107447	35106385	35106481	35116858	35117037	925	0,0,1	13,13,24	3,6,1	14,11,17	181	234	2.62441081221e-05	0.00251991592299	0.0,0.0,0.051	0.217,0.414,0.071	-0.217
10929	"SLMAP"	"SLMAP"	chr3	+	57871635	57871698	57890040	57890100	57864547	57864716	57896510	57896591	10929	3,10,17	110,56,94	1,0,2	45,37,51	162	159	2.62133413939e-05	0.00251991592299	0.026,0.149,0.151	0.021,0.0,0.037	0.089
1313	"SHROOM3"	"SHROOM3"	chr4	+	76555608	76555763	76710155	76710287	76435099	76436220	76730803	76730935	1313	23,11,25	162,95,161	26,7,11	43,25,28	254	231	2.82910250556e-05	0.00269176243847	0.114,0.095,0.124	0.355,0.203,0.263	-0.163
3628	"CCNB3"	"CCNB3"	chrX	+	50294862	50294993	50308504	50311496	50288779	50288887	50312536	50312632	3628	0,0,0	36,28,38	2,0,4	32,26,34	230	3091	3.14538971035e-05	0.00296573411788	0.0,0.0,0.0	0.457,0.0,0.613	-0.357
303	"VPS28"	"VPS28"	chr8	-	144425921	144426063	144426179	144426208	144424945	144425772	144426908	144426983	303	214,128,184	24,26,43	113,70,103	10,4,5	128	241	3.19136039523e-05	0.00298221231219	0.944,0.903,0.89	0.955,0.971,0.975	-0.055
453	"WDR19"	"WDR19"	chr4	+	39194543	39194659	39199477	39199593	39189655	39189781	39203641	39203722	453	9,8,5	16,8,12	1,0,1	5,7,6	215	215	3.5257418558e-05	0.00322419184746	0.36,0.5,0.294	0.167,0.0,0.143	0.281
7978	"HERC6"	"HERC6"	chr4	+	88417424	88417579	88423859	88423973	88413076	88413266	88428579	88428750	7978	6,5,20	5,3,3	14,2,4	0,0,1	254	213	3.50999100388e-05	0.00322419184746	0.502,0.583,0.848	1.0,1.0,0.77	-0.279
10158	"RBPJ"	"RBPJ"	chr4	+	26320699	26320815	26362445	26362628	26319661	26319770	26386352	26386391	10158	9,9,9	39,31,33	2,1,4	54,29,41	215	282	3.5735357759e-05	0.00322419184746	0.232,0.276,0.263	0.046,0.043,0.113	0.19
10304	"TMBIM6"	"TMBIM6"	chr12	+	49743416	49743565	49744412	49744542	49741956	49742115	49752463	49752549	10304	7,3,1	9,10,17	6,10,16	6,2,2	248	229	3.57242916584e-05	0.00322419184746	0.418,0.217,0.052	0.48,0.822,0.881	-0.499
1133	"HNRNPC"	"HNRNPC"	chr14	-	21236372	21236460	21262600	21262768	21233952	21234229	21263310	21263336	1133	125,78,70	14,3,7	51,31,42	14,8,14	267	187	4.12763919313e-05	0.00366100608435	0.862,0.948,0.875	0.718,0.731,0.678	0.186
8499	"ZNF620"	"ZNF620"	chr3	+	40508655	40508774	40511469	40511596	40506303	40506376	40515859	40518736	8499	3,2,2	6,4,6	0,0,0	4,1,4	218	226	4.10621749071e-05	0.00366100608435	0.341,0.341,0.257	0.0,0.0,0.0	0.313
6991	"NUP54"	"NUP54"	chr4	-	76124648	76124756	76144148	76144292	76118074	76118194	76144389	76144473	6991	238,155,252	51,34,34	172,146,184	67,48,60	243	207	4.18107006527e-05	0.00367723355488	0.799,0.795,0.863	0.686,0.722,0.723	0.109
8256	"HNRNPH3"	"HNRNPH3"	chr10	+	68337198	68337333	68337857	68337996	68332074	68332216	68338502	68338687	8256	790,465,790	982,600,1038	706,501,608	1226,1014,1129	234	238	4.34188704463e-05	0.00372476965648	0.45,0.441,0.436	0.369,0.334,0.354	0.09
9559	"GGA1"	"GGA1"	chr22	+	37614189	37614274	37616921	37617048	37608724	37608903	37618447	37618546	9559	80,53,69	4,3,2	40,22,36	5,9,8	184	226	4.32327565633e-05	0.00372476965648	0.961,0.956,0.977	0.908,0.75,0.847	0.13
9985	"TIMM50"	"TIMM50"	chr19	+	39481882	39482033	39483134	39483156	39480483	39480961	39485687	39485807	9985	247,158,260	9,3,9	166,119,202	1,1,0	250	121	4.33536033748e-05	0.00372476965648	0.93,0.962,0.933	0.988,0.983,1.0	-0.049
581	"SETD6"	"SETD6"	chr16	+	58516807	58516928	58518050	58518231	58516201	58516343	58518400	58518543	581	84,40,72	357,208,335	19,32,24	229,190,257	220	280	4.38705049262e-05	0.00373291629722	0.23,0.197,0.215	0.096,0.177,0.106	0.088
9755	"HAUS4"	"HAUS4"	chr14	-	22950313	22950410	22951554	22951689	22947600	22947731	22952327	22952459	9755	91,53,97	22,10,32	103,55,90	7,6,10	234	196	4.43760889757e-05	0.00374548505822	0.776,0.816,0.717	0.925,0.885,0.883	-0.128
2436	"LSM14A"	"LSM14A"	chr19	+	34208928	34209051	34215123	34215300	34196633	34196763	34215595	34215661	2436	4,4,6	3,4,2	2,1,2	1,1,374	222	276	4.54143465952e-05	0.00380245241172	0.624,0.554,0.789	0.713,0.554,0.007	0.231
5201	"MTMR2"	"MTMR2"	chr11	-	95882373	95882496	95887611	95887684	95866402	95866486	95888155	95888261	5201	9,6,8	15,9,11	0,2,0	8,3,12	172	222	4.72357219931e-05	0.00392356401889	0.436,0.462,0.484	0.0,0.462,0.0	0.307
3920	"GTF2H3"	"GTF2H3"	chr12	+	123659429	123659475	123659515	123659584	123655770	123655824	123659794	123659930	3920	15,10,13	94,70,87	2,2,3	68,61,51	145	168	4.78122362827e-05	0.00394018003886	0.156,0.142,0.148	0.033,0.037,0.064	0.104
2792	"NR2C1"	"NR2C1"	chr12	-	95028386	95028524	95049067	95049233	95020228	95022403	95051761	95051943	2792	62,32,47	10,2,14	40,21,23	1,2,0	265	237	4.85975922693e-05	0.00394280930768	0.847,0.935,0.75	0.973,0.904,1.0	-0.115
9598	"PITPNA"	"PITPNA"	chr17	-	1548295	1548387	1553003	1553149	1543019	1543027	1558528	1558559	9598	110,66,95	23,2,7	82,68,99	1,3,2	245	191	4.84281157095e-05	0.00394280930768	0.789,0.963,0.914	0.985,0.946,0.975	-0.08
2537	"DEF8"	"DEF8"	chr16	+	89950066	89950328	89952557	89952682	89949416	89949513	89954242	89954376	2537	6,1,4	1,1,5	2,1,2	1,0,0	361	224	5.54390050105e-05	0.00446326635723	0.788,0.383,0.332	0.554,1.0,1.0	-0.35
1476	"GYG2"	"GYG2"	chrX	+	2843212	2843354	2853979	2854154	2830060	2830195	2854992	2855155	1476	3,3,3	15,11,16	0,0,0	9,6,2	241	274	6.07691967786e-05	0.00483720809063	0.185,0.237,0.176	0.0,0.0,0.0	0.199
8830	"NVL"	"NVL"	chr1	-	224311799	224311857	224313049	224313151	224307992	224308263	224317693	224317793	8830	3,0,13	67,46,68	0,0,0	50,31,58	201	157	6.10081662491e-05	0.00483720809063	0.034,0.0,0.13	0.0,0.0,0.0	0.055
9949	"BANP"	"BANP"	chr16	+	87984059	87984259	88018427	88018667	87981035	87981127	88027482	88027650	9949	85,34,53	208,94,192	70,50,63	117,61,105	299	339	6.24309647742e-05	0.0049128005814	0.317,0.291,0.238	0.404,0.482,0.405	-0.148
