"ID"	"GeneID"	"geneSymbol"	"chr"	"strand"	"X1stExonStart_0base"	"X1stExonEnd"	"X2ndExonStart_0base"	"X2ndExonEnd"	"upstreamES"	"upstreamEE"	"downstreamES"	"downstreamEE"	"ID.1"	"IJC_SAMPLE_1"	"SJC_SAMPLE_1"	"IJC_SAMPLE_2"	"SJC_SAMPLE_2"	"IncFormLen"	"SkipFormLen"	"PValue"	"FDR"	"IncLevel1"	"IncLevel2"	"IncLevelDifference"
4078	"GAS5"	"GAS5"	chr1	-	173865228	173865547	173866176	173866206	173864256	173864304	173866527	173866567	4078	460,311,389	74,28,67	244,203,211	91,89,108	129	418	1.11022302463e-16	1.9365990293e-13	0.953,0.973,0.95	0.897,0.881,0.864	0.078
4563	"CTNNA1"	"CTNNA1"	chr5	+	138783176	138783372	138824529	138824799	138781922	138782029	138827514	138827718	4563	505,304,527	595,348,601	113,71,96	282,235,295	295	369	2.22044604925e-16	2.90489854393e-13	0.515,0.522,0.523	0.334,0.274,0.289	0.221
5157	"RPL13A"	"RPL13A"	chr19	+	49490231	49490297	49490474	49490576	49489849	49489912	49490778	49490864	5157	338,155,306	2977,1776,2862	122,101,129	3148,2243,2671	165	201	2.22044604925e-16	2.90489854393e-13	0.122,0.096,0.115	0.045,0.052,0.056	0.06
9620	"STAU1"	"STAU1"	chr20	-	49165996	49166285	49174194	49174269	49153932	49154071	49188115	49188367	9620	336,182,250	97,56,104	136,113,138	122,105,150	174	388	3.33066907388e-16	3.87319805858e-13	0.885,0.879,0.843	0.713,0.706,0.672	0.172
11059	"CTD-2116N17.1"	"CTD-2116N17.1"	chr15	-	64300318	64300723	64376742	64376905	64251544	64251581	64380957	64381038	11059	140,92,139	61,25,45	217,185,199	19,14,14	262	504	2.10942374679e-15	2.20772289339e-12	0.815,0.876,0.856	0.956,0.962,0.965	-0.112
11518	"SUB1"	"SUB1"	chr5	+	32588511	32588584	32591562	32591685	32571090	32571174	32598960	32599069	11518	28,8,25	696,380,600	0,0,0	802,675,895	172	222	1.49880108324e-14	1.42604110338e-11	0.049,0.026,0.051	0.0,0.0,0.0	0.042
9919	"HMGN1"	"HMGN1"	chr21	-	39345829	39345958	39347378	39347483	39345145	39345274	39348291	39348339	9919	151,106,189	618,358,589	158,137,160	252,195,223	204	228	4.50750547998e-14	3.93129602946e-11	0.215,0.249,0.264	0.412,0.44,0.445	-0.19
11516	"SUB1"	"SUB1"	chr5	+	32536637	32536695	32591562	32591685	32531848	32531916	32598960	32599069	11516	19,8,30	698,380,600	1,1,0	802,675,895	157	222	1.42552636362e-13	1.14765837859e-10	0.037,0.029,0.066	0.002,0.002,0.0	0.043
3365	"SNHG1"	"SNHG1"	chr11	-	62853800	62853833	62854887	62854938	62853072	62853590	62855132	62855216	3365	156,92,155	424,255,354	50,38,46	307,261,350	150	132	1.76414438613e-13	1.23090234302e-10	0.245,0.241,0.278	0.125,0.114,0.104	0.14
9475	"ANXA2"	"ANXA2"	chr15	-	60393037	60393440	60397257	60397338	60390212	60390317	60397942	60397974	9475	308,189,241	107,60,98	290,265,234	250,196,235	180	502	1.73638881051e-13	1.23090234302e-10	0.889,0.898,0.873	0.764,0.79,0.735	0.124
3337	"SH3KBP1"	"SH3KBP1"	chrX	-	19645399	19645475	19683822	19684028	19631863	19631958	19695611	19695741	3337	385,246,341	211,116,204	181,134,185	239,158,216	305	175	1.285083151e-12	8.40605016148e-10	0.511,0.549,0.49	0.303,0.327,0.329	0.197
3462	"LSR"	"LSR"	chr19	+	35258944	35259064	35262545	35262692	35250314	35250659	35266358	35266532	3462	996,605,991	789,379,791	1147,724,1022	420,305,376	219	246	2.78221889971e-12	1.71286488261e-09	0.586,0.642,0.585	0.754,0.727,0.753	-0.14
4066	"GAS5"	"GAS5"	chr1	-	173864483	173864704	173865228	173865282	173864256	173864304	173865470	173865547	4066	601,351,539	401,193,308	262,218,250	307,264,321	153	320	9.70945546186e-12	5.64550893688e-09	0.758,0.792,0.785	0.641,0.633,0.62	0.147
11633	"CD44"	"CD44"	chr11	+	35198120	35198246	35208104	35208206	35189834	35190065	35209964	35210054	11633	448,303,496	783,507,794	571,483,549	1993,1447,1630	225	201	1.77002856816e-11	9.75006262861e-09	0.338,0.348,0.358	0.204,0.23,0.231	0.126
9918	"HMGN1"	"HMGN1"	chr21	-	39345829	39345958	39347378	39347478	39345145	39345274	39348291	39348339	9918	118,76,150	618,358,589	120,83,135	252,195,223	199	228	2.26122454094e-11	1.18329880227e-08	0.179,0.196,0.226	0.353,0.328,0.41	-0.163
10814	"HNRNPDL"	"HNRNPDL"	chr4	-	82426036	82426129	82426462	82426633	82425562	82425667	82427189	82427304	10814	1098,639,1144	116,76,91	1456,1229,1384	60,58,54	270	192	2.61610733077e-11	1.30381806304e-08	0.871,0.857,0.899	0.945,0.938,0.948	-0.068
10813	"HNRNPDL"	"HNRNPDL"	chr4	-	82425562	82425667	82426036	82426129	82424628	82424883	82426462	82426633	10813	872,485,974	30,24,26	1293,945,1182	8,6,10	192	204	6.88722412434e-11	3.27644034933e-08	0.969,0.955,0.975	0.994,0.994,0.992	-0.027
11636	"CD44"	"CD44"	chr11	+	35198120	35198246	35211245	35211449	35189834	35190065	35214851	35214914	11636	448,304,497	868,590,934	571,483,554	2093,1568,1988	225	303	1.26529009492e-10	5.75762005801e-08	0.41,0.41,0.417	0.269,0.293,0.273	0.134
3336	"SH3KBP1"	"SH3KBP1"	chrX	-	19631863	19631958	19645399	19645475	19607937	19608045	19683822	19684028	3336	141,90,180	191,105,189	83,60,63	213,150,192	175	194	4.99969732282e-10	2.18028467419e-07	0.45,0.487,0.514	0.302,0.307,0.267	0.192
10125	"MIR4435-2HG"	"MIR4435-2HG"	chr2	-	111233627	111233739	111248147	111248241	111207775	111208661	111344060	111344237	10125	65,46,76	50,25,35	30,19,16	2,2,0	193	211	6.46411701943e-10	2.70613794901e-07	0.587,0.668,0.704	0.943,0.912,1.0	-0.299
5343	"ANXA8"	"ANXA8"	chr10	-	47478532	47478627	47479797	47479888	47477080	47477194	47483912	47484016	5343	352,230,400	12,4,134	292,185,251	291,143,67	190	194	1.8251927747e-09	7.34710291539e-07	0.968,0.983,0.753	0.506,0.569,0.793	0.279
5665	"UPP1"	"UPP1"	chr7	+	48099669	48099787	48101823	48101870	48094762	48094827	48106872	48107082	5665	286,172,282	88,44,94	149,146,165	21,14,14	217	146	1.92240601216e-09	7.45181530491e-07	0.686,0.725,0.669	0.827,0.875,0.888	-0.17
302	"VPS28"	"VPS28"	chr8	-	144425874	144426063	144426179	144426208	144424945	144425772	144426908	144426983	302	214,128,184	65,58,44	113,70,103	13,4,11	128	288	7.72673869331e-09	2.88814454158e-06	0.881,0.832,0.904	0.951,0.975,0.955	-0.088
8940	"H2AFY"	"H2AFY"	chr5	-	135350822	135350913	135352945	135353045	135345967	135346057	135360496	135360607	8940	1011,551,982	77,33,70	911,742,922	115,110,141	199	190	1.30949766586e-08	4.725931921e-06	0.926,0.941,0.931	0.883,0.866,0.862	0.062
7233	"HAUS2"	"HAUS2"	chr15	+	42559338	42559408	42560781	42560870	42558197	42558290	42561269	42561402	7233	50,37,48	43,27,48	61,58,64	13,15,21	169	188	2.04648122892e-08	7.13949084729e-06	0.564,0.604,0.527	0.839,0.811,0.772	-0.242
7340	"AUP1"	"AUP1"	chr2	-	74528416	74528489	74528750	74528935	74527939	74528006	74529131	74529282	7340	717,448,726	39,22,37	667,515,586	19,5,5	284	172	3.12815729986e-08	1.05610626775e-05	0.918,0.925,0.922	0.955,0.984,0.986	-0.053
308	"VPS28"	"VPS28"	chr8	-	144426179	144426208	144426908	144427291	144426025	144426063	144428488	144428544	308	306,174,284	145,82,120	67,44,78	75,57,60	482	128	4.74287704666e-08	1.52595184588e-05	0.359,0.36,0.386	0.192,0.17,0.257	0.162
10413	"ZZZ3"	"ZZZ3"	chr1	-	77631849	77633405	77641383	77641446	77584516	77584655	77641521	77641655	10413	32,15,40	990,599,1012	10,15,10	1133,989,1129	162	1655	4.81142852227e-08	1.52595184588e-05	0.248,0.204,0.288	0.083,0.134,0.083	0.147
4437	"HDAC10"	"HDAC10"	chr22	-	50248830	50248859	50249102	50249168	50248365	50248472	50249327	50249454	4437	7,4,8	4,3,3	11,4,7	0,0,0	165	128	5.04180144301e-08	1.55198511478e-05	0.576,0.508,0.674	1.0,1.0,1.0	-0.414
2060	"LRRC75A-AS1"	"LRRC75A-AS1"	chr17	+	16439580	16439703	16440184	16440253	16439326	16439414	16441073	16441130	2060	1789,995,1612	2480,1489,2500	625,474,595	1448,1157,1435	222	168	6.05720117397e-08	1.81127621391e-05	0.353,0.336,0.328	0.246,0.237,0.239	0.098
6492	"TCF3"	"TCF3"	chr19	-	1612206	1612430	1615284	1615520	1611703	1611849	1615685	1615821	6492	477,273,481	538,284,486	437,295,406	289,177,231	335	323	8.49091739141e-08	2.46849837274e-05	0.461,0.481,0.488	0.593,0.616,0.629	-0.136
3025	"PHYKPL"	"PHYKPL"	chr5	-	178224447	178224564	178224615	178224729	178222851	178222934	178231404	178231523	3025	11,6,10	41,29,45	0,0,1	24,21,22	213	216	1.02430596338e-07	2.89740167912e-05	0.214,0.173,0.184	0.0,0.0,0.044	0.176
7175	"MEMO1"	"MEMO1"	chr2	-	31920797	31920910	31932066	31932135	31917925	31918037	31943301	31943383	7175	48,28,127	152,78,110	0,0,43	141,123,134	168	212	1.12465723179e-07	3.09754278629e-05	0.285,0.312,0.593	0.0,0.0,0.288	0.301
9618	"STAU1"	"STAU1"	chr20	-	49158938	49159146	49165996	49166285	49153932	49154071	49188115	49188367	9618	97,56,104	38,24,30	122,105,150	15,17,13	388	307	1.49274360761e-07	4.00591143519e-05	0.669,0.649,0.733	0.866,0.83,0.901	-0.182
3514	"EIF2B4"	"EIF2B4"	chr2	-	27367745	27367822	27368024	27368113	27367456	27367559	27368371	27368463	3514	12,12,5	75,31,85	1,0,1	65,39,51	188	176	1.5670669451e-07	4.10023066185e-05	0.13,0.266,0.052	0.014,0.0,0.018	0.139
10614	"POLK"	"POLK"	chr5	+	75534827	75534964	75547009	75547157	75511890	75511914	75552471	75552591	10614	2,1,0	49,21,49	6,5,7	21,19,23	236	247	1.95148663229e-07	4.98152660818e-05	0.041,0.047,0.0	0.23,0.216,0.242	-0.2
6493	"TCF3"	"TCF3"	chr19	-	1612206	1612433	1615284	1615520	1609289	1611849	1615685	1615821	6493	477,273,481	707,375,635	437,295,406	387,253,301	335	326	2.00769019187e-07	5.00297274955e-05	0.396,0.415,0.424	0.524,0.532,0.568	-0.13
4319	"SETD4"	"SETD4"	chr21	-	36048307	36048396	36053582	36053620	36045581	36046011	36058815	36058924	4319	19,3,10	100,55,84	0,0,1	34,39,37	137	188	2.51450963495e-07	6.12019949753e-05	0.207,0.07,0.14	0.0,0.0,0.036	0.127
3158	"PPIL3"	"PPIL3"	chr2	-	200882341	200882382	200885261	200885343	200881420	200881488	200885697	200885772	3158	0,0,0	14,7,23	7,3,4	18,10,14	181	140	2.92551660119e-07	6.95874017001e-05	0.0,0.0,0.0	0.231,0.188,0.181	-0.2
11086	"TMEM126B"	"TMEM126B"	chr11	+	85629131	85629262	85631144	85631316	85628592	85628688	85631686	85631808	11086	71,42,72	192,98,170	49,43,45	254,232,247	230	271	3.18892424578e-07	7.41672914585e-05	0.303,0.336,0.333	0.185,0.179,0.177	0.144
4321	"SETD4"	"SETD4"	chr21	-	36053582	36053620	36057108	36057204	36045581	36046011	36058815	36058924	4321	116,55,126	19,3,10	44,38,48	0,0,1	195	137	4.30473272028e-07	9.7942027501e-05	0.811,0.928,0.899	1.0,1.0,0.971	-0.111
7174	"MEMO1"	"MEMO1"	chr2	-	31891991	31892134	31932066	31932135	31883385	31883462	31943301	31943383	7174	48,29,126	320,181,268	0,0,43	230,181,221	168	242	4.8096694949e-07	0.000107102129646	0.178,0.188,0.404	0.0,0.0,0.219	0.184
1604	"SLC6A2"	"SLC6A2"	chr16	+	55685142	55685281	55691917	55692052	55671670	55672175	55694009	55694113	1604	9,9,14	4,3,9	4,1,1	0,0,0	238	234	5.63295071143e-07	0.000122821796137	0.689,0.747,0.605	1.0,1.0,1.0	-0.32
10631	"ECT2"	"ECT2"	chr3	+	172755482	172755575	172756982	172757165	172755294	172755374	172758979	172759069	10631	28,17,31	506,320,463	47,65,45	403,379,407	192	282	6.00312894505e-07	0.000128221933753	0.075,0.072,0.09	0.146,0.201,0.14	-0.083
2059	"LRRC75A-AS1"	"LRRC75A-AS1"	chr17	+	16439580	16439703	16440110	16440253	16439326	16439414	16441073	16441130	2059	1789,995,1612	1049,693,1061	625,474,595	644,497,577	222	242	7.56291115289e-07	0.000158306856252	0.65,0.61,0.624	0.514,0.51,0.529	0.11
3127	"DISC1"	"DISC1"	chr1	+	231795241	231795296	231800107	231800210	231770834	231771070	231818328	231819244	3127	1,0,0	1,1,2	1,1,1	0,0,0	154	202	8.64008822599e-07	0.000177308163477	0.567,0.0,0.0	1.0,1.0,1.0	-0.811
8796	"RBM39"	"RBM39"	chr20	-	35731940	35732135	35738967	35739017	35725037	35725155	35740823	35740887	8796	153,85,134	617,343,608	114,89,118	261,214,272	149	294	9.59615232388e-07	0.000193141019657	0.329,0.328,0.303	0.463,0.451,0.461	-0.138
7049	"HAT1"	"HAT1"	chr2	+	171925536	171925641	171946707	171946783	171922461	171922507	171965337	171965517	7049	100,50,89	14,5,3	87,78,79	1,0,1	204	175	9.79337179463e-07	0.000193391375854	0.86,0.896,0.962	0.987,1.0,0.985	-0.085
9473	"ANXA2"	"ANXA2"	chr15	-	60390212	60390317	60396372	60396427	60386027	60386086	60397942	60397986	9473	0,0,0	37,28,26	10,2,4	49,35,36	154	204	1.04718218508e-06	0.000202959421279	0.0,0.0,0.0	0.213,0.07,0.128	-0.137
1843	"ZMYND8"	"ZMYND8"	chr20	-	47310055	47310204	47347855	47347926	47298728	47298947	47355449	47355520	1843	10,8,10	118,98,135	0,1,0	71,46,51	170	248	1.1300933499e-06	0.00021504649091	0.11,0.106,0.098	0.0,0.031,0.0	0.094
7747	"COL13A1"	"COL13A1"	chr10	+	69930399	69930552	69935349	69935391	69930042	69930087	69936755	69936782	7747	11,2,12	0,0,0	36,34,31	8,6,5	252	141	1.16199225186e-06	0.000217168051928	1.0,1.0,1.0	0.716,0.76,0.776	0.249
4866	"CCDC122"	"CCDC122"	chr13	-	43868693	43868803	43869330	43869489	43859671	43860070	43874841	43874927	4866	3,1,3	0,0,0	6,0,3	2,2,3	258	209	1.23192561752e-06	0.000226198833561	1.0,1.0,1.0	0.708,0.0,0.448	0.615
3027	"PHYKPL"	"PHYKPL"	chr5	-	178224615	178224729	178229939	178230099	178222851	178222934	178231404	178231523	3027	122,96,108	11,6,10	66,45,61	0,0,1	259	213	1.43177833811e-06	0.000249749868111	0.901,0.929,0.899	1.0,1.0,0.98	-0.084
11180	"METAP1"	"METAP1"	chr4	+	99035953	99036011	99037766	99037941	99035399	99035460	99039373	99039465	11180	4,0,5	0,3,5	0,0,0	3,5,2	157	274	1.42562896888e-06	0.000249749868111	1.0,0.0,0.636	0.0,0.0,0.0	0.545
11761	"CALU"	"CALU"	chr7	+	128754261	128754455	128754528	128754722	128748572	128748804	128758870	128759037	11761	1174,691,1185	465,256,420	579,492,555	336,286,353	293	293	1.3984691547e-06	0.000249749868111	0.716,0.73,0.738	0.633,0.632,0.611	0.103
5971	"CTBP2"	"CTBP2"	chr10	-	125038996	125039155	125110989	125111093	125003337	125003492	125160826	125161026	5971	15,26,27	307,198,316	28,22,35	143,114,144	203	258	1.49245753933e-06	0.000256066567322	0.058,0.143,0.098	0.199,0.197,0.236	-0.111
6362	"UBXN11"	"UBXN11"	chr1	-	26294204	26294331	26296918	26296995	26285822	26286037	26297961	26298062	6362	6,2,5	32,16,29	0,0,0	23,11,24	176	226	1.70708565261e-06	0.000288167071616	0.194,0.138,0.181	0.0,0.0,0.0	0.171
7173	"MEMO1"	"MEMO1"	chr2	-	31883385	31883462	31932066	31932135	31869847	31869952	31943301	31943383	7173	49,28,125	89,65,95	0,0,43	89,74,70	168	176	1.88896947928e-06	0.000313808802701	0.366,0.311,0.58	0.0,0.0,0.392	0.288
4114	"ALDH7A1"	"ALDH7A1"	chr5	-	126575419	126575464	126577078	126577211	126570781	126570859	126582850	126582974	4114	187,98,141	69,34,60	238,176,223	42,22,49	232	144	2.01942335665e-06	0.000330238825792	0.627,0.641,0.593	0.779,0.832,0.739	-0.163
4874	"SEPT2"	"SEPT2"	chr2	+	241324215	241324241	241324408	241324662	241315945	241315982	241325992	241326113	4874	226,149,229	19,13,17	339,296,317	8,7,4	125	353	2.24842047603e-06	0.000357946545256	0.971,0.97,0.974	0.992,0.992,0.996	-0.022
10840	"DPM1"	"DPM1"	chr20	-	50941128	50941209	50942030	50942126	50940864	50940933	50945736	50945762	10840	692,368,711	23,18,19	438,377,493	1,7,4	195	180	2.25725893244e-06	0.000357946545256	0.965,0.95,0.972	0.998,0.98,0.991	-0.027
10776	"MLH3"	"MLH3"	chr14	-	75033418	75033490	75039910	75040015	75032067	75032179	75041614	75041700	10776	7,4,3	1,4,9	9,7,5	0,1,0	204	171	2.60553480969e-06	0.000407007870421	0.854,0.456,0.218	1.0,0.854,1.0	-0.442
622	"PMF1-BGLAP"	"PMF1-BGLAP"	chr1	+	156233627	156233728	156236287	156236483	156213008	156213176	156242552	156242591	622	35,11,27	253,160,292	10,2,5	189,139,200	200	295	2.87467257409e-06	0.00044244592883	0.169,0.092,0.12	0.072,0.021,0.036	0.084
3747	"RNF181"	"RNF181"	chr2	+	85596856	85596931	85597103	85597178	85596518	85596649	85597444	85597604	3747	38,18,35	484,269,425	3,6,9	271,193,235	174	174	3.2853679266e-06	0.000498328416229	0.073,0.063,0.076	0.011,0.03,0.037	0.045
9986	"TIMM50"	"TIMM50"	chr19	+	39482884	39482916	39483134	39483156	39480849	39480961	39485687	39485807	9986	9,3,4	9,3,9	10,3,2	1,1,0	131	121	3.85822290883e-06	0.00057685944234	0.48,0.48,0.291	0.902,0.735,1.0	-0.462
8122	"RNF121"	"RNF121"	chr11	+	71962151	71962289	71982806	71982915	71960749	71960891	71987003	71987111	8122	8,2,13	98,41,75	1,1,0	72,45,56	237	208	3.97301657895e-06	0.000585656218525	0.067,0.041,0.132	0.012,0.019,0.0	0.07
7916	"ZNF133"	"ZNF133"	chr20	+	18297984	18298062	18305007	18305178	18288282	18288604	18305680	18305807	7916	9,2,5	9,8,5	4,2,8	0,0,2	177	270	4.41551556152e-06	0.000641844248151	0.604,0.276,0.604	1.0,1.0,0.859	-0.458
3290	"L3MBTL1"	"L3MBTL1"	chr20	+	43515008	43515159	43515291	43515415	43514412	43514776	43516092	43516177	3290	2,3,2	3,4,0	0,0,0	3,1,1	250	223	5.23074093861e-06	0.000749930611829	0.373,0.401,1.0	0.0,0.0,0.0	0.591
9948	"BANP"	"BANP"	chr16	+	87984059	87984259	88006089	88006265	87981035	87981127	88018427	88018455	9948	85,34,54	127,65,122	72,50,63	67,41,50	299	275	5.90952282153e-06	0.000835798187164	0.381,0.325,0.289	0.497,0.529,0.537	-0.189
1761	"ALKBH3"	"ALKBH3"	chr11	+	43882582	43882731	43883084	43883188	43880849	43881179	43886605	43886653	1761	232,145,200	15,5,15	53,72,66	1,0,0	248	203	6.45587970693e-06	0.000900896493503	0.927,0.96,0.916	0.977,1.0,1.0	-0.058
11489	"ATF2"	"ATF2"	chr2	-	175080659	175080765	175092542	175092616	175074999	175075087	175093060	175093267	11489	15,9,8	81,39,65	1,2,2	54,58,40	173	205	7.24988356171e-06	0.000998385281011	0.18,0.215,0.127	0.021,0.039,0.056	0.135
321	"TBCEL"	"TBCEL"	chr11	+	121053629	121053732	121055051	121055308	121047527	121047667	121058344	121058471	321	9,3,6	57,30,44	0,0,0	5,8,9	202	356	7.55913070383e-06	0.00102745275255	0.218,0.15,0.194	0.0,0.0,0.0	0.187
10925	"SLMAP"	"SLMAP"	chr3	+	57864806	57864857	57871635	57871698	57864547	57864716	57896510	57896591	10925	38,33,31	3,10,17	25,12,37	1,0,2	150	162	7.77379064609e-06	0.00104308324233	0.932,0.781,0.663	0.964,1.0,0.952	-0.18
4774	"COPZ1"	"COPZ1"	chr12	+	54340546	54340615	54343224	54343316	54325126	54325181	54345459	54345515	4774	37,18,33	241,157,259	44,56,69	203,183,230	168	191	7.95619100702e-06	0.00105404424151	0.149,0.115,0.127	0.198,0.258,0.254	-0.106
1351	"ZNF346"	"ZNF346"	chr5	+	177062057	177062151	177064511	177064601	177041777	177041870	177079381	177081189	1351	7,1,10	4,4,5	7,2,3	1,0,0	193	189	8.32498828884e-06	0.00108911659289	0.632,0.197,0.662	0.873,1.0,1.0	-0.461
6302	"SLC1A6"	"SLC1A6"	chr19	-	14956475	14956709	14962001	14962345	14954134	14954329	14968302	14968507	6302	524,273,564	204,116,255	1365,835,1006	795,553,746	443	333	8.55454601933e-06	0.00110533183504	0.659,0.639,0.624	0.563,0.532,0.503	0.108
3325	"SLC50A1"	"SLC50A1"	chr1	+	155136298	155136376	155136827	155136951	155135849	155135991	155137978	155138098	3325	185,113,200	76,42,81	200,157,199	55,33,22	177	223	1.03327908242e-05	0.00130961207905	0.754,0.772,0.757	0.821,0.857,0.919	-0.105
6221	"CTH"	"CTH"	chr1	+	70424284	70424416	70429793	70429851	70421565	70421675	70430316	70430394	6221	123,61,118	15,8,15	8,23,22	0,1,0	231	157	1.03858018881e-05	0.00130961207905	0.848,0.838,0.842	1.0,0.94,1.0	-0.137
690	"COBLL1"	"COBLL1"	chr2	-	164779654	164779785	164841155	164841246	164743686	164743875	164843651	164843679	690	14,8,14	1,0,1	9,6,8	5,11,1	190	230	1.05814350322e-05	0.00131839641723	0.944,1.0,0.944	0.685,0.398,0.906	0.3
1818	"CREM"	"CREM"	chr10	+	35148367	35148491	35188199	35188388	35127062	35127193	35206894	35207051	1818	38,15,52	40,18,42	42,26,47	12,6,20	223	288	1.08327218418e-05	0.00132421807323	0.551,0.518,0.615	0.819,0.848,0.752	-0.245
6801	"SLC13A3"	"SLC13A3"	chr20	-	46599970	46600037	46610445	46610609	46596156	46596342	46613459	46613725	6801	24,10,34	7,2,2	3,3,4	0,0,0	263	166	1.08812109973e-05	0.00132421807323	0.684,0.759,0.915	1.0,1.0,1.0	-0.214
6303	"SLC1A6"	"SLC1A6"	chr19	-	14956475	14956709	14962001	14962345	14954134	14954329	14971736	14971874	6303	526,274,566	204,118,255	1368,841,1012	795,553,745	443	333	1.13567176063e-05	0.001355969493	0.66,0.636,0.625	0.564,0.533,0.505	0.106
9477	"ANXA2"	"ANXA2"	chr15	-	60396279	60396427	60397257	60397338	60386027	60386086	60397942	60397986	9477	500,283,401	48,33,64	488,425,421	124,79,93	180	247	1.14012340325e-05	0.001355969493	0.935,0.922,0.896	0.844,0.881,0.861	0.056
8400	"DPY30"	"DPY30"	chr2	-	31891991	31892134	31932066	31932135	31869847	31869952	31943301	31943383	8400	49,28,125	126,69,87	0,0,43	68,64,99	168	242	1.20875412262e-05	0.00142144052217	0.359,0.369,0.674	0.0,0.0,0.385	0.339
10823	"TROAP"	"TROAP"	chr12	+	49323844	49324037	49325746	49325884	49323603	49323752	49326667	49326720	10823	359,162,331	30,25,27	309,236,264	11,3,17	292	237	1.33501887798e-05	0.00155247861966	0.907,0.84,0.909	0.958,0.985,0.926	-0.071
2790	"NR2C1"	"NR2C1"	chr12	-	95028386	95028509	95049067	95049233	95021892	95022403	95051761	95051943	2790	62,32,47	3,2,14	40,21,23	1,0,0	265	222	1.38628609065e-05	0.00158675143176	0.945,0.931,0.738	0.971,1.0,1.0	-0.119
9466	"ANXA2"	"ANXA2"	chr15	-	60360940	60361054	60364428	60364523	60357145	60357236	60386027	60386086	9466	138,49,76	2697,1540,2470	74,61,89	3700,2896,3431	194	213	1.39481303002e-05	0.00158675143176	0.053,0.034,0.033	0.021,0.023,0.028	0.016
8730	"ATAD3A"	"ATAD3A"	chr1	+	1520547	1520617	1522743	1522899	1520140	1520306	1523510	1523567	8730	114,70,113	111,55,66	233,152,173	52,57,92	169	255	1.52938725495e-05	0.00172113623767	0.608,0.658,0.721	0.871,0.801,0.739	-0.141
2884	"GATSL2"	"GATSL2"	chr7	+	75021873	75021956	75024439	75024534	75020038	75020149	75024633	75024798	2884	7,2,5	2,6,6	1,0,1	13,4,4	182	194	1.59871118632e-05	0.00176528634836	0.789,0.262,0.47	0.076,0.0,0.21	0.412
3117	"RAB5A"	"RAB5A"	chr3	+	19970547	19970717	19975600	19975752	19950805	19951061	19976046	19976169	3117	14,15,23	507,236,514	5,3,1	281,236,269	269	251	1.6023524087e-05	0.00176528634836	0.025,0.056,0.04	0.016,0.012,0.003	0.03
6301	"SLC1A6"	"SLC1A6"	chr19	-	14956475	14956709	14962001	14962345	14954134	14954329	14964318	14964361	6301	683,365,715	204,120,256	1754,1116,1335	795,554,749	443	333	1.67356958753e-05	0.00182453951074	0.716,0.696,0.677	0.624,0.602,0.573	0.097
1134	"HNRNPC"	"HNRNPC"	chr14	-	21263310	21263336	21263666	21263829	21233952	21234229	21269297	21269425	1134	199,120,208	1064,575,1066	200,147,206	1548,1316,1561	262	125	1.81258535873e-05	0.00193576718005	0.082,0.091,0.085	0.058,0.051,0.059	0.03
10687	"ARNTL2"	"ARNTL2"	chr12	+	27370128	27370230	27376345	27376387	27368261	27368412	27380246	27380404	10687	2,3,3	0,0,1	3,3,0	1,1,4	201	141	1.8075307499e-05	0.00193576718005	1.0,1.0,0.678	0.678,0.678,0.0	0.441
4963	"DMKN"	"DMKN"	chr19	-	35508204	35508240	35509910	35509961	35505938	35505986	35510183	35510252	4963	188,101,181	21,8,14	145,95,127	1,1,7	150	135	1.90256140062e-05	0.00200324446045	0.89,0.919,0.921	0.992,0.988,0.942	-0.064
7069	"KIAA1217"	"KIAA1217"	chr10	+	24536773	24536893	24542882	24544481	24533069	24533237	24544980	24545103	7069	7,7,18	856,514,1004	20,18,13	436,396,515	219	1698	1.91404974245e-05	0.00200324446045	0.06,0.096,0.122	0.262,0.261,0.164	-0.136
4196	"ATP6V1E2"	"ATP6V1E2"	chr2	-	46536610	46536703	46541389	46541453	46535812	46535927	46542216	46542557	4196	10,7,14	18,27,22	0,4,0	24,18,13	163	192	2.00327246791e-05	0.0020758663019	0.396,0.234,0.428	0.0,0.207,0.0	0.284
9753	"PQLC1"	"PQLC1"	chr18	-	79930227	79930311	79933968	79934022	79919183	79919400	79943328	79943462	9753	51,30,53	6,1,11	35,21,29	0,0,1	153	183	2.03496083246e-05	0.00208802941888	0.91,0.973,0.852	1.0,1.0,0.972	-0.079
3118	"RAB5A"	"RAB5A"	chr3	+	19970547	19970717	19975642	19975752	19950805	19951061	19976046	19976169	3118	14,15,23	263,126,275	5,3,1	158,113,132	269	209	2.06154525033e-05	0.00209477015436	0.04,0.085,0.061	0.024,0.02,0.006	0.045
9529	"TDRD3"	"TDRD3"	chr13	+	60444682	60444748	60460379	60460540	60439687	60439772	60467237	60467379	9529	10,6,7	24,13,21	2,0,1	12,12,22	165	260	2.18570092454e-05	0.00219957171887	0.396,0.421,0.344	0.208,0.0,0.067	0.295
9068	"SNX17"	"SNX17"	chr2	+	27372622	27372740	27373039	27373113	27371268	27371343	27373246	27373311	9068	349,186,299	22,8,12	324,243,320	5,8,0	217	173	2.37954350768e-05	0.00237183831918	0.927,0.949,0.952	0.981,0.96,1.0	-0.038
3577	"U2AF1L5"	"U2AF1L5"	chr21	-	6492130	6492197	6493043	6493110	6487362	6487412	6495992	6496080	3577	0,1,1	10,6,5	1,3,267	14,6,5	166	166	2.44164294901e-05	0.0023942640069	0.0,0.143,0.167	0.067,0.333,0.982	-0.357
11004	"MAPK8"	"MAPK8"	chr10	+	48308094	48308288	48404851	48404981	48306654	48306821	48409878	48409937	11004	54,31,53	91,66,69	11,10,9	43,37,50	293	229	2.44779522968e-05	0.0023942640069	0.317,0.269,0.375	0.167,0.174,0.123	0.166
925	"RAD51D"	"RAD51D"	chr17	-	35106987	35107122	35107365	35107447	35106385	35106481	35116858	35117037	925	0,0,1	13,13,24	3,6,1	14,11,17	181	234	2.62441081221e-05	0.00251991592299	0.0,0.0,0.051	0.217,0.414,0.071	-0.217
10929	"SLMAP"	"SLMAP"	chr3	+	57871635	57871698	57890040	57890100	57864547	57864716	57896510	57896591	10929	3,10,17	110,56,94	1,0,2	45,37,51	162	159	2.62133413939e-05	0.00251991592299	0.026,0.149,0.151	0.021,0.0,0.037	0.089
1313	"SHROOM3"	"SHROOM3"	chr4	+	76555608	76555763	76710155	76710287	76435099	76436220	76730803	76730935	1313	23,11,25	162,95,161	26,7,11	43,25,28	254	231	2.82910250556e-05	0.00269176243847	0.114,0.095,0.124	0.355,0.203,0.263	-0.163
3628	"CCNB3"	"CCNB3"	chrX	+	50294862	50294993	50308504	50311496	50288779	50288887	50312536	50312632	3628	0,0,0	36,28,38	2,0,4	32,26,34	230	3091	3.14538971035e-05	0.00296573411788	0.0,0.0,0.0	0.457,0.0,0.613	-0.357
303	"VPS28"	"VPS28"	chr8	-	144425921	144426063	144426179	144426208	144424945	144425772	144426908	144426983	303	214,128,184	24,26,43	113,70,103	10,4,5	128	241	3.19136039523e-05	0.00298221231219	0.944,0.903,0.89	0.955,0.971,0.975	-0.055
453	"WDR19"	"WDR19"	chr4	+	39194543	39194659	39199477	39199593	39189655	39189781	39203641	39203722	453	9,8,5	16,8,12	1,0,1	5,7,6	215	215	3.5257418558e-05	0.00322419184746	0.36,0.5,0.294	0.167,0.0,0.143	0.281
7978	"HERC6"	"HERC6"	chr4	+	88417424	88417579	88423859	88423973	88413076	88413266	88428579	88428750	7978	6,5,20	5,3,3	14,2,4	0,0,1	254	213	3.50999100388e-05	0.00322419184746	0.502,0.583,0.848	1.0,1.0,0.77	-0.279
10158	"RBPJ"	"RBPJ"	chr4	+	26320699	26320815	26362445	26362628	26319661	26319770	26386352	26386391	10158	9,9,9	39,31,33	2,1,4	54,29,41	215	282	3.5735357759e-05	0.00322419184746	0.232,0.276,0.263	0.046,0.043,0.113	0.19
10304	"TMBIM6"	"TMBIM6"	chr12	+	49743416	49743565	49744412	49744542	49741956	49742115	49752463	49752549	10304	7,3,1	9,10,17	6,10,16	6,2,2	248	229	3.57242916584e-05	0.00322419184746	0.418,0.217,0.052	0.48,0.822,0.881	-0.499
1133	"HNRNPC"	"HNRNPC"	chr14	-	21236372	21236460	21262600	21262768	21233952	21234229	21263310	21263336	1133	125,78,70	14,3,7	51,31,42	14,8,14	267	187	4.12763919313e-05	0.00366100608435	0.862,0.948,0.875	0.718,0.731,0.678	0.186
8499	"ZNF620"	"ZNF620"	chr3	+	40508655	40508774	40511469	40511596	40506303	40506376	40515859	40518736	8499	3,2,2	6,4,6	0,0,0	4,1,4	218	226	4.10621749071e-05	0.00366100608435	0.341,0.341,0.257	0.0,0.0,0.0	0.313
6991	"NUP54"	"NUP54"	chr4	-	76124648	76124756	76144148	76144292	76118074	76118194	76144389	76144473	6991	238,155,252	51,34,34	172,146,184	67,48,60	243	207	4.18107006527e-05	0.00367723355488	0.799,0.795,0.863	0.686,0.722,0.723	0.109
8256	"HNRNPH3"	"HNRNPH3"	chr10	+	68337198	68337333	68337857	68337996	68332074	68332216	68338502	68338687	8256	790,465,790	982,600,1038	706,501,608	1226,1014,1129	234	238	4.34188704463e-05	0.00372476965648	0.45,0.441,0.436	0.369,0.334,0.354	0.09
9559	"GGA1"	"GGA1"	chr22	+	37614189	37614274	37616921	37617048	37608724	37608903	37618447	37618546	9559	80,53,69	4,3,2	40,22,36	5,9,8	184	226	4.32327565633e-05	0.00372476965648	0.961,0.956,0.977	0.908,0.75,0.847	0.13
9985	"TIMM50"	"TIMM50"	chr19	+	39481882	39482033	39483134	39483156	39480483	39480961	39485687	39485807	9985	247,158,260	9,3,9	166,119,202	1,1,0	250	121	4.33536033748e-05	0.00372476965648	0.93,0.962,0.933	0.988,0.983,1.0	-0.049
581	"SETD6"	"SETD6"	chr16	+	58516807	58516928	58518050	58518231	58516201	58516343	58518400	58518543	581	84,40,72	357,208,335	19,32,24	229,190,257	220	280	4.38705049262e-05	0.00373291629722	0.23,0.197,0.215	0.096,0.177,0.106	0.088
9755	"HAUS4"	"HAUS4"	chr14	-	22950313	22950410	22951554	22951689	22947600	22947731	22952327	22952459	9755	91,53,97	22,10,32	103,55,90	7,6,10	234	196	4.43760889757e-05	0.00374548505822	0.776,0.816,0.717	0.925,0.885,0.883	-0.128
2436	"LSM14A"	"LSM14A"	chr19	+	34208928	34209051	34215123	34215300	34196633	34196763	34215595	34215661	2436	4,4,6	3,4,2	2,1,2	1,1,374	222	276	4.54143465952e-05	0.00380245241172	0.624,0.554,0.789	0.713,0.554,0.007	0.231
5201	"MTMR2"	"MTMR2"	chr11	-	95882373	95882496	95887611	95887684	95866402	95866486	95888155	95888261	5201	9,6,8	15,9,11	0,2,0	8,3,12	172	222	4.72357219931e-05	0.00392356401889	0.436,0.462,0.484	0.0,0.462,0.0	0.307
3920	"GTF2H3"	"GTF2H3"	chr12	+	123659429	123659475	123659515	123659584	123655770	123655824	123659794	123659930	3920	15,10,13	94,70,87	2,2,3	68,61,51	145	168	4.78122362827e-05	0.00394018003886	0.156,0.142,0.148	0.033,0.037,0.064	0.104
2792	"NR2C1"	"NR2C1"	chr12	-	95028386	95028524	95049067	95049233	95020228	95022403	95051761	95051943	2792	62,32,47	10,2,14	40,21,23	1,2,0	265	237	4.85975922693e-05	0.00394280930768	0.847,0.935,0.75	0.973,0.904,1.0	-0.115
9598	"PITPNA"	"PITPNA"	chr17	-	1548295	1548387	1553003	1553149	1543019	1543027	1558528	1558559	9598	110,66,95	23,2,7	82,68,99	1,3,2	245	191	4.84281157095e-05	0.00394280930768	0.789,0.963,0.914	0.985,0.946,0.975	-0.08
2537	"DEF8"	"DEF8"	chr16	+	89950066	89950328	89952557	89952682	89949416	89949513	89954242	89954376	2537	6,1,4	1,1,5	2,1,2	1,0,0	361	224	5.54390050105e-05	0.00446326635723	0.788,0.383,0.332	0.554,1.0,1.0	-0.35
1476	"GYG2"	"GYG2"	chrX	+	2843212	2843354	2853979	2854154	2830060	2830195	2854992	2855155	1476	3,3,3	15,11,16	0,0,0	9,6,2	241	274	6.07691967786e-05	0.00483720809063	0.185,0.237,0.176	0.0,0.0,0.0	0.199
8830	"NVL"	"NVL"	chr1	-	224311799	224311857	224313049	224313151	224307992	224308263	224317693	224317793	8830	3,0,13	67,46,68	0,0,0	50,31,58	201	157	6.10081662491e-05	0.00483720809063	0.034,0.0,0.13	0.0,0.0,0.0	0.055
9949	"BANP"	"BANP"	chr16	+	87984059	87984259	88018427	88018667	87981035	87981127	88027482	88027650	9949	85,34,53	208,94,192	70,50,63	117,61,105	299	339	6.24309647742e-05	0.0049128005814	0.317,0.291,0.238	0.404,0.482,0.405	-0.148
9345	"PTH2R"	"PTH2R"	chr2	+	208489011	208489150	208490638	208490680	208481069	208481164	208493263	208494029	9345	66,26,65	21,11,26	51,43,87	5,8,10	238	141	6.44972934891e-05	0.00503752741535	0.651,0.583,0.597	0.858,0.761,0.838	-0.209
2434	"FCHO2"	"FCHO2"	chr5	+	73017211	73017308	73034656	73034701	73015625	73015724	73037142	73037215	2434	10,6,7	1,0,0	7,12,6	4,2,1	196	144	6.57909550212e-05	0.00510050470557	0.88,1.0,1.0	0.563,0.815,0.815	0.229
11099	"HKR1"	"HKR1"	chr19	+	37335168	37335257	37347776	37347872	37334711	37334782	37359425	37359776	11099	28,11,35	3,1,8	4,7,6	0,0,0	188	195	6.8529110275e-05	0.00527371814807	0.906,0.919,0.819	1.0,1.0,1.0	-0.119
1118	"BORA"	"BORA"	chr13	+	72731280	72731387	72734959	72735005	72728925	72729093	72737961	72738043	1118	21,6,13	8,3,13	11,14,7	0,1,2	206	145	7.0619359017e-05	0.00539490665308	0.649,0.585,0.413	1.0,0.908,0.711	-0.324
3384	"TCEB1"	"TCEB1"	chr8	-	73964486	73964625	73970578	73970634	73959764	73959818	73971869	73971908	3384	0,0,1	35,23,59	3,3,7	47,50,60	155	238	7.3709387247e-05	0.00559016265889	0.0,0.0,0.025	0.089,0.084,0.152	-0.1
1025	"NUP85"	"NUP85"	chr17	+	75215753	75215823	75225102	75225237	75213075	75213119	75225341	75225464	1025	60,22,54	385,181,346	71,53,68	289,193,246	169	234	7.72423973596e-05	0.00577442093404	0.177,0.144,0.178	0.254,0.275,0.277	-0.102
10064	"TACC2"	"TACC2"	chr10	+	122143571	122143706	122195039	122195176	122132608	122132734	122210396	122211708	10064	34,26,48	105,74,91	9,3,4	43,39,33	234	236	7.68942641695e-05	0.00577442093404	0.246,0.262,0.347	0.174,0.072,0.109	0.167
6963	"PPIL6"	"PPIL6"	chr6	-	109431156	109431345	109436103	109436199	109427093	109427156	109440455	109441171	6963	4,3,10	9,3,5	1,1,0	3,4,6	195	288	7.78497289835e-05	0.00577854796838	0.396,0.596,0.747	0.33,0.27,0.0	0.38
6693	"MRRF"	"MRRF"	chr9	+	122286038	122286166	122291748	122291840	122285168	122285287	122313226	122313386	6693	8,6,17	102,62,95	5,4,5	142,109,161	227	191	8.13763671661e-05	0.00599778210395	0.062,0.075,0.131	0.029,0.03,0.025	0.061
3703	"IMMT"	"IMMT"	chr2	-	86161951	86162079	86166507	86166644	86159535	86159671	86170748	86170801	3703	292,161,273	17,15,16	286,281,307	13,5,3	236	227	8.3046912305e-05	0.0060358957235	0.943,0.912,0.943	0.955,0.982,0.99	-0.043
4777	"COPZ1"	"COPZ1"	chr12	+	54342205	54342287	54343224	54343316	54325138	54325181	54345459	54345515	4777	21,18,20	241,157,259	7,11,3	203,183,230	181	191	8.25000840197e-05	0.0060358957235	0.084,0.108,0.075	0.035,0.06,0.014	0.053
580	"SETD6"	"SETD6"	chr16	+	58516807	58516928	58518180	58518231	58516201	58516343	58518400	58518467	580	84,40,72	125,73,84	19,32,24	68,71,83	220	150	8.56892897012e-05	0.0061426308631	0.314,0.272,0.369	0.16,0.235,0.165	0.132
3257	"FGFR1"	"FGFR1"	chr8	-	38421796	38421941	38423024	38423175	38419532	38419735	38424508	38424699	3257	22,9,45	273,164,276	7,5,0	128,79,121	250	244	8.56866675766e-05	0.0061426308631	0.073,0.051,0.137	0.051,0.058,0.0	0.051
1866	"BIRC5"	"BIRC5"	chr17	+	78215965	78216034	78216663	78216781	78214679	78214789	78223464	78225636	1866	95,45,67	818,505,691	43,34,54	839,662,724	168	217	9.02711462377e-05	0.00638363389543	0.13,0.103,0.111	0.062,0.062,0.088	0.044
9981	"SRRM1"	"SRRM1"	chr1	+	24663182	24663224	24666814	24666925	24662659	24662804	24669122	24669587	9981	30,18,27	327,202,437	16,6,10	388,262,302	141	210	9.0134643092e-05	0.00638363389543	0.12,0.117,0.084	0.058,0.033,0.047	0.061
10069	"SQSTM1"	"SQSTM1"	chr5	+	179822957	179823053	179823857	179824087	179811573	179811682	179824181	179824323	10069	43,31,37	3257,1778,3013	35,33,37	1517,1099,1376	195	329	9.12043276281e-05	0.0064063388789	0.022,0.029,0.02	0.037,0.048,0.043	-0.019
2675	"PRKD3"	"PRKD3"	chr2	-	37260222	37260384	37267429	37267536	37256661	37256929	37269614	37269687	2675	94,58,71	36,24,40	106,69,85	16,11,25	206	261	9.22601308843e-05	0.00643729686557	0.768,0.754,0.692	0.894,0.888,0.812	-0.127
3781	"USP10"	"USP10"	chr16	+	84704739	84704860	84716194	84716258	84699994	84700111	84733434	84733503	3781	9,5,12	1,0,0	6,9,6	3,4,0	220	163	9.41050100677e-05	0.00647962523269	0.87,1.0,1.0	0.597,0.625,1.0	0.216
5792	"EXTL3"	"EXTL3"	chr8	+	28713456	28713550	28715584	28718207	28701326	28701659	28731222	28731350	5792	35,15,27	917,584,845	13,9,26	1329,961,1131	193	2722	9.36332064133e-05	0.00647962523269	0.35,0.266,0.311	0.121,0.117,0.245	0.148
3975	"DPH5"	"DPH5"	chr1	-	101013709	101013818	101021640	101021765	101001466	101001544	101025308	101025466	3975	36,28,57	17,9,8	47,41,31	4,1,3	224	208	9.90804658019e-05	0.00677762192865	0.663,0.743,0.869	0.916,0.974,0.906	-0.174
8047	"MORN3"	"MORN3"	chr12	-	121653074	121653259	121654273	121654433	121652727	121652808	121659190	121659348	8047	92,59,88	33,20,39	4,8,9	2,0,0	259	284	0.000115213889326	0.007822929924	0.754,0.764,0.712	0.687,1.0,1.0	-0.152
8189	"CEP164"	"CEP164"	chr11	+	117382795	117382942	117387202	117387412	117381700	117381868	117390776	117390908	8189	4,5,11	138,51,118	1,2,0	91,61,81	246	309	0.000115856500881	0.007822929924	0.035,0.11,0.105	0.014,0.04,0.0	0.065
3160	"PPIL3"	"PPIL3"	chr2	-	200882341	200882435	200885261	200885343	200881420	200881488	200885697	200885772	3160	0,0,0	126,82,99	7,3,4	101,64,87	181	193	0.000126827341444	0.00850881381765	0.0,0.0,0.0	0.069,0.048,0.047	-0.055
11716	"THBS3"	"THBS3"	chr1	-	155203512	155203539	155204854	155204957	155203222	155203305	155205059	155205316	11716	6,6,7	3,2,3	8,7,16	1,1,0	202	126	0.000140682009058	0.00937820322803	0.555,0.652,0.593	0.833,0.814,1.0	-0.282
9825	"CEP290"	"CEP290"	chr12	-	88131164	88131218	88136642	88136786	88130544	88130565	88139144	88139191	9825	17,7,7	3,0,10	10,11,7	0,1,0	243	153	0.00014327912054	0.00949088149096	0.781,1.0,0.306	1.0,0.874,1.0	-0.262
10971	"GSN"	"GSN"	chr9	+	121282438	121282550	121300055	121300126	121281469	121281562	121301962	121302167	10971	1,1,1	1,5,0	1,3,2	0,0,0	211	170	0.000144828804587	0.00953319665917	0.446,0.139,1.0	1.0,1.0,1.0	-0.472
11188	"TTC23"	"TTC23"	chr15	-	99245388	99245510	99249621	99249799	99228532	99228732	99251154	99251223	11188	17,12,20	4,1,6	0,0,2	1,1,2	277	221	0.00014866338477	0.00972444365627	0.772,0.905,0.727	0.0,0.0,0.444	0.653
10645	"ZNF74"	"ZNF74"	chr22	+	20395332	20395418	20399594	20399690	20394402	20394662	20400631	20400758	10645	71,26,57	7,2,6	16,9,12	0,0,0	185	195	0.000158588173091	0.0103092162706	0.914,0.932,0.909	1.0,1.0,1.0	-0.082
11743	"ARIH2"	"ARIH2"	chr3	+	48927461	48927813	48945135	48945181	48924717	48924839	48961611	48961679	11743	1120,624,1146	23,9,9	530,403,507	3,3,0	451	145	0.000160642506292	0.0103782992028	0.94,0.957,0.976	0.983,0.977,1.0	-0.029
9344	"PTH2R"	"PTH2R"	chr2	+	208481069	208481164	208490638	208490680	208459894	208459961	208493263	208494029	9344	38,19,46	21,8,24	45,35,63	5,8,13	194	141	0.000163747220437	0.0105139779699	0.568,0.633,0.582	0.867,0.761,0.779	-0.208
4964	"DMKN"	"DMKN"	chr19	-	35508204	35508240	35509910	35509961	35506125	35506185	35510183	35510252	4964	112,64,99	12,9,9	86,53,66	0,1,5	150	135	0.000172739587897	0.0110237349203	0.894,0.865,0.908	1.0,0.979,0.922	-0.078
112	"LINC01399"	"LINC01399"	chr22	-	35120012	35120067	35171434	35171602	35119823	35119904	35172338	35172460	112	2,7,10	0,0,0	13,6,6	3,2,1	267	154	0.000186431541684	0.0117063077767	1.0,1.0,1.0	0.714,0.634,0.776	0.292
3323	"SLC50A1"	"SLC50A1"	chr1	+	155136298	155136376	155137560	155137722	155135827	155135991	155137978	155138098	3323	185,113,200	352,247,407	200,157,199	281,197,262	177	261	0.000184563952042	0.0117063077767	0.437,0.403,0.42	0.512,0.54,0.528	-0.107
9797	"TBC1D12"	"TBC1D12"	chr10	+	94500220	94500327	94507266	94507347	94493364	94493447	94510090	94510179	9797	7,3,8	18,10,16	0,0,2	7,6,7	206	180	0.000186790884647	0.0117063077767	0.254,0.208,0.304	0.0,0.0,0.2	0.189
2416	"TFDP2"	"TFDP2"	chr3	-	142005440	142005544	142093060	142093127	141993537	141993585	142101734	142101841	2416	51,15,42	24,13,20	30,21,30	37,33,41	166	203	0.000189522639822	0.0118068092165	0.722,0.585,0.72	0.498,0.438,0.472	0.206
2764	"ST3GAL6"	"ST3GAL6"	chr3	+	98773919	98773983	98784944	98785040	98772812	98772916	98788035	98788222	2764	6,1,1	0,1,5	0,1,1	1,4,7	163	195	0.000194953038045	0.0120022264481	1.0,0.545,0.193	0.0,0.23,0.146	0.454
6252	"DONSON"	"DONSON"	chr21	-	33583487	33583666	33584589	33584768	33582164	33582246	33585977	33586181	6252	543,294,494	380,234,428	415,326,360	478,354,426	278	278	0.000194572952798	0.0120022264481	0.588,0.557,0.536	0.465,0.479,0.458	0.093
11104	"HKR1"	"HKR1"	chr19	+	37346422	37346492	37347231	37347316	37335168	37335257	37347776	37347872	11104	11,6,13	61,47,68	2,1,0	31,15,23	169	184	0.000198919950185	0.012174831571	0.164,0.122,0.172	0.066,0.068,0.0	0.108
2791	"NR2C1"	"NR2C1"	chr12	-	95028386	95028524	95031348	95031488	95020228	95022403	95040475	95040597	2791	18,9,16	11,4,14	14,8,20	2,2,2	239	237	0.000204955735109	0.0123397987628	0.619,0.691,0.531	0.874,0.799,0.908	-0.247
5593	"TMEM161A"	"TMEM161A"	chr19	-	19133129	19133306	19134783	19134887	19132656	19132754	19138425	19138453	5593	91,44,75	192,102,175	72,53,74	104,64,88	203	276	0.000203326576964	0.0123397987628	0.392,0.37,0.368	0.485,0.53,0.533	-0.139
10933	"LRRC45"	"LRRC45"	chr17	+	82028396	82028508	82028612	82028683	82028233	82028311	82029018	82029185	10933	105,60,95	5,6,9	109,65,115	2,1,2	211	170	0.000205152396782	0.0123397987628	0.944,0.89,0.895	0.978,0.981,0.979	-0.07
1034	"CTTN"	"CTTN"	chr11	+	70422939	70422995	70425331	70425401	70420124	70420510	70429050	70429125	1034	57,38,59	393,223,420	110,61,96	423,290,361	155	169	0.000208833409548	0.0124184685473	0.137,0.157,0.133	0.221,0.187,0.225	-0.069
7983	"VPS9D1-AS1"	"VPS9D1-AS1"	chr16	+	89712688	89712818	89716470	89716904	89711855	89712222	89717343	89718165	7983	109,44,82	330,201,305	2,0,3	22,13,32	229	533	0.000207877394512	0.0124184685473	0.435,0.338,0.385	0.175,0.0,0.179	0.268
11748	"ARIH2"	"ARIH2"	chr3	+	48945135	48945181	48961611	48961679	48927461	48927813	48964918	48964982	11748	16,13,15	256,146,288	2,3,2	135,91,122	145	167	0.000212609748325	0.0125716024066	0.067,0.093,0.057	0.017,0.037,0.019	0.048
2953	"ANAPC15"	"ANAPC15"	chr11	-	72111156	72111286	72111411	72111496	72110543	72110603	72111923	72112232	2953	23,20,31	603,291,555	13,3,2	325,237,281	184	229	0.000218402068224	0.0128415508204	0.045,0.079,0.065	0.047,0.016,0.009	0.039
5972	"CTBP2"	"CTBP2"	chr10	-	125133511	125133612	125160318	125160520	125038996	125039155	125160826	125161170	5972	50,42,42	5,0,5	22,17,26	7,6,8	301	200	0.000220915423441	0.0128615399407	0.869,1.0,0.848	0.676,0.653,0.683	0.235
8175	"TAF1C"	"TAF1C"	chr16	-	84180867	84180995	84181042	84181186	84180169	84180344	84181327	84181663	8175	156,75,180	14,3,6	93,43,58	0,2,0	243	227	0.000221199807885	0.0128615399407	0.912,0.959,0.966	1.0,0.953,1.0	-0.039
8467	"WDR53"	"WDR53"	chr3	-	196560995	196561491	196566876	196567307	196554176	196554807	196568518	196568639	8467	187,116,170	670,336,583	56,51,55	131,77,107	530	595	0.00024912169971	0.0144050149678	0.239,0.279,0.247	0.324,0.426,0.366	-0.117
3287	"TMEM254-AS1"	"TMEM254-AS1"	chr10	-	80055915	80056126	80056318	80056405	80053395	80053586	80060789	80060933	3287	7,2,2	6,0,3	1,1,0	8,1,2	186	310	0.000252640782285	0.0144488438655	0.66,1.0,0.526	0.172,0.625,0.0	0.463
11351	"ST7L"	"ST7L"	chr1	-	112550600	112550693	112555867	112556018	112541950	112542090	112576985	112577088	11351	20,3,16	1,0,3	7,12,16	8,5,7	250	192	0.000252474200654	0.0144488438655	0.939,1.0,0.804	0.402,0.648,0.637	0.352
4083	"GAS5"	"GAS5"	chr1	-	173865509	173865547	173865856	173866206	173865248	173865282	173866527	173866567	4083	542,351,467	333,213,344	340,281,307	147,115,143	449	137	0.000255917569477	0.0145567026204	0.332,0.335,0.293	0.414,0.427,0.396	-0.092
154	"RFWD2"	"RFWD2"	chr1	-	176149005	176149074	176162868	176162988	176116623	176116681	176163826	176163891	154	53,36,50	5,6,3	39,21,35	2,0,0	219	168	0.000261948403621	0.0148191999584	0.89,0.822,0.927	0.937,1.0,1.0	-0.099
10972	"STX16"	"STX16"	chr20	+	58659622	58659634	58667200	58667318	58652072	58652087	58667489	58667597	10972	4,14,26	2,0,0	5,7,2	5,0,5	111	217	0.000263836202542	0.0148457510527	0.796,1.0,1.0	0.662,1.0,0.439	0.232
3954	"PVR"	"PVR"	chr19	+	44657761	44657910	44658741	44658765	44653899	44654017	44661291	44661323	3954	526,262,513	20,21,28	119,101,133	15,15,14	248	123	0.00027640514751	0.0154698196462	0.929,0.861,0.901	0.797,0.77,0.825	0.1
452	"WDR19"	"WDR19"	chr4	+	39185725	39185817	39186538	39186604	39182528	39182563	39189655	39189781	452	4,4,6	8,3,10	5,7,8	3,1,0	191	165	0.000287175369134	0.0155729399656	0.302,0.535,0.341	0.59,0.858,1.0	-0.423
2535	"DEF8"	"DEF8"	chr16	+	89950066	89950306	89952557	89952682	89949416	89949513	89954242	89954376	2535	5,1,4	1,1,5	1,1,1	1,0,0	339	224	0.000284597482898	0.0155729399656	0.768,0.398,0.346	0.398,1.0,1.0	-0.295
5149	"NPRL3"	"NPRL3"	chr16	-	117300	117375	124936	125073	112621	112775	130521	130591	5149	23,20,26	60,34,56	6,5,9	45,32,36	236	174	0.00028642348541	0.0155729399656	0.22,0.303,0.255	0.09,0.103,0.156	0.143
5174	"RP11-69E11.4"	"RP11-69E11.4"	chr1	-	39523806	39523896	39524835	39525057	39522279	39522505	39529054	39529164	5174	4,4,3	6,0,3	2,2,1	0,0,1	321	189	0.000280480558935	0.0155729399656	0.282,1.0,0.371	1.0,1.0,0.371	-0.239
6485	"THAP9-AS1"	"THAP9-AS1"	chr4	-	82895691	82895774	82897988	82898062	82893008	82894847	82900076	82900223	6485	266,115,226	264,136,208	118,60,93	49,37,67	173	182	0.000286816498316	0.0155729399656	0.515,0.471,0.533	0.717,0.63,0.594	-0.141
8141	"ENAH"	"ENAH"	chr1	-	225514595	225514900	225517195	225517990	225512870	225513016	225519197	225519565	8141	449,220,475	689,408,582	249,193,201	506,416,470	894	404	0.000282136621489	0.0155729399656	0.227,0.196,0.269	0.182,0.173,0.162	0.058
3554	"CSAD"	"CSAD"	chr12	-	53160762	53160844	53161126	53161191	53160119	53160319	53161272	53161389	3554	6,0,5	30,11,20	0,0,1	10,9,10	164	181	0.000293390144471	0.0157401824194	0.181,0.0,0.216	0.0,0.0,0.099	0.099
7686	"RP1-178F15.5"	"RP1-178F15.5"	chr1	-	153627482	153627598	153631010	153631078	153626331	153626533	153632033	153632063	7686	2,7,14	316,148,227	2,2,1	240,190,229	167	215	0.000291888391638	0.0157401824194	0.008,0.057,0.074	0.011,0.013,0.006	0.036
11322	"GRAMD1A"	"GRAMD1A"	chr19	+	35015823	35015967	35019190	35019309	35014188	35014387	35019390	35019533	11322	123,91,130	71,57,75	63,38,69	78,56,58	243	218	0.00029477123583	0.0157401824194	0.608,0.589,0.609	0.42,0.378,0.516	0.164
7362	"FAM49B"	"FAM49B"	chr8	-	129903311	129903350	129970942	129970995	129879388	129879471	130016606	130016637	7362	8,5,3	101,91,129	7,19,19	111,97,115	152	138	0.000300354824653	0.0159569218011	0.067,0.048,0.021	0.054,0.151,0.13	-0.066
1935	"SRGAP1"	"SRGAP1"	chr12	+	64091275	64091378	64091892	64091926	64086998	64087026	64094931	64094992	1935	56,29,60	8,5,8	30,22,30	2,0,1	202	133	0.000304562523451	0.0160987442951	0.822,0.792,0.832	0.908,1.0,0.952	-0.138
1353	"ZNF346"	"ZNF346"	chr5	+	177062057	177062151	177064511	177064601	177050750	177050936	177079381	177081189	1353	44,21,34	6,2,3	34,24,22	1,0,0	193	189	0.000316235820513	0.0166317793844	0.878,0.911,0.917	0.971,1.0,1.0	-0.088
3666	"TSNAX"	"TSNAX"	chr1	+	231529254	231529359	231537212	231537327	231528652	231528826	231542480	231542611	3666	164,99,130	81,34,59	102,87,92	74,60,79	204	214	0.00031846175621	0.0166651037025	0.68,0.753,0.698	0.591,0.603,0.55	0.129
3524	"TARS"	"TARS"	chr5	+	33446643	33446764	33448540	33448731	33445323	33445404	33453288	33453412	3524	25,14,16	1350,743,1171	2,7,2	812,653,702	220	290	0.000328214789829	0.0170054256948	0.024,0.024,0.018	0.003,0.014,0.004	0.015
9220	"CASP4"	"CASP4"	chr11	-	104950924	104951098	104951895	104952063	104949542	104949777	104954746	104955001	9220	18,12,17	148,77,152	10,11,13	251,183,227	267	273	0.000327383229251	0.0170054256948	0.111,0.137,0.103	0.039,0.058,0.055	0.066
256	"IGFBP7"	"IGFBP7"	chr4	-	57033194	57033311	57040823	57040933	57032037	57032552	57109876	57110385	256	4,1,11	9,5,15	0,0,1	1,1,1	209	216	0.000334917176444	0.0171923935124	0.315,0.171,0.431	0.0,0.0,0.508	0.136
11362	"TMEM241"	"TMEM241"	chr18	-	23370215	23370261	23371421	23371470	23368714	23368750	23373711	23373763	11362	11,11,7	14,9,11	1,1,3	4,12,12	148	145	0.000335108759463	0.0171923935124	0.435,0.545,0.384	0.197,0.075,0.197	0.298
11103	"HKR1"	"HKR1"	chr19	+	37346422	37346492	37347189	37347316	37335168	37335257	37347776	37347872	11103	11,6,13	103,69,119	2,1,0	37,29,37	169	226	0.00033910543168	0.0173125729169	0.125,0.104,0.127	0.067,0.044,0.0	0.082
10306	"TMBIM6"	"TMBIM6"	chr12	+	49744412	49744542	49749617	49749856	49741956	49742115	49752463	49752549	10306	9,10,17	2,2,5	6,2,2	5,7,5	229	338	0.00034408289547	0.0174814154563	0.869,0.881,0.834	0.639,0.297,0.371	0.426
7626	"RAD51B"	"RAD51B"	chr14	+	68291883	68291980	68411423	68411527	68000278	68000313	68468171	68468250	7626	1,3,6	10,7,26	0,1,0	4,9,3	196	203	0.000349018180957	0.0176451395567	0.094,0.307,0.193	0.0,0.103,0.0	0.164
7795	"KIF1C"	"KIF1C"	chr17	+	4999849	4999970	5000219	5000352	4997947	4998156	5000771	5000848	7795	227,109,180	538,309,568	101,85,97	462,311,415	220	232	0.000350677338792	0.0176451395567	0.308,0.271,0.25	0.187,0.224,0.198	0.073
1841	"ZMYND8"	"ZMYND8"	chr20	-	47310055	47310204	47347855	47347926	47298728	47298872	47355449	47355520	1841	9,8,8	88,67,77	1,2,0	32,37,34	170	248	0.000353669058362	0.0177105280613	0.13,0.148,0.132	0.044,0.073,0.0	0.098
5935	"ACP2"	"ACP2"	chr11	-	47245304	47245422	47245473	47245572	47243238	47243321	47245681	47245834	5935	149,99,166	14,9,10	138,99,119	3,5,1	198	217	0.000358787663033	0.0177357433491	0.921,0.923,0.948	0.981,0.956,0.992	-0.046
6442	"GAN"	"GAN"	chr16	+	81351582	81351697	81354404	81354755	81314951	81315280	81356784	81357002	6442	7,3,6	45,8,36	1,2,1	32,25,53	214	450	0.000360951015991	0.0177357433491	0.246,0.441,0.26	0.062,0.144,0.038	0.234
11734	"ARIH2"	"ARIH2"	chr3	+	48924717	48924839	48944981	48945181	48922747	48922811	48961611	48961679	11734	114,46,99	24,9,9	36,39,45	3,3,0	221	299	0.000359653922232	0.0177357433491	0.865,0.874,0.937	0.942,0.946,1.0	-0.071
11751	"ARIH2"	"ARIH2"	chr3	+	48961611	48961679	48964918	48964982	48945135	48945181	48967124	48967170	11751	51,12,20	158,75,159	4,9,2	67,61,67	167	163	0.000357000832275	0.0177357433491	0.24,0.135,0.109	0.055,0.126,0.028	0.092
2372	"PACRGL"	"PACRGL"	chr4	+	20707802	20707870	20709682	20709773	20704659	20704814	20713431	20713539	2372	22,14,14	1,0,0	11,5,7	2,1,4	167	190	0.000366189709277	0.0179090724173	0.962,1.0,1.0	0.862,0.85,0.666	0.195
11811	"SERINC5"	"SERINC5"	chr5	-	80166382	80166478	80169334	80169546	80158835	80158962	80174953	80175047	11811	64,40,63	68,40,56	73,52,71	32,27,42	311	195	0.000368411075344	0.0179339084398	0.371,0.385,0.414	0.589,0.547,0.515	-0.16
10369	"GALNT6"	"GALNT6"	chr12	-	51365429	51365579	51377194	51377367	51364120	51364355	51379290	51379781	10369	99,54,85	27,13,31	58,48,49	26,39,37	272	249	0.000370467327507	0.0179505141189	0.77,0.792,0.715	0.671,0.53,0.548	0.176
8050	"PPID"	"PPID"	chr4	-	158715296	158715403	158715561	158715668	158713118	158713260	158717011	158717055	8050	25,10,29	183,97,171	12,8,8	171,129,155	206	206	0.00037409309001	0.018042664885	0.12,0.093,0.145	0.066,0.058,0.049	0.062
10191	"RP11-191L9.4"	"RP11-191L9.4"	chr22	+	47635179	47635353	47686199	47686312	47631673	47631886	47686574	47686695	10191	11,6,23	4,3,0	3,6,4	0,0,0	273	212	0.000378941063545	0.0181926475737	0.681,0.608,1.0	1.0,1.0,1.0	-0.237
9010	"CCDC150"	"CCDC150"	chr2	+	196672344	196672437	196674240	196674348	196669832	196669876	196676142	196676250	9010	4,3,5	20,13,24	4,11,8	4,6,13	192	207	0.00038427020886	0.0183642557348	0.177,0.199,0.183	0.519,0.664,0.399	-0.341
7484	"ASPH"	"ASPH"	chr8	-	61618977	61619019	61633682	61633727	61583943	61584029	61637946	61638003	7484	62,34,67	51,23,45	110,75,103	39,24,47	144	141	0.00038706004487	0.0184135019528	0.543,0.591,0.593	0.734,0.754,0.682	-0.148
10404	"GNPTG"	"GNPTG"	chr16	+	1352238	1352306	1357699	1357832	1351930	1352017	1361742	1361797	10404	23,16,22	7,1,4	29,9,16	0,0,2	167	232	0.000396233519392	0.0187646154478	0.82,0.957,0.884	1.0,1.0,0.917	-0.085
3569	"SUMF2"	"SUMF2"	chr7	+	56074173	56074218	56074585	56074639	56068481	56068638	56076833	56076889	3569	16,3,11	2,0,0	11,14,13	2,6,3	144	153	0.000406731045869	0.0191749870543	0.895,1.0,1.0	0.854,0.713,0.822	0.169
9489	"RBM3"	"RBM3"	chrX	+	48575560	48575667	48575814	48576083	48575167	48575283	48576313	48576419	9489	1272,655,960	157,80,133	847,624,678	74,55,49	206	368	0.000414007389594	0.0194304992802	0.935,0.936,0.928	0.953,0.953,0.961	-0.023
3903	"RBM6"	"RBM6"	chr3	+	50048244	50048319	50054334	50054395	49962575	49962685	50057727	50058003	3903	13,3,12	137,72,105	1,0,3	66,38,55	174	160	0.000418968286954	0.0195755450503	0.08,0.037,0.095	0.014,0.0,0.048	0.05
7801	"SLC25A30"	"SLC25A30"	chr13	-	45405882	45405977	45408926	45409074	45402274	45402370	45418299	45418455	7801	15,13,20	5,1,5	6,4,3	0,0,1	247	194	0.000424682485978	0.01975434177	0.702,0.911,0.759	1.0,1.0,0.702	-0.11
10647	"BRD9"	"BRD9"	chr5	-	868606	869119	869244	869404	865413	865581	870472	870575	10647	40,18,39	35,17,24	14,7,14	25,16,29	259	612	0.000439566194448	0.0203561937659	0.73,0.714,0.793	0.57,0.508,0.533	0.209
9130	"DAP3"	"DAP3"	chr1	+	155721516	155721618	155725381	155725411	155689101	155689174	155725991	155726019	9130	10,6,5	1,1,0	9,8,10	3,2,5	201	129	0.000457161337321	0.0210777557551	0.865,0.794,1.0	0.658,0.72,0.562	0.24
2720	"DCUN1D4"	"DCUN1D4"	chr4	+	51899269	51899378	51908919	51908975	51891759	51891851	51911069	51911174	2720	75,45,74	3,0,8	71,58,65	0,0,0	208	155	0.000462992356428	0.0212529736946	0.949,1.0,0.873	1.0,1.0,1.0	-0.059
3766	"ESCO1"	"ESCO1"	chr18	-	21560858	21560990	21564202	21564317	21536041	21536185	21566145	21566206	3766	36,25,46	19,14,20	19,21,37	5,3,5	214	231	0.000465977526442	0.0212965973439	0.672,0.658,0.713	0.804,0.883,0.889	-0.178
8121	"RNF121"	"RNF121"	chr11	+	71962151	71962289	71982760	71982915	71960749	71960891	71987003	71987111	8121	8,2,13	268,135,272	1,1,0	192,114,141	237	254	0.00047201047074	0.0214785286381	0.031,0.016,0.049	0.006,0.009,0.0	0.027
4635	"CHEK2"	"CHEK2"	chr22	-	28724564	28724923	28724976	28725124	28719394	28719485	28725242	28725367	4635	71,36,58	9,2,7	106,85,118	4,1,3	247	458	0.000481109527969	0.0217978022499	0.936,0.971,0.939	0.98,0.994,0.986	-0.038
7917	"ZNF133"	"ZNF133"	chr20	+	18298288	18298464	18305007	18305178	18297984	18298062	18305680	18305807	7917	3,4,6	16,5,9	4,4,2	1,0,2	275	270	0.000489788625185	0.0220005482884	0.155,0.44,0.396	0.797,1.0,0.495	-0.434
8844	"RIMS3"	"RIMS3"	chr1	-	40635915	40636057	40647667	40647842	40633068	40633181	40665393	40665657	8844	10,12,8	22,12,15	1,4,3	17,17,18	274	241	0.000488742419453	0.0220005482884	0.286,0.468,0.319	0.049,0.171,0.128	0.242
4289	"GIT2"	"GIT2"	chr12	-	109961277	109961375	109961612	109961685	109953091	109953234	109965525	109965574	4289	26,24,39	8,0,7	33,13,40	2,0,1	172	197	0.000496879423427	0.0222236754085	0.788,1.0,0.865	0.95,1.0,0.979	-0.092
6088	"ALG5"	"ALG5"	chr13	-	36989483	36989555	36993603	36993672	36985626	36985740	36994988	36995035	6088	95,49,57	94,61,100	52,62,56	38,24,40	168	171	0.00050602563476	0.0225364438017	0.507,0.45,0.367	0.582,0.724,0.588	-0.19
5934	"ACP2"	"ACP2"	chr11	-	47245304	47245394	47245473	47245572	47243238	47243321	47245681	47245834	5934	149,99,166	14,9,9	138,99,119	3,5,1	198	189	0.000529164865241	0.023467116439	0.91,0.913,0.946	0.978,0.95,0.991	-0.05
4949	"DMKN"	"DMKN"	chr19	-	35506125	35506185	35508204	35508240	35505938	35505986	35510183	35510252	4949	21,8,14	9,3,12	1,1,7	11,6,9	135	159	0.000537207396196	0.0237232599518	0.733,0.758,0.579	0.097,0.164,0.478	0.444
6886	"MID1"	"MID1"	chrX	-	10523091	10523187	10566887	10567603	10495583	10495691	10620289	10620419	6886	843,423,769	82,51,56	228,182,212	31,33,40	815	195	0.000541634188364	0.0238182496446	0.711,0.665,0.767	0.638,0.569,0.559	0.126
5150	"NPRL3"	"NPRL3"	chr16	-	119125	119255	124936	125073	112621	112775	130521	130591	5150	23,20,26	57,32,41	6,5,9	38,26,33	236	229	0.000551143117948	0.0240344328018	0.281,0.378,0.381	0.133,0.157,0.209	0.18
7196	"ANKRD26"	"ANKRD26"	chr10	-	27043425	27043567	27044156	27044190	27039964	27040178	27046352	27046523	7196	4,1,2	8,5,21	2,0,0	16,11,10	133	241	0.000550221220976	0.0240344328018	0.475,0.266,0.147	0.185,0.0,0.0	0.234
3782	"USP10"	"USP10"	chr16	+	84733434	84733503	84740308	84740369	84699977	84700111	84744632	84745673	3782	91,48,103	325,174,341	67,52,63	149,100,138	168	160	0.000558872367698	0.024170075208	0.211,0.208,0.223	0.3,0.331,0.303	-0.097
10093	"C5orf45"	"C5orf45"	chr5	-	179847977	179848066	179853196	179853276	179844151	179844227	179853377	179853437	10093	5,11,15	293,198,310	2,1,0	94,101,117	179	188	0.000557178579301	0.024170075208	0.018,0.055,0.048	0.022,0.01,0.0	0.03
2971	"YIPF2"	"YIPF2"	chr19	-	10927629	10927769	10927798	10927959	10924075	10924192	10928379	10928440	2971	462,255,440	42,22,24	219,200,229	9,1,13	260	239	0.000567049366606	0.0242234231465	0.91,0.914,0.944	0.957,0.995,0.942	-0.042
6443	"U2AF2"	"U2AF2"	chr19	+	55659209	55659345	55660176	55660221	55654145	55655153	55660515	55660619	6443	295,208,369	300,196,368	395,268,487	264,219,273	235	144	0.0005647983476	0.0242234231465	0.376,0.394,0.381	0.478,0.429,0.522	-0.093
7915	"ZNF133"	"ZNF133"	chr20	+	18289898	18290074	18305007	18305178	18288282	18288604	18305680	18305807	7915	1,2,5	9,8,5	1,1,2	0,0,2	275	270	0.000563018913778	0.0242234231465	0.098,0.197,0.495	1.0,1.0,0.495	-0.568
3536	"DLG1"	"DLG1"	chr3	-	197149742	197149796	197161639	197161738	197140139	197140264	197194424	197194589	3536	100,49,99	74,28,60	59,50,72	21,16,24	198	153	0.000578162657311	0.0245977657375	0.511,0.575,0.56	0.685,0.707,0.699	-0.148
6117	"SNX5"	"SNX5"	chr20	-	17961139	17961326	17968374	17968457	17956932	17957037	17968699	17968980	6117	72,46,54	25,9,18	133,89,128	18,12,16	182	286	0.000586827308605	0.0247650589188	0.819,0.889,0.825	0.921,0.921,0.926	-0.078
11096	"KIAA0586"	"KIAA0586"	chr14	+	58440069	58440160	58441220	58441343	58432387	58432457	58442705	58442880	11096	6,2,1	0,1,0	7,0,1	3,1,2	190	222	0.000586237683859	0.0247650589188	1.0,0.7,1.0	0.732,0.0,0.369	0.533
4477	"MTO1"	"MTO1"	chr6	+	73480996	73481116	73482028	73482244	73480674	73480805	73482448	73482620	4477	1,5,14	188,133,181	0,0,4	130,118,144	219	315	0.000633836053186	0.0266414784444	0.008,0.051,0.1	0.0,0.0,0.038	0.04
5397	"EIF4A2"	"EIF4A2"	chr3	+	186784563	186784696	186784961	186785101	186784428	186784477	186785882	186786051	5397	1354,749,1281	1546,938,1715	801,608,766	1390,1044,1228	232	239	0.000640579445444	0.0268172179041	0.474,0.451,0.435	0.373,0.375,0.391	0.074
6390	"DNM1L"	"DNM1L"	chr12	+	32737864	32737942	32738263	32738296	32737104	32737161	32740063	32740240	6390	44,24,42	30,11,17	15,21,15	21,21,25	177	132	0.000645299420538	0.0269071861966	0.522,0.619,0.648	0.348,0.427,0.309	0.235
8227	"TMX2"	"TMX2"	chr11	+	57737912	57738026	57738663	57738770	57737607	57737668	57739130	57739260	8227	353,198,420	85,53,83	266,230,247	39,36,28	213	206	0.000653541922917	0.0271427371637	0.801,0.783,0.83	0.868,0.861,0.895	-0.07
7145	"C6orf106"	"C6orf106"	chr6	-	34646600	34646798	34654624	34654779	34587287	34590600	34696445	34696847	7145	605,333,573	314,179,293	308,281,331	232,195,263	254	297	0.0006706836407	0.0277445651524	0.693,0.685,0.696	0.608,0.628,0.595	0.081
2974	"BRCC3"	"BRCC3"	chrX	+	155099314	155099389	155116056	155116188	155090783	155090839	155116710	155116754	2974	3,7,9	208,115,283	15,10,20	247,132,198	174	231	0.000677796516998	0.0279284186886	0.019,0.075,0.041	0.075,0.091,0.118	-0.05
9488	"RBM3"	"RBM3"	chrX	+	48575560	48575630	48575814	48576083	48575167	48575283	48576313	48576419	9488	463,233,373	157,80,133	309,225,261	74,55,49	169	368	0.000705425981738	0.0289528953916	0.865,0.864,0.859	0.901,0.899,0.921	-0.044
6968	"NDUFAF7"	"NDUFAF7"	chr2	+	37241577	37241637	37242634	37242693	37237756	37237835	37243862	37243973	6968	4,3,1	21,6,19	1,0,0	15,12,16	159	158	0.00072911763088	0.0295161113082	0.159,0.332,0.05	0.062,0.0,0.0	0.16
9112	"NFIB"	"NFIB"	chr9	-	14112998	14113081	14116180	14116346	14102421	14102510	14120439	14120624	9112	152,85,142	47,25,52	92,60,88	59,31,49	265	182	0.000727561958324	0.0295161113082	0.69,0.7,0.652	0.517,0.571,0.552	0.134
9530	"TDRD3"	"TDRD3"	chr13	+	60444686	60444748	60460379	60460540	60439687	60439772	60467237	60467379	9530	3,0,4	24,13,21	0,0,0	12,12,22	161	260	0.000730429278503	0.0295161113082	0.168,0.0,0.235	0.0,0.0,0.0	0.134
11433	"PLEKHB1"	"PLEKHB1"	chr11	+	73649011	73649087	73650552	73650705	73647548	73647738	73651787	73651890	11433	73,43,82	127,74,133	12,16,15	11,9,10	175	252	0.000723686492186	0.0295161113082	0.453,0.456,0.47	0.611,0.719,0.684	-0.212
7231	"HAUS2"	"HAUS2"	chr15	+	42558197	42558290	42559338	42559408	42548837	42548965	42560781	42560870	7231	73,46,54	34,30,33	77,55,59	18,11,22	192	169	0.000746022909914	0.0300302914429	0.654,0.574,0.59	0.79,0.815,0.702	-0.163
356	"SLC25A26"	"SLC25A26"	chr3	+	66370528	66370602	66377689	66378070	66369477	66369542	66378409	66378502	356	35,18,26	109,49,93	37,25,36	63,46,51	173	480	0.000749882534174	0.0300700023091	0.471,0.505,0.437	0.62,0.601,0.662	-0.157
10812	"FGGY"	"FGGY"	chr1	+	59339957	59340069	59378748	59378837	59321535	59321750	59456960	59457076	10812	6,4,5	2,1,1	4,0,3	6,1,7	211	188	0.000766582933437	0.0306223548907	0.728,0.781,0.817	0.373,0.0,0.276	0.559
3088	"RNF144B"	"RNF144B"	chr6	+	18399498	18399699	18427580	18427685	18387349	18387630	18439683	18439744	3088	456,231,314	103,49,87	161,105,121	12,20,17	300	204	0.000775677600204	0.0308678394058	0.751,0.762,0.711	0.901,0.781,0.829	-0.096
2822	"TTN-AS1"	"TTN-AS1"	chr2	+	178531313	178531578	178538697	178539890	178523451	178523636	178540106	178540169	2822	14,9,18	19,14,9	3,5,1	21,11,22	364	1292	0.000783146530311	0.0310470135842	0.723,0.695,0.877	0.336,0.617,0.139	0.401
10036	"ZRANB3"	"ZRANB3"	chr2	-	135345549	135345635	135353449	135353628	135315358	135315530	135390801	135390820	10036	11,4,3	2,6,9	18,4,10	2,1,1	278	185	0.000789073729696	0.031098184035	0.785,0.307,0.182	0.857,0.727,0.869	-0.393
11639	"CD44"	"CD44"	chr11	+	35201670	35201787	35206111	35206243	35198120	35198246	35208104	35208206	11639	108,92,146	578,353,599	117,104,108	835,606,717	216	231	0.000790379987895	0.031098184035	0.167,0.218,0.207	0.13,0.155,0.139	0.056
5545	"KIAA1191"	"KIAA1191"	chr5	-	176355570	176355749	176359480	176359567	176350612	176350737	176359810	176359918	5545	132,80,98	344,208,352	86,83,91	181,122,177	186	278	0.000802959513239	0.0314748099834	0.364,0.365,0.294	0.415,0.504,0.435	-0.11
2940	"RCOR3"	"RCOR3"	chr1	+	211295675	211295753	211304082	211304140	211289177	211289396	211312719	211312804	2940	86,38,62	38,34,52	45,27,38	10,5,15	177	157	0.000819274032852	0.0319944851785	0.667,0.498,0.514	0.8,0.827,0.692	-0.213
5757	"MAPKAP1"	"MAPKAP1"	chr9	-	125471082	125471237	125478079	125478182	125467971	125468109	125484442	125484583	5757	3,1,0	2,3,1	3,2,0	0,0,1	202	254	0.000829069691974	0.0321853609909	0.654,0.295,0.0	1.0,1.0,0.0	-0.35
9779	"MAPKAPK5"	"MAPKAPK5"	chr12	+	111868752	111868861	111870270	111870360	111866155	111866231	111871084	111871180	9779	27,12,27	126,74,125	20,23,18	52,39,49	208	189	0.000830312198314	0.0321853609909	0.163,0.128,0.164	0.259,0.349,0.25	-0.134
5591	"TMEM161A"	"TMEM161A"	chr19	-	19133129	19133210	19134783	19134887	19132656	19132754	19138425	19138462	5591	91,44,75	185,96,176	72,53,74	105,68,90	203	180	0.000844591977697	0.0326180798471	0.304,0.289,0.274	0.378,0.409,0.422	-0.114
9015	"WDR45"	"WDR45"	chrX	-	49076644	49076750	49077642	49077747	49076429	49076524	49077836	49077911	9015	102,53,97	166,109,173	19,24,22	95,55,73	204	205	0.000854815375349	0.0328915357294	0.382,0.328,0.36	0.167,0.305,0.232	0.122
10157	"TSGA10"	"TSGA10"	chr2	-	99118550	99118686	99118776	99118801	99117566	99117759	99127047	99127176	10157	0,2,2	1,1,0	0,1,0	1,0,2	124	235	0.000870106312795	0.0333004427575	0.0,0.791,1.0	0.0,1.0,0.0	0.264
10802	"HADHB"	"HADHB"	chr2	+	26263379	26263479	26269952	26269997	26244894	26244990	26273650	26273750	10802	3,0,2	87,28,43	5,3,9	43,46,42	199	144	0.000871805973204	0.0333004427575	0.024,0.0,0.033	0.078,0.045,0.134	-0.067
10833	"LARS"	"LARS"	chr5	-	146164309	146164471	146168127	146168265	146160373	146160486	146171909	146171990	10833	125,71,96	199,111,191	85,98,112	103,99,119	237	261	0.000886758766648	0.03374842637	0.409,0.413,0.356	0.476,0.522,0.509	-0.11
153	"RFWD2"	"RFWD2"	chr1	-	176149005	176149074	176162868	176162988	176116623	176116681	176163814	176163891	153	87,44,86	5,4,4	57,45,63	2,0,0	219	168	0.000951972579248	0.0360990761392	0.93,0.894,0.943	0.956,1.0,1.0	-0.063
8679	"CAP2"	"CAP2"	chr6	+	17513848	17513954	17539268	17539458	17507168	17507312	17540972	17541148	8679	34,11,20	318,219,336	15,2,5	234,179,234	205	289	0.00100209526919	0.0378625598821	0.131,0.066,0.077	0.083,0.016,0.029	0.049
5154	"RPL13A"	"RPL13A"	chr19	+	49489849	49489922	49490231	49490297	49487553	49487644	49490474	49490576	5154	23,11,31	2126,1277,2229	44,30,62	2585,2042,2205	172	165	0.00102819058218	0.0386406350554	0.01,0.008,0.013	0.016,0.014,0.026	-0.008
8461	"VEPH1"	"VEPH1"	chr3	-	157489054	157489160	157493186	157493293	157470418	157470529	157495211	157495506	8461	3,3,0	6,4,3	0,1,0	4,9,5	206	205	0.00103007234669	0.0386406350554	0.332,0.427,0.0	0.0,0.1,0.0	0.22
8618	"CSRP1"	"CSRP1"	chr1	-	201490175	201490344	201496191	201496304	201488854	201488984	201507069	201507123	8618	733,385,566	1506,741,1322	376,244,337	1078,748,912	212	268	0.00105746469914	0.03952651979	0.381,0.396,0.351	0.306,0.292,0.318	0.071
613	"TDP1"	"TDP1"	chr14	+	89981462	89981560	89983113	89983276	89980539	89980632	89984515	89984683	613	0,1,1	5,4,2	4,3,0	1,4,1	197	262	0.00106373546796	0.0396194142622	0.0,0.25,0.399	0.842,0.499,0.0	-0.231
10946	"SYDE2"	"SYDE2"	chr1	-	85178145	85178272	85182097	85183200	85169043	85169225	85190056	85190752	10946	386,209,306	19,11,15	87,91,114	2,2,1	1202	226	0.00110229293719	0.0409099215625	0.793,0.781,0.793	0.891,0.895,0.955	-0.125
9865	"RBM47"	"RBM47"	chr4	-	40466576	40466699	40544421	40544506	40438552	40438924	40630462	40630621	9865	21,11,7	74,28,58	2,2,7	47,41,49	184	222	0.00114818450167	0.0424625406165	0.255,0.322,0.127	0.049,0.056,0.147	0.151
6527	"GALK2"	"GALK2"	chr15	+	49239220	49239367	49281986	49282085	49235850	49235941	49283565	49283718	6527	44,9,16	27,19,43	58,33,49	33,15,16	246	198	0.00115440172378	0.0425421423982	0.567,0.276,0.23	0.586,0.639,0.711	-0.288
10302	"TMBIM6"	"TMBIM6"	chr12	+	49742437	49742607	49744412	49744542	49741956	49742115	49752463	49752549	10302	2,0,7	9,10,17	10,2,2	6,2,2	269	229	0.0012069298137	0.0443218506322	0.159,0.0,0.26	0.587,0.46,0.46	-0.363
6560	"ANKRD54"	"ANKRD54"	chr22	-	37832957	37833109	37833158	37833206	37832636	37832744	37833683	37833755	6560	83,39,91	167,62,140	42,35,44	149,78,138	147	251	0.00122166920735	0.044706258476	0.459,0.518,0.526	0.325,0.434,0.353	0.13
11442	"P4HA1"	"P4HA1"	chr10	-	73016845	73016899	73030270	73030370	73014223	73014289	73046924	73047101	11442	3,4,1	22,11,18	0,0,1	19,30,44	199	153	0.00123747586128	0.0451269071922	0.095,0.218,0.041	0.0,0.0,0.017	0.112
5218	"VAPA"	"VAPA"	chr18	+	9936109	9936213	9950394	9950568	9914001	9914335	9954052	9960021	5218	11,5,18	1482,860,1479	21,22,27	1390,1230,1341	203	273	0.0012605920551	0.0458102654468	0.01,0.008,0.016	0.02,0.023,0.026	-0.012
5715	"EIF3H"	"EIF3H"	chr8	-	116648805	116648926	116726015	116726172	116646470	116646603	116755665	116755797	5715	720,448,768	1080,561,1181	1263,1155,1285	1432,1136,1416	256	220	0.00127925383197	0.0463275799495	0.364,0.407,0.359	0.431,0.466,0.438	-0.068
11205	"TFDP1"	"TFDP1"	chr13	+	113610995	113611062	113623179	113623286	113585773	113585849	113633119	113633285	11205	283,141,287	112,58,129	229,155,160	124,109,109	166	206	0.00128891401305	0.0465164622779	0.758,0.751,0.734	0.696,0.638,0.646	0.088
8680	"CAP2"	"CAP2"	chr6	+	17513848	17513954	17539325	17539458	17507168	17507312	17540972	17541148	8680	34,11,20	231,159,207	15,2,5	154,120,166	205	232	0.00130982359217	0.0471086381981	0.143,0.073,0.099	0.099,0.019,0.033	0.055
2954	"PLAT"	"PLAT"	chr8	-	42185080	42185158	42187397	42187572	42182718	42182890	42187905	42188016	2954	18,6,19	5,4,11	3,4,4	0,2,0	274	177	0.00131540777638	0.0471474581767	0.699,0.492,0.527	1.0,0.564,1.0	-0.282
2727	"ZDHHC3"	"ZDHHC3"	chr3	-	44929305	44929436	44932906	44932990	44924845	44926847	44933117	44933199	2727	21,24,46	256,160,292	52,24,48	201,164,169	183	230	0.00132344714048	0.0472737125333	0.093,0.159,0.165	0.245,0.155,0.263	-0.082
8874	"SLC25A39"	"SLC25A39"	chr17	-	44321699	44321767	44322418	44322528	44321433	44321558	44323283	44323343	8874	56,39,55	594,290,529	86,47,58	476,293,355	209	167	0.00134204287218	0.0477749003409	0.07,0.097,0.077	0.126,0.114,0.115	-0.037
2367	"TTLL4"	"TTLL4"	chr2	+	218750008	218750146	218751703	218751806	218749252	218749387	218752762	218752847	2367	539,313,511	132,50,117	116,79,121	45,24,44	237	202	0.00134989149069	0.0478295046997	0.777,0.842,0.788	0.687,0.737,0.701	0.094
6113	"SRPK1"	"SRPK1"	chr6	-	35904878	35904974	35920467	35920528	35890894	35891013	35921043	35921342	6113	347,217,352	5,4,8	224,166,242	11,8,12	160	195	0.00135271673907	0.0478295046997	0.988,0.985,0.982	0.961,0.962,0.961	0.024
1157	"NUBPL"	"NUBPL"	chr14	+	31846470	31846591	31850118	31850201	31826628	31826714	31859117	31860273	1157	21,14,14	12,5,11	10,4,7	18,9,11	220	182	0.00138550338513	0.0488238330935	0.591,0.698,0.513	0.315,0.269,0.345	0.291
4967	"HMGN2"	"HMGN2"	chr1	+	26473482	26473527	26473702	26473817	26472516	26472627	26474084	26474135	4967	1226,695,1165	27,20,31	945,706,906	8,5,10	144	214	0.00140515673266	0.0490212345467	0.985,0.981,0.982	0.994,0.995,0.993	-0.011
5544	"KIAA1191"	"KIAA1191"	chr5	-	176355570	176355749	176359480	176359567	176348249	176348356	176359810	176359918	5544	191,120,175	346,208,353	136,111,131	181,122,177	186	278	0.00140201773298	0.0490212345467	0.452,0.463,0.426	0.529,0.576,0.525	-0.096
7096	"ASCC2"	"ASCC2"	chr22	-	29827476	29827600	29832244	29832342	29825621	29825780	29834488	29834550	7096	157,73,141	15,3,17	120,90,104	4,3,4	197	223	0.00139800902478	0.0490212345467	0.922,0.965,0.904	0.971,0.971,0.967	-0.039
3796	"CDKN2B-AS1"	"CDKN2B-AS1"	chr9	+	22032673	22032986	22046316	22046449	22029432	22029594	22046750	22046900	3796	0,3,2	2,2,0	4,4,3	0,0,0	412	232	0.00141271988706	0.04912134996	0.0,0.458,1.0	1.0,1.0,1.0	-0.514
5142	"NPRL3"	"NPRL3"	chr16	-	93218	93325	98144	98301	89712	89902	100371	100509	5142	173,105,214	6,5,6	147,65,131	1,0,1	256	206	0.00142020917569	0.0492182424926	0.959,0.944,0.966	0.992,1.0,0.991	-0.038
10090	"C5orf45"	"C5orf45"	chr5	-	179841906	179842064	179844151	179844227	179840808	179840959	179853377	179853437	10090	14,7,0	223,95,184	1,0,1	65,38,58	175	257	0.0014266066417	0.049276782548	0.084,0.098,0.0	0.022,0.0,0.025	0.045
4478	"MTO1"	"MTO1"	chr6	+	73480996	73481116	73482039	73482244	73480674	73480805	73482448	73482620	4478	1,5,14	253,164,245	0,0,4	192,151,178	219	304	0.00144368647178	0.0496113507443	0.005,0.041,0.073	0.0,0.0,0.03	0.03
7095	"ASCC2"	"ASCC2"	chr22	-	29827476	29827600	29832244	29832342	29825621	29825780	29834441	29834550	7095	126,52,107	14,4,15	102,80,79	4,3,4	197	223	0.00144577316807	0.0496113507443	0.911,0.936,0.89	0.967,0.968,0.957	-0.052
