"ID"	"GeneID"	"geneSymbol"	"chr"	"strand"	"riExonStart_0base"	"riExonEnd"	"upstreamES"	"upstreamEE"	"downstreamES"	"downstreamEE"	"ID.1"	"IJC_SAMPLE_1"	"SJC_SAMPLE_1"	"IJC_SAMPLE_2"	"SJC_SAMPLE_2"	"IncFormLen"	"SkipFormLen"	"PValue"	"FDR"	"IncLevel1"	"IncLevel2"	"IncLevelDifference"
2807	"RPL13A"	"RPL13A"	chr19	+	49489849	49490297	49489849	49489912	49490231	49490297	2807	41,24,47	452,236,446	55,53,63	162,139,176	198	99	1.11022302463e-16	2.30665160176e-14	0.043,0.048,0.05	0.145,0.16,0.152	-0.105
1665	"DDX39A"	"DDX39A"	chr19	-	14409741	14410334	14409741	14409873	14410215	14410334	1665	86,48,96	254,152,254	38,42,34	399,273,365	198	99	5.99520433298e-15	1.17639231689e-12	0.145,0.136,0.159	0.045,0.071,0.045	0.093
1861	"SNHG1"	"SNHG1"	chr11	-	62854887	62855216	62854887	62854938	62855132	62855216	1861	28,22,31	255,149,268	35,42,41	90,72,77	198	99	7.21644966006e-15	1.34150001049e-12	0.052,0.069,0.055	0.163,0.226,0.21	-0.141
4969	"SLC25A39"	"SLC25A39"	chr17	-	44320195	44320436	44320195	44320276	44320354	44320436	4969	75,40,80	683,323,656	19,10,15	526,398,508	176	99	8.65973959208e-15	1.52931001196e-12	0.058,0.065,0.064	0.02,0.014,0.016	0.046
1270	"RNF126"	"RNF126"	chr19	-	648881	649748	648881	648975	649678	649748	1270	52,33,60	208,141,243	5,0,8	136,98,116	198	99	9.21485110439e-15	1.54985019527e-12	0.111,0.105,0.11	0.018,0.0,0.033	0.092
2935	"EIF4A2"	"EIF4A2"	chr3	+	186784563	186786051	186784563	186784696	186785882	186786051	2935	28,20,38	325,213,333	44,43,43	130,116,122	198	99	9.01501095996e-14	1.4473190323e-11	0.041,0.045,0.054	0.145,0.156,0.15	-0.104
136	"VPS28"	"VPS28"	chr8	-	144423600	144424132	144423600	144423922	144424040	144424132	136	362,197,393	103,63,73	95,51,49	71,48,64	198	99	3.3317792969e-13	5.11645412028e-11	0.637,0.61,0.729	0.401,0.347,0.277	0.317
6152	"AMT"	"AMT"	chr3	-	49419709	49420342	49419709	49419788	49420210	49420342	6152	1,2,7	0,0,1	0,0,0	1,1,1	198	99	3.84914322638e-13	5.66465578149e-11	1.0,1.0,0.778	0.0,0.0,0.0	0.926
5697	"SRRM1"	"SRRM1"	chr1	+	24646666	24649029	24646666	24646789	24648858	24649029	5697	24,14,23	121,64,94	4,3,9	189,144,157	198	99	9.14268660779e-13	1.29167876395e-10	0.09,0.099,0.109	0.01,0.01,0.028	0.083
142	"VPS28"	"VPS28"	chr8	-	144425682	144426208	144425682	144425772	144426025	144426208	142	51,49,83	332,217,348	10,9,10	190,170,202	198	99	2.14517292818e-12	2.91413491628e-10	0.071,0.101,0.107	0.026,0.026,0.024	0.068
1229	"NCK1"	"NCK1"	chr3	+	136945582	136946295	136945582	136945752	136946151	136946295	1229	267,163,253	125,62,117	116,106,158	19,12,8	198	99	2.40341080371e-12	3.14401739211e-10	0.516,0.568,0.52	0.753,0.815,0.908	-0.291
2912	"RPL8"	"RPL8"	chr8	-	144791276	144791495	144791276	144791307	144791370	144791495	2912	11529,6414,11531	0,0,0	10168,7609,8646	1,0,473	161	99	3.09563485956e-12	3.90492225856e-10	1.0,1.0,1.0	1.0,1.0,0.918	0.027
1090	"LRRC75A-AS1"	"LRRC75A-AS1"	chr17	+	16439036	16439414	16439036	16439060	16439326	16439414	1090	44,44,45	477,304,548	88,45,62	136,247,186	198	99	1.5290324562e-11	1.80233759769e-09	0.044,0.067,0.039	0.244,0.083,0.143	-0.107
2210	"GAS5"	"GAS5"	chr1	-	173865856	173866206	173865856	173865894	173866176	173866206	2210	44,30,38	1584,876,1563	73,43,61	774,769,789	198	99	1.5308643242e-11	1.80233759769e-09	0.014,0.017,0.012	0.045,0.027,0.037	-0.022
5094	"CDC37"	"CDC37"	chr19	-	10395227	10395543	10395227	10395343	10395434	10395543	5094	239,152,218	1111,694,1188	166,135,124	1520,1190,1465	189	99	4.90033569278e-11	5.46040875016e-09	0.101,0.103,0.088	0.054,0.056,0.042	0.047
5266	"MAT2A"	"MAT2A"	chr2	+	85542154	85542747	85542154	85542373	85542564	85542747	5266	52,23,42	4458,2598,4642	60,56,48	1253,1077,1307	198	99	4.9471426955e-11	5.46040875016e-09	0.006,0.004,0.005	0.023,0.025,0.018	-0.017
2544	"WRAP53"	"WRAP53"	chr17	+	7688476	7689079	7688476	7688561	7688647	7689079	2544	10,1,7	93,49,123	16,20,26	59,47,59	184	99	1.52780121887e-10	1.63521027426e-08	0.055,0.011,0.03	0.127,0.186,0.192	-0.136
2485	"CASC3"	"CASC3"	chr17	+	40163480	40164166	40163480	40163602	40163885	40164166	2485	417,216,361	14,18,15	227,134,177	0,0,0	198	99	2.08719930228e-10	2.16823174578e-08	0.937,0.857,0.923	1.0,1.0,1.0	-0.094
5497	"RBM25"	"RBM25"	chr14	+	73099666	73103478	73099666	73099750	73103191	73103478	5497	50,28,35	189,93,187	13,11,19	229,176,206	198	99	2.52235454745e-10	2.54541607474e-08	0.117,0.131,0.086	0.028,0.03,0.044	0.077
1589	"ASTE1"	"ASTE1"	chr3	-	131024004	131025331	131024004	131024238	131025163	131025331	1589	56,28,92	15,8,12	45,33,46	0,1,0	198	99	3.10621195432e-10	2.96517314126e-08	0.651,0.636,0.793	1.0,0.943,1.0	-0.288
3421	"FLII"	"FLII"	chr17	-	18245743	18246062	18245743	18245850	18245933	18246062	3421	12,29,15	220,101,180	4,0,2	196,119,147	181	99	3.08720271569e-10	2.96517314126e-08	0.029,0.136,0.044	0.011,0.0,0.007	0.064
1091	"LRRC75A-AS1"	"LRRC75A-AS1"	chr17	+	16439326	16439703	16439326	16439414	16439527	16439703	1091	27,17,27	471,608,1008	31,31,38	270,410,267	198	99	3.75862563295e-10	3.49354361463e-08	0.028,0.014,0.013	0.054,0.036,0.066	-0.034
5592	"GABARAPL1"	"GABARAPL1"	chr12	+	10213835	10214187	10213835	10213974	10214073	10214187	5592	4,4,3	5,2,2	2,1,2	0,0,0	197	99	4.41678915664e-10	4.00002546186e-08	0.287,0.501,0.43	1.0,1.0,1.0	-0.594
1147	"SLC52A3"	"SLC52A3"	chr20	-	760079	761824	760079	761238	761700	761824	1147	6,7,16	18,10,13	13,9,9	0,1,1	198	99	6.10556938341e-10	5.39121776555e-08	0.143,0.259,0.381	1.0,0.818,0.818	-0.618
1092	"LRRC75A-AS1"	"LRRC75A-AS1"	chr17	+	16439326	16439703	16439326	16439414	16439580	16439703	1092	614,316,587	1125,614,954	291,276,298	309,240,286	198	99	7.70090546887e-10	6.63404832099e-08	0.214,0.205,0.235	0.32,0.365,0.343	-0.125
276	"SKIL"	"SKIL"	chr3	+	170359698	170361429	170359698	170359876	170360367	170361429	276	88,42,83	14,6,8	56,35,54	0,0,0	198	99	8.8180240887e-10	7.24308397239e-08	0.759,0.778,0.838	1.0,1.0,1.0	-0.208
5450	"PIN1"	"PIN1"	chr19	+	9849089	9849682	9849089	9849201	9849532	9849682	5450	545,340,523	43,0,31	440,286,430	9,0,0	198	99	8.69545879745e-10	7.24308397239e-08	0.864,1.0,0.894	0.961,1.0,1.0	-0.068
4948	"RBM39"	"RBM39"	chr20	-	35738967	35740887	35738967	35739017	35740823	35740887	4948	52,26,37	308,150,288	15,10,7	259,210,246	198	99	1.06969100244e-09	8.5867014105e-08	0.078,0.08,0.06	0.028,0.023,0.014	0.051
3099	"TMEM147"	"TMEM147"	chr19	+	35546671	35547029	35546671	35546808	35546944	35547029	3099	57,38,67	315,184,323	22,14,10	279,197,216	198	99	1.31983091123e-09	1.03592061744e-07	0.083,0.094,0.094	0.038,0.034,0.023	0.059
2203	"GAS5"	"GAS5"	chr1	-	173864256	173864506	173864256	173864304	173864483	173864506	2203	87,46,65	861,466,688	79,85,88	420,340,412	198	99	1.80816583928e-09	1.38835690094e-07	0.048,0.047,0.045	0.086,0.111,0.096	-0.051
6485	"UROD"	"UROD"	chr1	+	45013135	45013354	45013135	45013215	45013291	45013354	6485	54,31,55	239,112,253	11,6,13	177,127,132	174	99	1.908685765e-09	1.43435704723e-07	0.114,0.136,0.11	0.034,0.026,0.053	0.082
2622	"XBP1"	"XBP1"	chr22	-	28796046	28796192	28796046	28796121	28796147	28796192	2622	238,147,211	35,13,36	107,132,107	4,4,1	124	99	2.76051059789e-09	2.03127571495e-07	0.844,0.9,0.824	0.955,0.963,0.988	-0.113
815	"HMG20B"	"HMG20B"	chr19	+	3573691	3574586	3573691	3573800	3574382	3574586	815	117,53,80	71,35,69	40,30,16	76,47,83	198	99	3.36008798563e-09	2.42200627862e-07	0.452,0.431,0.367	0.208,0.242,0.088	0.237
3918	"SRSF1"	"SRSF1"	chr17	-	58004922	58005973	58004922	58005041	58005800	58005973	3918	1146,588,1080	27,9,21	1151,1023,1175	7,5,2	198	99	1.4318638053e-08	1.01146859206e-06	0.955,0.97,0.963	0.988,0.99,0.997	-0.029
2058	"FIBP"	"FIBP"	chr11	-	65884569	65884998	65884569	65884656	65884934	65884998	2058	28,12,22	260,169,311	1,4,2	212,140,199	198	99	1.69022862373e-08	1.17056617628e-06	0.051,0.034,0.034	0.002,0.014,0.005	0.033
6596	"LYPLA2"	"LYPLA2"	chr1	+	23794223	23794600	23794223	23794325	23794426	23794600	6596	57,33,49	138,81,171	18,19,12	154,114,124	198	99	2.1481175394e-08	1.45906752868e-06	0.171,0.169,0.125	0.055,0.077,0.046	0.096
5597	"CAD"	"CAD"	chr2	+	27233311	27233808	27233311	27233536	27233625	27233808	5597	13,8,14	71,43,58	2,3,3	89,82,97	187	99	2.27511012252e-08	1.51616772693e-06	0.088,0.09,0.113	0.012,0.019,0.016	0.081
1301	"ZNF131"	"ZNF131"	chr5	+	43161248	43161931	43161248	43161606	43161708	43161931	1301	37,26,34	206,107,153	42,26,21	47,34,47	198	99	2.49451428402e-08	1.63159712058e-06	0.082,0.108,0.1	0.309,0.277,0.183	-0.16
6002	"SRSF5"	"SRSF5"	chr14	+	69768797	69770540	69768797	69769251	69770466	69770540	6002	130,58,92	282,146,264	53,40,60	323,220,271	198	99	3.64153940335e-08	2.33853039502e-06	0.187,0.166,0.148	0.076,0.083,0.1	0.081
4771	"NXF1"	"NXF1"	chr11	-	62798538	62800486	62798538	62798575	62800376	62800486	4771	90,58,94	150,67,189	34,17,29	136,95,102	198	99	4.85192177546e-08	3.06017637695e-06	0.231,0.302,0.199	0.111,0.082,0.124	0.138
383	"BCKDHA"	"BCKDHA"	chr19	+	41410636	41411009	41410636	41410816	41410922	41411009	383	23,12,23	136,81,144	3,0,2	81,51,67	198	99	4.975142609e-08	3.08284275351e-06	0.078,0.069,0.074	0.018,0.0,0.015	0.063
2682	"HMGN2"	"HMGN2"	chr1	+	26473482	26473732	26473482	26473527	26473702	26473732	2682	88,47,56	1512,802,1388	20,21,34	1234,993,1130	198	99	6.39163667548e-08	3.82631537929e-06	0.028,0.028,0.02	0.008,0.01,0.015	0.014
3369	"RPS21"	"RPS21"	chr20	+	62388308	62388519	62388308	62388364	62388456	62388519	3369	124,58,112	240,139,209	31,41,32	176,138,156	190	99	6.3537096251e-08	3.82631537929e-06	0.212,0.179,0.218	0.084,0.134,0.097	0.098
5996	"PSME2"	"PSME2"	chr14	-	24145709	24146240	24145709	24145772	24146207	24146240	5996	47,34,37	257,113,249	16,20,11	234,222,214	198	99	7.68545509455e-08	4.52417123233e-06	0.084,0.131,0.069	0.033,0.043,0.025	0.061
6352	"SORBS3"	"SORBS3"	chr8	+	22566660	22566868	22566660	22566713	22566821	22566868	6352	60,18,41	74,45,59	21,5,3	63,54,48	198	99	8.46712986391e-08	4.90260699661e-06	0.288,0.167,0.258	0.143,0.044,0.03	0.165
4	"SLC44A2"	"SLC44A2"	chr19	+	10634755	10635073	10634755	10634887	10634973	10635073	4	92,42,84	874,507,858	43,14,30	735,491,739	184	99	1.24879025232e-07	7.11407608257e-06	0.054,0.043,0.05	0.031,0.015,0.021	0.027
5100	"TGOLN2"	"TGOLN2"	chr2	-	85326507	85327685	85326507	85326804	85326978	85327685	5100	505,302,467	163,111,157	337,277,290	61,28,55	198	99	1.38273412498e-07	7.75209036417e-06	0.608,0.576,0.598	0.734,0.832,0.725	-0.17
5329	"SNHG12"	"SNHG12"	chr1	-	28579532	28580646	28579532	28579981	28580559	28580646	5329	8,6,2	63,38,55	12,18,24	39,24,46	198	99	1.55788225986e-07	8.5975627216e-06	0.06,0.073,0.018	0.133,0.273,0.207	-0.154
5418	"HCFC1R1"	"HCFC1R1"	chr16	-	3023232	3023530	3023232	3023361	3023473	3023530	5418	30,25,37	93,33,94	12,19,10	127,83,111	198	99	1.59119889487e-07	8.64632999489e-06	0.139,0.275,0.164	0.045,0.103,0.043	0.129
1290	"CIRBP"	"CIRBP"	chr19	+	1271980	1273172	1271980	1272051	1272426	1273172	1290	42,18,52	88,65,64	6,9,6	63,44,59	198	99	1.93481398458e-07	1.03541863538e-05	0.193,0.122,0.289	0.045,0.093,0.048	0.139
4992	"PFDN5"	"PFDN5"	chr12	+	53295838	53296275	53295838	53295941	53296243	53296275	4992	55,27,40	408,249,386	16,15,20	428,330,366	198	99	2.29137135599e-07	1.2079288999e-05	0.063,0.051,0.049	0.018,0.022,0.027	0.032
2209	"GAS5"	"GAS5"	chr1	-	173865228	173865547	173865228	173865282	173865509	173865547	2209	265,133,225	1186,680,1128	176,177,176	554,422,506	198	99	2.41557991276e-07	1.25468062527e-05	0.1,0.089,0.091	0.137,0.173,0.148	-0.059
1699	"WBP1"	"WBP1"	chr2	+	74459437	74459745	74459437	74459552	74459642	74459745	1699	7,2,5	2,2,3	4,4,3	0,0,0	188	99	3.18689013956e-07	1.63131825695e-05	0.648,0.345,0.467	1.0,1.0,1.0	-0.513
2563	"ZNF248"	"ZNF248"	chr10	-	37828764	37833116	37828764	37831312	37833024	37833116	2563	1,2,0	8,13,4	7,7,4	1,1,4	198	99	3.26039541143e-07	1.64510237045e-05	0.059,0.071,0.0	0.778,0.778,0.333	-0.586
5541	"TNK1"	"TNK1"	chr17	+	7382835	7383320	7382835	7383089	7383249	7383320	5541	16,11,35	18,9,10	2,4,4	22,20,13	198	99	3.37066987099e-07	1.67678957526e-05	0.308,0.379,0.636	0.043,0.091,0.133	0.352
1586	"MAF1"	"MAF1"	chr8	+	144106342	144106674	144106342	144106464	144106554	144106674	1586	233,131,264	1108,703,1128	62,45,57	544,384,506	188	99	3.98354428777e-07	1.95414978117e-05	0.1,0.089,0.11	0.057,0.058,0.056	0.043
1019	"DET1"	"DET1"	chr15	-	88530622	88531715	88530622	88531473	88531612	88531715	1019	19,11,20	14,0,8	6,3,12	0,0,0	198	99	4.15992211567e-07	2.01271848117e-05	0.404,1.0,0.556	1.0,1.0,1.0	-0.347
3899	"ACAD8"	"ACAD8"	chr11	+	134259607	134261179	134259607	134259745	134261043	134261179	3899	11,8,14	60,38,55	0,1,2	35,39,34	198	99	6.13850646536e-07	2.92989254536e-05	0.084,0.095,0.113	0.0,0.013,0.029	0.083
6453	"PNKP"	"PNKP"	chr19	-	49864178	49864403	49864178	49864236	49864323	49864403	6453	48,15,36	124,67,135	8,1,10	81,62,67	185	99	6.2354055641e-07	2.93646032699e-05	0.172,0.107,0.125	0.05,0.009,0.074	0.09
2094	"SLC35A5"	"SLC35A5"	chr3	+	112580545	112581326	112580545	112580706	112581178	112581326	2094	148,92,173	5,1,21	121,114,125	2,0,0	198	99	6.33231872937e-07	2.94286180949e-05	0.937,0.979,0.805	0.968,1.0,1.0	-0.082
5753	"POLM"	"POLM"	chr7	-	44073782	44074530	44073782	44074025	44074397	44074530	5753	8,7,10	1,4,7	19,9,15	0,1,0	198	99	7.22835280298e-07	3.3156548182e-05	0.8,0.467,0.417	1.0,0.818,1.0	-0.378
4062	"BECN1"	"BECN1"	chr17	-	42818543	42819609	42818543	42818680	42819547	42819609	4062	17,14,14	6,3,1	5,4,8	0,0,0	198	99	7.51262473009e-07	3.40187058291e-05	0.586,0.7,0.875	1.0,1.0,1.0	-0.28
5807	"AACS"	"AACS"	chr12	+	125124704	125125024	125124704	125124769	125124901	125125024	5807	6,7,7	38,19,40	2,0,0	53,33,47	198	99	7.92059050236e-07	3.54120577903e-05	0.073,0.156,0.08	0.019,0.0,0.0	0.097
2558	"PSMD11"	"PSMD11"	chr17	+	32479250	32480197	32479250	32479376	32480145	32480197	2558	1,2,8	0,0,0	0,6,2	1,3,2	198	99	8.48699934219e-07	3.74701020958e-05	1.0,1.0,1.0	0.0,0.5,0.333	0.722
1087	"CTDNEP1"	"CTDNEP1"	chr17	-	7243590	7244245	7243590	7243951	7244188	7244245	1087	359,225,365	16,14,16	257,169,192	1,1,4	198	99	8.92633661209e-07	3.89232356962e-05	0.918,0.889,0.919	0.992,0.988,0.96	-0.071
2780	"SPAG5"	"SPAG5"	chr17	-	28578217	28578528	28578217	28578292	28578372	28578528	2780	22,10,25	43,30,43	7,1,8	33,51,52	178	99	1.03520539696e-06	4.45895788056e-05	0.222,0.156,0.244	0.106,0.011,0.079	0.142
6688	"ZNF232"	"ZNF232"	chr17	-	5108925	5109868	5108925	5109052	5109393	5109868	6688	16,12,19	107,51,92	13,15,19	22,23,23	198	99	1.08193183801e-06	4.60407620705e-05	0.07,0.105,0.094	0.228,0.246,0.292	-0.166
2713	"BCS1L"	"BCS1L"	chr2	+	218662196	218662679	218662196	218662260	218662514	218662679	2713	11,11,9	4,5,6	11,4,7	1,0,0	198	99	1.12314479572e-06	4.72255645058e-05	0.579,0.524,0.429	0.846,1.0,1.0	-0.438
2869	"GSTK1"	"GSTK1"	chr7	+	143264547	143265092	143264547	143264676	143264991	143265092	2869	39,19,33	306,206,388	16,2,8	297,171,269	198	99	1.23871369417e-06	5.14721972683e-05	0.06,0.044,0.041	0.026,0.006,0.015	0.033
4847	"GALT"	"GALT"	chr9	+	34647088	34647567	34647088	34647258	34647491	34647567	4847	5,4,6	20,11,12	1,0,0	35,6,17	198	99	1.54866977187e-06	6.36035073749e-05	0.111,0.154,0.2	0.014,0.0,0.0	0.15
2951	"RPS7"	"RPS7"	chr2	+	3575324	3575684	3575324	3575448	3575591	3575684	2951	71,38,52	107,45,80	35,20,23	91,86,85	198	99	1.84799668512e-06	7.50244171476e-05	0.249,0.297,0.245	0.161,0.104,0.119	0.136
873	"MRPS22"	"MRPS22"	chr3	+	139350178	139351060	139350178	139350322	139351030	139351060	873	34,14,29	0,0,0	47,27,40	3,6,4	198	99	1.87385095096e-06	7.52095631681e-05	1.0,1.0,1.0	0.887,0.692,0.833	0.196
137	"VPS28"	"VPS28"	chr8	-	144424214	144424819	144424214	144424268	144424717	144424819	137	132,60,87	381,173,350	24,11,31	179,125,151	198	99	1.94636523887e-06	7.63840224854e-05	0.148,0.148,0.111	0.063,0.042,0.093	0.07
971	"ALKBH2"	"ALKBH2"	chr12	-	109092506	109093472	109092506	109092787	109093246	109093472	971	100,35,92	200,90,160	95,40,64	49,43,56	198	99	1.9446322268e-06	7.63840224854e-05	0.2,0.163,0.223	0.492,0.317,0.364	-0.196
1287	"CIRBP"	"CIRBP"	chr19	+	1270927	1271467	1270927	1271036	1271328	1271467	1287	35,21,35	7,1,6	10,5,12	0,0,0	198	99	2.07091867899e-06	7.95052692847e-05	0.714,0.913,0.745	1.0,1.0,1.0	-0.209
6235	"ST3GAL1"	"ST3GAL1"	chr8	-	133475718	133476600	133475718	133476074	133476277	133476600	6235	10,2,7	59,26,64	12,8,11	17,16,7	198	99	2.06478709741e-06	7.95052692847e-05	0.078,0.037,0.052	0.261,0.2,0.44	-0.245
452	"RPL10"	"RPL10"	chrX	+	154399337	154399594	154399337	154399396	154399486	154399594	452	198,124,196	3011,1771,2642	152,77,114	2908,2482,2735	188	99	2.11887543589e-06	8.04716993501e-05	0.033,0.036,0.038	0.027,0.016,0.021	0.014
3867	"AP1G2"	"AP1G2"	chr14	-	23565605	23566160	23565605	23565701	23566063	23566160	3867	14,12,18	14,7,18	12,10,14	0,3,0	198	99	2.1657520678e-06	8.13769819518e-05	0.333,0.462,0.333	1.0,0.625,1.0	-0.499
2098	"S100A13"	"S100A13"	chr1	-	153626319	153627598	153626319	153626533	153627482	153627598	2098	20,21,24	296,139,201	10,5,5	225,175,217	198	99	2.32567288483e-06	8.64660697813e-05	0.033,0.07,0.056	0.022,0.014,0.011	0.037
4689	"UBE2T"	"UBE2T"	chr1	-	202333009	202333335	202333009	202333093	202333236	202333335	4689	22,16,18	223,118,241	6,5,5	204,179,190	198	99	2.67283810396e-06	9.77914560505e-05	0.047,0.063,0.036	0.014,0.014,0.013	0.035
4802	"STX4"	"STX4"	chr16	+	31034225	31034536	31034225	31034325	31034461	31034536	4802	27,13,26	57,43,64	11,5,8	69,50,77	198	99	2.68566569561e-06	9.77914560505e-05	0.191,0.131,0.169	0.074,0.048,0.049	0.107
1487	"CIZ1"	"CIZ1"	chr9	-	128178708	128179415	128178708	128178904	128179072	128179415	1487	383,206,376	53,25,35	176,125,111	39,32,44	198	99	3.05749773777e-06	0.000110194714386	0.783,0.805,0.843	0.693,0.661,0.558	0.173
2202	"GAS5"	"GAS5"	chr1	-	173863900	173864304	173863900	173864075	173864256	173864304	2202	95,50,55	919,502,875	70,73,72	470,359,513	198	99	4.03003639782e-06	0.000140931569872	0.049,0.047,0.03	0.069,0.092,0.066	-0.034
2679	"DMKN"	"DMKN"	chr19	-	35510183	35510510	35510183	35510252	35510378	35510510	2679	268,118,249	264,148,235	202,216,237	138,96,138	198	99	4.00150785262e-06	0.000140931569872	0.337,0.285,0.346	0.423,0.529,0.462	-0.149
3647	"EIF4A1"	"EIF4A1"	chr17	+	7577826	7578244	7577826	7577916	7578164	7578244	3647	152,88,148	1015,580,1106	91,60,88	1096,847,914	198	99	3.95907432715e-06	0.000140931569872	0.07,0.071,0.063	0.04,0.034,0.046	0.028
4083	"MCM7"	"MCM7"	chr7	-	100099022	100099753	100099022	100099403	100099588	100099753	4083	52,16,44	456,297,509	10,5,8	237,202,269	198	99	4.43724112642e-06	0.000152158598626	0.054,0.026,0.041	0.021,0.012,0.015	0.024
6678	"DCTN2"	"DCTN2"	chr12	-	57532983	57533303	57532983	57533022	57533237	57533303	6678	20,4,6	116,74,117	2,2,4	190,120,133	198	99	4.42341788343e-06	0.000152158598626	0.079,0.026,0.025	0.005,0.008,0.015	0.034
5148	"SRSF7"	"SRSF7"	chr2	-	38748578	38749705	38748578	38748653	38749528	38749705	5148	107,53,94	512,286,550	58,39,51	520,429,512	198	99	4.67091056355e-06	0.000157120534385	0.095,0.085,0.079	0.053,0.043,0.047	0.039
5553	"ERBB3"	"ERBB3"	chr12	+	56094098	56094556	56094098	56094189	56094401	56094556	5553	4,0,1	80,38,63	5,5,3	16,11,14	198	99	4.66588815684e-06	0.000157120534385	0.024,0.0,0.008	0.135,0.185,0.097	-0.128
2	"EXOC7"	"EXOC7"	chr17	-	76087653	76088562	76087653	76087720	76088463	76088562	2	2,9,18	4,4,6	7,7,3	0,1,0	198	99	4.76405952499e-06	0.000158742058889	0.2,0.529,0.6	1.0,0.778,1.0	-0.483
1439	"JMJD7-PLA2G4B"	"JMJD7-PLA2G4B"	chr15	+	41836474	41836940	41836474	41836551	41836780	41836940	1439	11,7,8	24,9,16	0,2,2	17,14,21	198	99	4.86587364934e-06	0.000160619305883	0.186,0.28,0.2	0.0,0.067,0.045	0.185
2133	"THAP7"	"THAP7"	chr22	-	21000646	21001411	21000646	21000787	21001255	21001411	2133	14,13,9	335,201,373	22,14,10	116,108,148	198	99	5.42206547927e-06	0.000177321622896	0.02,0.031,0.012	0.087,0.061,0.033	-0.039
5079	"PPFIBP2"	"PPFIBP2"	chr11	+	7653023	7653756	7653023	7653200	7653501	7653756	5079	13,3,9	2,1,4	3,1,2	0,0,0	198	99	5.631613887e-06	0.000182484956412	0.765,0.6,0.529	1.0,1.0,1.0	-0.369
6402	"ZNF226"	"ZNF226"	chr19	+	44165587	44165807	44165587	44165613	44165756	44165807	6402	29,9,15	6,0,4	4,4,3	0,0,0	198	99	5.79833330272e-06	0.000186179211138	0.707,1.0,0.652	1.0,1.0,1.0	-0.214
5397	"PIH1D1"	"PIH1D1"	chr19	-	49447826	49448010	49447826	49447908	49448000	49448010	5397	16,19,24	139,102,170	5,5,8	161,108,134	190	99	6.17831786309e-06	0.000196592961193	0.057,0.088,0.069	0.016,0.024,0.03	0.048
2873	"PRKCQ-AS1"	"PRKCQ-AS1"	chr10	+	6583804	6584195	6583804	6583918	6584117	6584195	2873	7,14,11	6,4,7	4,4,7	0,1,0	198	99	6.96726796012e-06	0.000219717771742	0.368,0.636,0.44	1.0,0.667,1.0	-0.408
826	"INO80E"	"INO80E"	chr16	+	29996243	29996617	29996243	29996391	29996546	29996617	826	45,40,68	244,120,251	32,10,16	149,156,203	198	99	7.58498161568e-06	0.000237081018288	0.084,0.143,0.119	0.097,0.031,0.038	0.06
2231	"ATXN2L"	"ATXN2L"	chr16	+	28835932	28837237	28835932	28836122	28836727	28837237	2231	87,37,80	55,35,75	43,47,54	12,9,20	198	99	9.36110413852e-06	0.000288573889766	0.442,0.346,0.348	0.642,0.723,0.574	-0.268
3595	"HNRNPH1"	"HNRNPH1"	chr5	-	179617798	179618060	179617798	179617932	179617988	179618060	3595	60,45,75	1383,738,1434	108,94,118	1381,1034,1195	154	99	9.39580898163e-06	0.000288573889766	0.027,0.038,0.033	0.048,0.055,0.06	-0.022
1470	"ZMYM5"	"ZMYM5"	chr13	-	19851354	19852190	19851354	19851448	19851688	19852190	1470	2,3,2	109,36,78	8,5,2	21,16,19	198	99	9.95364053158e-06	0.000303071192737	0.009,0.04,0.013	0.16,0.135,0.05	-0.094
3105	"KRTCAP2"	"KRTCAP2"	chr1	-	155172564	155172892	155172564	155172628	155172737	155172892	3105	52,26,44	313,174,287	10,16,12	194,172,204	198	99	1.04848204512e-05	0.000316516118236	0.077,0.07,0.071	0.025,0.044,0.029	0.04
4319	"MARS"	"MARS"	chr12	+	57516244	57516655	57516244	57516337	57516434	57516655	4319	26,26,33	581,310,486	7,6,1	233,213,238	195	99	1.09108185142e-05	0.000326584838917	0.022,0.041,0.033	0.015,0.014,0.002	0.022
5323	"HNRNPM"	"HNRNPM"	chr19	+	8465323	8465515	8465323	8465362	8465479	8465515	5323	323,184,290	116,77,128	491,370,488	322,276,294	198	99	1.14186323724e-05	0.000338912685204	0.582,0.544,0.531	0.433,0.401,0.454	0.123
4362	"RAD23A"	"RAD23A"	chr19	+	12948685	12949159	12948685	12948813	12949080	12949159	4362	29,35,25	715,369,584	15,6,8	549,368,430	198	99	1.32075458753e-05	0.000388742100263	0.02,0.045,0.021	0.013,0.008,0.009	0.019
1561	"OGT"	"OGT"	chrX	+	71544566	71548023	71544566	71544635	71547906	71548023	1561	55,19,42	41,28,52	23,15,11	48,45,56	198	99	1.64812506209e-05	0.000477145714697	0.401,0.253,0.288	0.193,0.143,0.089	0.172
4895	"ANO9"	"ANO9"	chr11	-	431693	431906	431693	431767	431847	431906	4895	3,3,4	2,1,5	0,0,1	1,2,5	178	99	1.6357736734e-05	0.000477145714697	0.455,0.625,0.308	0.0,0.0,0.1	0.429
4291	"CHTF18"	"CHTF18"	chr16	+	788930	789360	788930	789125	789209	789360	4291	4,7,3	10,7,10	0,1,0	2,6,12	182	99	1.69059657396e-05	0.000485462365791	0.179,0.352,0.14	0.0,0.083,0.0	0.196
3261	"ERCC2"	"ERCC2"	chr19	-	45368929	45369147	45368929	45368992	45369069	45369147	3261	4,2,7	21,18,22	1,0,0	32,24,34	175	99	1.86335026893e-05	0.000530754286279	0.097,0.059,0.153	0.017,0.0,0.0	0.097
2416	"IDH3G"	"IDH3G"	chrX	-	153785765	153786272	153785765	153785973	153786211	153786272	2416	43,15,39	80,33,69	25,7,16	75,69,81	198	99	1.91500586924e-05	0.000532582734658	0.212,0.185,0.22	0.143,0.048,0.09	0.112
3807	"STXBP2"	"STXBP2"	chr19	+	7647161	7647511	7647161	7647247	7647353	7647511	3807	12,4,9	23,8,27	3,1,2	27,17,34	198	99	1.90924976402e-05	0.000532582734658	0.207,0.2,0.143	0.053,0.029,0.029	0.146
6167	"RHOT2"	"RHOT2"	chr16	+	669552	670175	669552	669606	670122	670175	6167	6,11,6	82,61,86	1,0,0	73,49,69	198	99	1.9135367879e-05	0.000532582734658	0.035,0.083,0.034	0.007,0.0,0.0	0.048
4682	"SNHG5"	"SNHG5"	chr6	-	85678135	85678736	85678135	85678188	85678693	85678736	4682	39,26,53	156,89,133	64,41,60	83,83,94	198	99	2.0028902136e-05	0.000552672518315	0.111,0.127,0.166	0.278,0.198,0.242	-0.105
5376	"ALS2CL"	"ALS2CL"	chr3	-	46674565	46675976	46674565	46674739	46675617	46675976	5376	2,4,6	1,0,1	5,5,2	11,6,4	198	99	2.10735914469e-05	0.000576991666593	0.5,1.0,0.75	0.185,0.294,0.2	0.524
3868	"AP1G2"	"AP1G2"	chr14	-	23565815	23566160	23565815	23565892	23566063	23566160	3868	40,20,34	52,23,44	23,15,22	75,40,74	198	99	2.21542126964e-05	0.000601912917259	0.278,0.303,0.279	0.133,0.158,0.129	0.147
2420	"HDAC10"	"HDAC10"	chr22	-	50248224	50248472	50248224	50248292	50248365	50248472	2420	14,7,10	26,2,33	0,2,1	12,9,20	171	99	2.26853850407e-05	0.000611639541708	0.238,0.67,0.149	0.0,0.114,0.028	0.305
2117	"GPAT4"	"GPAT4"	chr8	+	41598291	41599304	41598291	41598476	41599233	41599304	2117	261,152,316	11,12,9	126,107,106	0,3,0	198	99	2.30748967922e-05	0.000617428299016	0.922,0.864,0.946	1.0,0.947,1.0	-0.072
2685	"HMGN2"	"HMGN2"	chr1	+	26473482	26474135	26473482	26473732	26474084	26474135	2685	81,42,68	1125,589,1043	38,28,30	956,763,873	198	99	2.49829107444e-05	0.000663455945483	0.035,0.034,0.032	0.019,0.018,0.017	0.016
4028	"ANKRD13D"	"ANKRD13D"	chr11	+	67290077	67290446	67290077	67290213	67290321	67290446	4028	29,7,13	86,41,102	5,0,2	44,41,44	198	99	2.52959263514e-05	0.000666755312486	0.144,0.079,0.06	0.054,0.0,0.022	0.069
5098	"AMDHD2"	"AMDHD2"	chr16	+	2528451	2528718	2528451	2528559	2528649	2528718	5098	40,17,22	12,8,12	8,3,7	11,12,11	188	99	2.59108793815e-05	0.000677905377596	0.637,0.528,0.491	0.277,0.116,0.251	0.337
2460	"CYP1A1"	"CYP1A1"	chr15	-	74722272	74723123	74722272	74722341	74722534	74723123	2460	50,31,37	9,0,9	12,26,19	1,0,0	198	99	2.88319478895e-05	0.00074878264666	0.735,1.0,0.673	0.857,1.0,1.0	-0.15
127	"GALE"	"GALE"	chr1	-	23796508	23796782	23796508	23796586	23796696	23796782	127	47,25,32	100,53,99	14,25,12	111,84,91	198	99	2.98812211053e-05	0.000767545075615	0.19,0.191,0.139	0.059,0.13,0.062	0.09
2421	"HDAC10"	"HDAC10"	chr22	-	50250770	50251385	50250770	50250905	50250973	50251385	2421	6,4,1	6,0,7	0,0,0	3,1,3	166	99	3.0206332251e-05	0.000767545075615	0.374,1.0,0.079	0.0,0.0,0.0	0.484
6735	"NECAB3"	"NECAB3"	chr20	-	33659884	33660395	33659884	33660058	33660258	33660395	6735	9,8,20	3,2,2	6,7,3	0,0,0	198	99	3.01609676322e-05	0.000767545075615	0.6,0.667,0.833	1.0,1.0,1.0	-0.3
1478	"GCDH"	"GCDH"	chr19	+	12891486	12891974	12891486	12891522	12891830	12891974	1478	35,35,42	108,81,109	12,12,6	82,69,46	198	99	3.19330718795e-05	0.000805625784846	0.139,0.178,0.162	0.068,0.08,0.061	0.09
1475	"PSMB10"	"PSMB10"	chr16	-	67935962	67936312	67935962	67936103	67936214	67936312	1475	5,6,5	37,10,31	0,1,1	32,21,34	198	99	3.42041878564e-05	0.000856802776658	0.063,0.231,0.075	0.0,0.023,0.014	0.111
5581	"PCNXL2"	"PCNXL2"	chr1	-	233217898	233218184	233217898	233217931	233218030	233218184	5581	29,13,18	24,28,23	4,4,2	12,25,17	197	99	3.47201844414e-05	0.000863603460895	0.378,0.189,0.282	0.143,0.074,0.056	0.192
5724	"CC2D1B"	"CC2D1B"	chr1	-	52357780	52358461	52357780	52357898	52358330	52358461	5724	8,2,11	48,26,61	3,0,0	47,39,40	198	99	3.49763670343e-05	0.000863891806749	0.077,0.037,0.083	0.031,0.0,0.0	0.055
6770	"DCXR"	"DCXR"	chr17	-	82036190	82036643	82036190	82036308	82036543	82036643	6770	56,29,58	2,2,7	25,17,27	0,0,0	198	99	3.69304546635e-05	0.000905821985219	0.933,0.879,0.806	1.0,1.0,1.0	-0.127
4262	"GORASP1"	"GORASP1"	chr3	-	39100304	39100877	39100304	39100503	39100787	39100877	4262	42,23,53	3,3,4	23,24,43	0,0,0	198	99	4.04037965264e-05	0.000984180754009	0.875,0.793,0.869	1.0,1.0,1.0	-0.154
585	"MOV10"	"MOV10"	chr1	+	112698286	112699810	112698286	112698789	112699684	112699810	585	30,19,36	31,27,35	16,14,12	45,31,47	198	99	4.13944550063e-05	0.00100140558276	0.326,0.26,0.34	0.151,0.184,0.113	0.159
5633	"NPC1"	"NPC1"	chr18	-	23533354	23534559	23533354	23533517	23534445	23534559	5633	8,0,10	42,21,34	0,0,1	26,17,20	198	99	4.36942262697e-05	0.00104985038901	0.087,0.0,0.128	0.0,0.0,0.024	0.064
1027	"HARS2"	"HARS2"	chr5	+	140693490	140693665	140693490	140693508	140693590	140693665	1027	7,7,13	0,0,0	3,1,3	2,4,0	180	99	4.49293418509e-05	0.00107223267174	1.0,1.0,1.0	0.452,0.121,1.0	0.476
521	"NUP85"	"NUP85"	chr17	+	75234636	75235201	75234636	75234788	75235099	75235201	521	18,8,14	114,79,141	5,3,4	119,89,131	198	99	5.21449135502e-05	0.0012197075143	0.073,0.048,0.047	0.021,0.017,0.015	0.038
1062	"NDEL1"	"NDEL1"	chr17	+	8443926	8444357	8443926	8444176	8444259	8444357	1062	9,2,5	6,3,6	2,2,1	1,0,0	181	99	5.18686174195e-05	0.0012197075143	0.451,0.267,0.313	0.522,1.0,1.0	-0.497
5391	"CTC-308K20.1"	"CTC-308K20.1"	chr5	-	172957153	172958257	172957153	172957302	172958138	172958257	5391	5,3,1	2,6,1	0,1,0	5,2,2	198	99	5.2017149097e-05	0.0012197075143	0.556,0.2,0.333	0.0,0.2,0.0	0.296
1286	"CIRBP"	"CIRBP"	chr19	+	1271139	1271365	1271139	1271246	1271328	1271365	1286	39,22,42	225,147,206	6,6,21	143,135,149	180	99	5.32624562005e-05	0.00122956206079	0.087,0.076,0.101	0.023,0.024,0.072	0.048
4844	"ZBTB21"	"ZBTB21"	chr21	-	41986830	41994108	41986830	41991889	41992492	41994108	4844	133,78,120	49,24,49	61,40,61	7,6,10	198	99	5.2996524961e-05	0.00122956206079	0.576,0.619,0.55	0.813,0.769,0.753	-0.197
3418	"FLII"	"FLII"	chr17	-	18245353	18245660	18245353	18245419	18245554	18245660	3418	10,6,21	132,104,143	8,1,2	170,88,136	198	99	5.57263447322e-05	0.00127804683182	0.036,0.028,0.068	0.023,0.006,0.007	0.032
5486	"PHKG2"	"PHKG2"	chr16	+	30751105	30751603	30751105	30751281	30751548	30751603	5486	28,17,35	45,20,36	6,9,8	34,19,35	198	99	5.60864266511e-05	0.00127804683182	0.237,0.298,0.327	0.081,0.191,0.103	0.162
293	"KLHL21"	"KLHL21"	chr1	-	6590723	6595557	6590723	6593658	6595484	6595557	293	6,2,3	166,97,165	8,4,6	50,41,43	198	99	5.87556899274e-05	0.0013302890822	0.018,0.01,0.009	0.074,0.047,0.065	-0.05
868	"SIRT6"	"SIRT6"	chr19	-	4175027	4175760	4175027	4175151	4175679	4175760	868	11,1,8	57,48,71	0,0,0	38,25,31	198	99	6.04635600903e-05	0.00135872672684	0.088,0.01,0.053	0.0,0.0,0.0	0.05
2885	"DCLRE1B"	"DCLRE1B"	chr1	+	113911130	113914086	113911130	113911838	113912131	113914086	2885	243,129,254	14,11,10	85,68,69	2,0,1	198	99	6.07810936694e-05	0.00135872672684	0.897,0.854,0.927	0.955,1.0,0.972	-0.083
5560	"SLC38A7"	"SLC38A7"	chr16	-	58675939	58676346	58675939	58676022	58676288	58676346	5560	31,19,19	6,1,1	5,10,10	0,0,0	198	99	6.14134220402e-05	0.00136422771475	0.721,0.905,0.905	1.0,1.0,1.0	-0.156
5701	"EWSR1"	"EWSR1"	chr22	+	29288605	29291599	29288605	29288786	29291561	29291599	5701	32,21,39	66,42,58	23,20,23	99,73,98	198	99	6.33929820287e-05	0.00139940007828	0.195,0.2,0.252	0.104,0.12,0.105	0.106
2095	"SLC35A5"	"SLC35A5"	chr3	+	112580545	112581326	112580545	112580706	112581244	112581326	2095	134,99,142	8,2,4	109,103,101	0,0,0	198	99	6.96046089084e-05	0.0015082422004	0.893,0.961,0.947	1.0,1.0,1.0	-0.066
2162	"RANGRF"	"RANGRF"	chr17	+	8289257	8290092	8289257	8289414	8289812	8290092	2162	81,62,108	5,2,8	24,12,18	0,0,0	198	99	6.93406732492e-05	0.0015082422004	0.89,0.939,0.871	1.0,1.0,1.0	-0.1
3375	"ILKAP"	"ILKAP"	chr2	-	238194274	238194870	238194274	238194331	238194804	238194870	3375	15,5,5	54,36,44	2,3,4	81,61,68	198	99	6.91008017408e-05	0.0015082422004	0.122,0.065,0.054	0.012,0.024,0.029	0.059
2527	"MUTYH"	"MUTYH"	chr1	-	45332762	45333170	45332762	45332834	45333096	45333170	2527	8,7,11	3,2,5	6,5,2	0,0,1	198	99	7.24117850247e-05	0.00155950258968	0.571,0.636,0.524	1.0,1.0,0.5	-0.256
1268	"ILK"	"ILK"	chr11	+	6608883	6609408	6608883	6608967	6609298	6609408	1268	9,7,5	4,1,1	3,7,1	0,0,0	198	99	7.38467217398e-05	0.00158076740112	0.529,0.778,0.714	1.0,1.0,1.0	-0.326
1871	"HMBS"	"HMBS"	chr11	+	119088634	119089131	119088634	119088848	119089081	119089131	1871	5,1,3	2,1,4	4,1,2	0,1,0	198	99	7.4516608993e-05	0.00158491790483	0.556,0.333,0.273	1.0,0.333,1.0	-0.39
4265	"DDX17"	"DDX17"	chr22	-	38487878	38492115	38487878	38488115	38492055	38492115	4265	101,48,92	458,289,494	73,54,65	216,160,199	198	99	7.49380776064e-05	0.00158491790483	0.099,0.077,0.085	0.145,0.144,0.14	-0.056
5922	"GNPTG"	"GNPTG"	chr16	+	1362205	1362534	1362205	1362320	1362451	1362534	5922	8,7,4	44,17,43	1,0,2	45,18,32	198	99	7.58936365943e-05	0.00159557335983	0.083,0.171,0.044	0.011,0.0,0.03	0.086
6192	"PCK2"	"PCK2"	chr14	+	24094310	24094845	24094310	24094434	24094765	24094845	6192	7,7,5	8,3,1	1,1,4	0,0,1	198	99	7.83466576157e-05	0.0016373987852	0.304,0.538,0.714	1.0,1.0,0.667	-0.37
5580	"PCNXL2"	"PCNXL2"	chr1	-	232984135	232986540	232984135	232984477	232986091	232986540	5580	1,1,4	25,4,13	6,10,3	4,2,6	198	99	8.37321483829e-05	0.00173965851817	0.02,0.111,0.133	0.429,0.714,0.2	-0.36
5943	"ATG4D"	"ATG4D"	chr19	+	10546838	10547253	10546838	10547075	10547188	10547253	5943	81,40,77	4,1,9	29,25,53	0,1,0	198	99	8.74186225337e-05	0.00180562909233	0.91,0.952,0.811	1.0,0.926,1.0	-0.084
2425	"FXR1"	"FXR1"	chr3	+	180962882	180963090	180962882	180962940	180963027	180963090	2425	115,62,100	142,90,177	85,71,101	242,172,230	185	99	8.79818352508e-05	0.00180669675643	0.302,0.269,0.232	0.158,0.181,0.19	0.091
5775	"C5orf45"	"C5orf45"	chr5	-	179853196	179853437	179853196	179853276	179853377	179853437	5775	13,14,12	1,6,10	5,3,2	0,1,0	198	99	8.9820217495e-05	0.00183378617452	0.867,0.538,0.375	1.0,0.6,1.0	-0.273
2226	"ATXN2L"	"ATXN2L"	chr16	+	28835277	28835758	28835277	28835399	28835545	28835758	2226	6,4,5	82,47,78	8,11,3	27,23,17	198	99	9.16989001227e-05	0.00185349174758	0.035,0.041,0.031	0.129,0.193,0.081	-0.099
5444	"HERPUD2"	"HERPUD2"	chr7	-	35694183	35695135	35694183	35694627	35694800	35695135	5444	24,19,21	4,5,8	19,14,29	0,1,2	198	99	9.18349535185e-05	0.00185349174758	0.75,0.655,0.568	1.0,0.875,0.879	-0.26
710	"ZWINT"	"ZWINT"	chr10	-	56359686	56360383	56359686	56359853	56360017	56360383	710	31,13,33	440,223,348	17,9,9	391,305,354	198	99	0.000103223233961	0.00207150262699	0.034,0.028,0.045	0.021,0.015,0.013	0.019
1991	"OGFOD2"	"OGFOD2"	chr12	+	122975810	122976767	122975810	122975867	122976600	122976767	1991	14,3,7	4,2,1	1,0,3	2,3,6	198	99	0.000104806922082	0.00207965195951	0.636,0.429,0.778	0.2,0.0,0.2	0.481
6601	"C9orf142"	"C9orf142"	chr9	+	136992639	136993243	136992639	136992700	136993052	136993243	6601	95,34,97	8,1,5	50,28,37	0,1,0	198	99	0.000104402762423	0.00207965195951	0.856,0.944,0.907	1.0,0.933,1.0	-0.075
1961	"PINK1"	"PINK1"	chr1	+	20648504	20649231	20648504	20648632	20648994	20649231	1961	4,3,7	137,77,98	15,15,18	142,99,120	198	99	0.00010719299834	0.00210336483409	0.014,0.019,0.034	0.05,0.07,0.07	-0.041
5420	"MRPL20"	"MRPL20"	chr1	-	1405808	1407019	1405808	1405886	1406908	1407019	5420	18,15,21	434,256,454	13,5,6	514,422,478	198	99	0.000106778836286	0.00210336483409	0.02,0.028,0.023	0.012,0.006,0.006	0.016
4877	"SNX21"	"SNX21"	chr20	+	45840638	45842881	45840638	45840780	45842032	45842881	4877	90,36,85	6,3,4	13,12,15	0,0,0	198	99	0.000108035568179	0.00210818578347	0.882,0.857,0.914	1.0,1.0,1.0	-0.116
117	"ZSCAN2"	"ZSCAN2"	chr15	+	84620601	84622714	84620601	84620772	84622645	84622714	117	21,3,16	3,0,4	4,4,7	0,0,1	198	99	0.000113312344547	0.00219900659857	0.778,1.0,0.667	1.0,1.0,0.778	-0.111
1966	"WDR73"	"WDR73"	chr15	-	84645470	84646348	84645470	84645836	84646183	84646348	1966	10,14,11	59,46,62	20,7,4	12,6,10	198	99	0.000117542821504	0.00226864068608	0.078,0.132,0.081	0.455,0.368,0.167	-0.233
3138	"MAEA"	"MAEA"	chr4	+	1336860	1338617	1336860	1336994	1338425	1338617	3138	6,4,8	4,1,1	7,3,18	0,0,1	198	99	0.00011873334762	0.00227916404236	0.429,0.667,0.8	1.0,1.0,0.9	-0.335
970	"CUL9"	"CUL9"	chr6	+	43196068	43196862	43196068	43196265	43196644	43196862	970	5,4,13	40,31,27	2,0,0	21,12,13	198	99	0.000119551288981	0.00228246028476	0.059,0.061,0.194	0.045,0.0,0.0	0.09
5572	"PLEKHG4"	"PLEKHG4"	chr16	+	67277509	67280806	67277509	67280543	67280710	67280806	5572	9,5,4	2,0,4	0,1,3	5,3,7	198	99	0.000125527920129	0.00238368071987	0.692,1.0,0.333	0.0,0.143,0.176	0.569
6323	"ARL6IP4"	"ARL6IP4"	chr12	+	122982468	122982908	122982468	122982538	122982619	122982908	6323	34,30,34	293,163,303	13,15,10	217,199,212	179	99	0.000129649569223	0.00244878223794	0.06,0.092,0.058	0.032,0.04,0.025	0.038
4514	"IMP4"	"IMP4"	chr2	+	130342893	130343194	130342893	130342935	130343085	130343194	4514	32,25,32	163,90,154	40,25,50	112,64,84	198	99	0.000131170286905	0.00246432687951	0.089,0.122,0.094	0.152,0.163,0.229	-0.08
385	"PRPF40B"	"PRPF40B"	chr12	+	49642234	49642675	49642234	49642372	49642579	49642675	385	9,5,9	3,5,4	2,2,2	6,7,9	198	99	0.000137683950743	0.00257301435992	0.6,0.333,0.529	0.143,0.125,0.1	0.365
6530	"RHBDF1"	"RHBDF1"	chr16	-	58973	59349	58973	59127	59248	59349	6530	8,2,17	11,11,6	0,2,0	3,8,2	198	99	0.00013915782269	0.00258687068285	0.267,0.083,0.586	0.0,0.111,0.0	0.275
1460	"WDR83"	"WDR83"	chr19	+	12669754	12670080	12669754	12669893	12669976	12670080	1460	172,110,164	18,17,24	42,17,28	14,10,10	181	99	0.000144790050919	0.00267747884736	0.839,0.78,0.789	0.621,0.482,0.605	0.233
4769	"TMEM184A"	"TMEM184A"	chr7	-	1548518	1549945	1548518	1548688	1549853	1549945	4769	12,4,6	30,34,70	20,16,17	40,18,44	198	99	0.000149055390759	0.00274199812584	0.167,0.056,0.041	0.2,0.308,0.162	-0.135
4091	"AUP1"	"AUP1"	chr2	-	74529131	74529499	74529131	74529282	74529361	74529499	4091	167,72,109	587,309,583	56,55,51	450,314,373	177	99	0.000153457993588	0.002793884708	0.137,0.115,0.095	0.065,0.089,0.071	0.041
6681	"C14orf93"	"C14orf93"	chr14	-	22998426	22999156	22998426	22998741	22999053	22999156	6681	18,18,24	10,3,10	16,11,17	3,0,0	198	99	0.000153128002722	0.002793884708	0.474,0.75,0.545	0.727,1.0,1.0	-0.319
5116	"TTLL3"	"TTLL3"	chr3	+	9817644	9818920	9817644	9817759	9818821	9818920	5116	5,1,3	0,0,0	0,3,0	2,0,1	198	99	0.000159994305077	0.00289794813093	1.0,1.0,1.0	0.0,1.0,0.0	0.667
1174	"PHB2"	"PHB2"	chr12	-	6970195	6970645	6970195	6970280	6970416	6970645	1174	18,9,16	277,187,309	7,7,3	318,258,330	198	99	0.000164193839073	0.00295883999799	0.031,0.023,0.025	0.011,0.013,0.005	0.017
1192	"CDCA3"	"CDCA3"	chr12	-	6849322	6849858	6849322	6849429	6849564	6849858	1192	10,7,5	93,44,98	4,0,2	124,89,87	198	99	0.000165902120642	0.00297444817313	0.051,0.074,0.025	0.016,0.0,0.011	0.041
1220	"DHRS1"	"DHRS1"	chr14	-	24291138	24291625	24291138	24291219	24291555	24291625	1220	14,8,15	20,7,23	4,4,5	19,25,21	198	99	0.000173843908426	0.00310002943995	0.259,0.364,0.246	0.095,0.074,0.106	0.198
5909	"ORMDL1"	"ORMDL1"	chr2	-	189782421	189783123	189782421	189782602	189783013	189783123	5909	20,14,19	81,34,62	4,2,9	59,39,45	198	99	0.000174661907857	0.00310002943995	0.11,0.171,0.133	0.033,0.025,0.091	0.088
2906	"BAP1"	"BAP1"	chr3	-	52406252	52406907	52406252	52406376	52406828	52406907	2906	10,10,6	127,62,124	2,0,0	74,49,54	198	99	0.000178098604203	0.00314522135022	0.038,0.075,0.024	0.013,0.0,0.0	0.041
712	"ZWINT"	"ZWINT"	chr10	-	56360017	56360383	56360017	56360141	56360292	56360383	712	33,18,32	245,157,217	21,12,10	263,187,239	198	99	0.000179043799844	0.00314618259228	0.063,0.054,0.069	0.038,0.031,0.02	0.032
5419	"HCFC1R1"	"HCFC1R1"	chr16	-	3023232	3023968	3023232	3023530	3023846	3023968	5419	10,1,11	73,25,60	5,1,1	72,50,90	198	99	0.000196976634439	0.00344416570712	0.064,0.02,0.084	0.034,0.01,0.006	0.039
4617	"CHCHD5"	"CHCHD5"	chr2	+	112585973	112586365	112585973	112586114	112586199	112586365	4617	5,5,5	46,17,51	0,1,0	37,32,19	183	99	0.000201815504157	0.00351139093932	0.056,0.137,0.05	0.0,0.017,0.0	0.075
1541	"POP5"	"POP5"	chr12	-	120579513	120579923	120579513	120579597	120579773	120579923	1541	8,13,10	93,51,99	3,2,2	62,66,67	198	99	0.000204923463855	0.00354798859969	0.041,0.113,0.048	0.024,0.015,0.015	0.049
5423	"RSRP1"	"RSRP1"	chr1	-	25242248	25242705	25242248	25242426	25242538	25242705	5423	90,43,72	0,0,0	28,31,37	3,5,0	198	99	0.000210876295656	0.00363324427442	1.0,1.0,1.0	0.824,0.756,1.0	0.14
6257	"TROAP"	"TROAP"	chr12	+	49330144	49331407	49330144	49330943	49331213	49331407	6257	29,14,24	62,31,69	6,0,4	31,19,23	198	99	0.000211997720108	0.00363483469622	0.19,0.184,0.148	0.088,0.0,0.08	0.118
642	"P2RX4"	"P2RX4"	chr12	+	121228724	121229099	121228724	121228866	121228962	121229099	642	10,3,7	30,9,36	3,0,1	33,14,22	194	99	0.000227758776876	0.00388620289819	0.145,0.145,0.09	0.044,0.0,0.023	0.104
3766	"COX4I1"	"COX4I1"	chr16	+	85804936	85805864	85804936	85805104	85805732	85805864	3766	57,36,46	1216,703,1344	35,24,30	1455,1024,1249	198	99	0.000230883827543	0.00392058499462	0.023,0.025,0.017	0.012,0.012,0.012	0.01
2228	"ATXN2L"	"ATXN2L"	chr16	+	28835277	28835758	28835277	28835399	28835554	28835758	2228	10,6,13	1,0,8	10,12,5	1,0,0	198	99	0.000237968773169	0.00400658298805	0.833,1.0,0.448	0.833,1.0,1.0	-0.184
5523	"IFRD2"	"IFRD2"	chr3	-	50290169	50290679	50290169	50290294	50290559	50290679	5523	16,7,25	21,5,10	7,11,7	2,0,1	198	99	0.000238216995326	0.00400658298805	0.276,0.412,0.556	0.636,1.0,0.778	-0.39
78	"YBX2"	"YBX2"	chr17	-	7291092	7292059	7291092	7291182	7292025	7292059	78	11,9,5	26,14,8	2,2,0	18,7,9	198	99	0.00024097058762	0.00401466092205	0.175,0.243,0.238	0.053,0.125,0.0	0.159
5494	"SHMT2"	"SHMT2"	chr12	+	57232210	57232575	57232210	57232292	57232452	57232575	5494	46,28,33	1090,599,1114	9,2,4	450,310,335	198	99	0.000240237761416	0.00401466092205	0.021,0.023,0.015	0.01,0.003,0.006	0.013
781	"CEP350"	"CEP350"	chr1	+	180110996	180113380	180110996	180111195	180112436	180113380	781	30,23,24	15,4,7	27,23,24	2,1,2	198	99	0.000245281633779	0.00406729920426	0.5,0.742,0.632	0.871,0.92,0.857	-0.258
6297	"EMD"	"EMD"	chrX	+	154379941	154380367	154379941	154380019	154380233	154380367	6297	55,29,67	527,272,502	29,15,22	372,317,358	198	99	0.000256391382964	0.00423165590948	0.05,0.051,0.063	0.038,0.023,0.03	0.024
3101	"TMEM147"	"TMEM147"	chr19	+	35546671	35547240	35546671	35547029	35547118	35547240	3101	24,14,26	288,175,333	9,6,7	234,171,251	187	99	0.000263626913512	0.00433083841174	0.042,0.041,0.04	0.02,0.018,0.015	0.023
4345	"C1orf35"	"C1orf35"	chr1	-	228102309	228102560	228102309	228102382	228102477	228102560	4345	6,4,5	77,41,64	11,8,6	32,22,29	193	99	0.000268335331564	0.00437842506923	0.038,0.048,0.039	0.15,0.157,0.096	-0.093
4461	"DGKA"	"DGKA"	chr12	+	55938914	55939305	55938914	55938989	55939185	55939305	4461	0,0,0	7,1,2	0,1,8	9,6,11	198	99	0.000269002899214	0.00437842506923	0.0,0.0,0.0	0.0,0.077,0.267	-0.115
3852	"SEC24C"	"SEC24C"	chr10	+	73770279	73770798	73770279	73770471	73770708	73770798	3852	14,10,16	264,128,218	2,2,7	182,142,182	198	99	0.00028192369749	0.004548583297	0.026,0.038,0.035	0.005,0.007,0.019	0.023
6233	"DNHD1"	"DNHD1"	chr11	+	6570008	6571423	6570008	6570396	6570617	6571423	6233	2,2,2	1,0,0	3,1,0	0,4,1	198	99	0.000282032769548	0.004548583297	0.5,1.0,1.0	1.0,0.111,0.0	0.463
709	"ZWINT"	"ZWINT"	chr10	-	56357437	56358459	56357437	56358185	56358376	56358459	709	85,48,71	227,144,247	52,42,55	261,245,256	198	99	0.00029355435888	0.00471207129643	0.158,0.143,0.126	0.091,0.079,0.097	0.053
2129	"TSPYL2"	"TSPYL2"	chrX	+	53084531	53084866	53084531	53084622	53084754	53084866	2129	11,13,18	51,25,45	2,3,4	34,25,26	198	99	0.000294837983157	0.00471207129643	0.097,0.206,0.167	0.029,0.057,0.071	0.104
5292	"NUDT17"	"NUDT17"	chr1	+	145846432	145846690	145846432	145846458	145846597	145846690	5292	8,2,14	3,0,3	3,1,1	0,0,0	198	99	0.000301227307899	0.00479249933108	0.571,1.0,0.7	1.0,1.0,1.0	-0.243
4840	"MCRS1"	"MCRS1"	chr12	-	49566076	49566841	49566076	49566215	49566721	49566841	4840	18,15,27	168,96,128	9,8,3	120,98,104	198	99	0.000305520214808	0.0048390017879	0.051,0.072,0.095	0.036,0.039,0.014	0.043
3281	"GNL3"	"GNL3"	chr3	+	52690591	52691071	52690591	52690704	52690944	52691071	3281	29,17,25	239,134,203	14,12,12	229,237,206	198	99	0.000309018556187	0.00487256044845	0.057,0.06,0.058	0.03,0.025,0.028	0.031
1613	"NAGK"	"NAGK"	chr2	+	71075554	71076701	71075554	71075642	71076603	71076701	1613	5,2,5	36,15,33	0,0,0	35,18,29	198	99	0.000311416525166	0.00488854740838	0.065,0.063,0.07	0.0,0.0,0.0	0.066
1728	"LRCH4"	"LRCH4"	chr7	-	100577085	100577389	100577085	100577154	100577272	100577389	1728	15,10,12	35,23,53	4,1,4	30,23,36	198	99	0.000316114379507	0.00494033623194	0.176,0.179,0.102	0.063,0.021,0.053	0.107
1864	"DGKZ"	"DGKZ"	chr11	+	46378456	46379111	46378456	46378500	46378990	46379111	1864	40,22,59	237,137,215	10,16,14	152,102,143	198	99	0.000320860610211	0.00499242147694	0.078,0.074,0.121	0.032,0.073,0.047	0.04
