"ID"	"GeneID"	"geneSymbol"	"chr"	"strand"	"riExonStart_0base"	"riExonEnd"	"upstreamES"	"upstreamEE"	"downstreamES"	"downstreamEE"	"ID.1"	"IJC_SAMPLE_1"	"SJC_SAMPLE_1"	"IJC_SAMPLE_2"	"SJC_SAMPLE_2"	"IncFormLen"	"SkipFormLen"	"PValue"	"FDR"	"IncLevel1"	"IncLevel2"	"IncLevelDifference"
1665	"DDX39A"	"DDX39A"	chr19	-	14409741	14410334	14409741	14409873	14410215	14410334	1665	133,75,167	254,152,254	74,65,69	399,273,365	441	99	1.22124532709e-15	1.91894809222e-13	0.105,0.1,0.129	0.04,0.051,0.041	0.067
5266	"MAT2A"	"MAT2A"	chr2	+	85542154	85542747	85542154	85542373	85542564	85542747	5266	86,37,78	4458,2598,4642	91,84,82	1253,1077,1307	290	99	1.22124532709e-15	1.91894809222e-13	0.007,0.005,0.006	0.024,0.026,0.021	-0.018
2935	"EIF4A2"	"EIF4A2"	chr3	+	186784563	186786051	186784563	186784696	186785882	186786051	2935	645,394,734	325,213,333	674,551,530	130,116,122	1285	99	1.88737914186e-15	2.84207842445e-13	0.133,0.125,0.145	0.285,0.268,0.251	-0.134
1229	"NCK1"	"NCK1"	chr3	+	136945582	136946295	136945582	136945752	136946151	136946295	1229	604,381,545	125,62,117	307,255,355	19,12,8	498	99	2.6645352591e-15	3.85185217055e-13	0.49,0.55,0.481	0.763,0.809,0.898	-0.316
5497	"RBM25"	"RBM25"	chr14	+	73099666	73103478	73099666	73099750	73103191	73103478	5497	446,235,319	189,93,187	216,148,162	229,176,206	3540	99	2.88657986403e-15	4.012346011e-13	0.062,0.066,0.046	0.026,0.023,0.022	0.034
1090	"LRRC75A-AS1"	"LRRC75A-AS1"	chr17	+	16439036	16439414	16439036	16439060	16439326	16439414	1090	104,73,88	477,304,548	147,93,122	136,247,186	365	99	8.65973959208e-15	1.11772496021e-12	0.056,0.061,0.042	0.227,0.093,0.151	-0.104
4969	"SLC25A39"	"SLC25A39"	chr17	-	44320195	44320436	44320195	44320276	44320354	44320436	4969	75,40,80	683,323,656	19,10,15	526,398,508	177	99	8.65973959208e-15	1.11772496021e-12	0.058,0.065,0.064	0.02,0.014,0.016	0.046
6002	"SRSF5"	"SRSF5"	chr14	+	69768797	69770540	69768797	69769251	69770466	69770540	6002	824,464,733	282,146,264	400,278,392	323,220,271	1314	99	1.05471187339e-14	1.31438921049e-12	0.18,0.193,0.173	0.085,0.087,0.098	0.092
2098	"S100A13"	"S100A13"	chr1	-	153626319	153627598	153626319	153626533	153627482	153627598	2098	193,127,162	296,139,201	73,37,64	225,175,217	1048	99	1.11022302463e-14	1.33744867034e-12	0.058,0.079,0.071	0.03,0.02,0.027	0.044
293	"KLHL21"	"KLHL21"	chr1	-	6590723	6595557	6590723	6593658	6595484	6595557	293	65,29,43	166,97,165	70,45,48	50,41,43	1925	99	1.38777878078e-14	1.61788145604e-12	0.02,0.015,0.013	0.067,0.053,0.054	-0.042
2210	"GAS5"	"GAS5"	chr1	-	173865856	173866206	173865856	173865894	173866176	173866206	2210	104,55,93	1584,876,1563	136,96,117	774,769,789	381	99	3.86912724082e-13	4.2372805601e-11	0.017,0.016,0.015	0.044,0.031,0.037	-0.021
5654	"HMGN1"	"HMGN1"	chr21	-	39345145	39348339	39345145	39345274	39348291	39348339	5654	858,521,791	1326,812,1307	452,359,431	1356,1098,1460	3116	99	3.82915921193e-13	4.2372805601e-11	0.02,0.02,0.019	0.01,0.01,0.009	0.01
142	"VPS28"	"VPS28"	chr8	-	144425682	144426208	144425682	144425772	144426025	144426208	142	87,79,107	332,217,348	23,14,15	190,170,202	352	99	5.38236122338e-13	5.72113337097e-11	0.069,0.093,0.08	0.033,0.023,0.02	0.055
136	"VPS28"	"VPS28"	chr8	-	144423600	144424132	144423600	144423922	144424040	144424132	136	383,204,417	103,63,73	103,52,53	71,48,64	217	99	7.99915689242e-13	8.25970085977e-11	0.629,0.596,0.723	0.398,0.331,0.274	0.315
2203	"GAS5"	"GAS5"	chr1	-	173864256	173864506	173864256	173864304	173864483	173864506	2203	107,66,90	861,466,688	128,118,117	420,340,412	278	99	9.73665592596e-13	9.77452069901e-11	0.042,0.048,0.045	0.098,0.11,0.092	-0.055
3924	"BRAT1"	"BRAT1"	chr7	-	2539785	2541052	2539785	2539888	2540978	2541052	3924	142,73,90	288,178,288	162,94,128	153,90,143	1189	99	2.30293561998e-12	2.24940792719e-10	0.039,0.033,0.025	0.081,0.08,0.069	-0.044
2912	"RPL8"	"RPL8"	chr8	-	144791276	144791495	144791276	144791307	144791370	144791495	2912	11529,6414,11531	0,0,0	10168,7609,8646	1,0,473	162	99	2.97473157218e-12	2.82912628996e-10	1.0,1.0,1.0	1.0,1.0,0.918	0.027
5701	"EWSR1"	"EWSR1"	chr22	+	29288605	29291599	29288605	29288786	29291561	29291599	5701	1008,530,815	66,42,58	623,442,514	99,73,98	2874	99	2.08224548714e-11	1.92954748475e-09	0.345,0.303,0.326	0.178,0.173,0.153	0.157
4771	"NXF1"	"NXF1"	chr11	-	62798538	62800486	62798538	62798575	62800376	62800486	4771	894,512,823	150,67,189	307,232,267	136,95,102	1900	99	2.5793034375e-11	2.33040065578e-09	0.237,0.285,0.185	0.105,0.113,0.12	0.123
5094	"CDC37"	"CDC37"	chr19	-	10395227	10395543	10395227	10395343	10395434	10395543	5094	239,152,218	1111,694,1188	166,135,124	1520,1190,1465	190	99	4.90297802358e-11	4.32179575054e-09	0.101,0.102,0.087	0.054,0.056,0.042	0.046
137	"VPS28"	"VPS28"	chr8	-	144424214	144424819	144424214	144424268	144424717	144424819	137	320,151,247	381,173,350	54,34,68	179,125,151	548	99	6.87695456136e-11	5.85739066552e-09	0.132,0.136,0.113	0.052,0.047,0.075	0.069
5702	"EWSR1"	"EWSR1"	chr22	+	29288605	29291599	29288605	29288786	29291564	29291599	5702	1020,534,828	84,57,62	636,455,525	107,104,102	2877	99	6.96922519694e-11	5.85739066552e-09	0.295,0.244,0.315	0.17,0.131,0.15	0.134
2209	"GAS5"	"GAS5"	chr1	-	173865228	173865547	173865228	173865282	173865509	173865547	2209	312,147,268	1186,680,1128	234,218,242	554,422,506	326	99	7.49112993859e-11	6.15294172683e-09	0.074,0.062,0.067	0.114,0.136,0.127	-0.058
1092	"LRRC75A-AS1"	"LRRC75A-AS1"	chr17	+	16439326	16439703	16439326	16439414	16439580	16439703	1092	619,317,597	1125,614,954	301,289,308	309,240,286	265	99	1.20211507415e-10	9.65431972884e-09	0.171,0.162,0.189	0.267,0.31,0.287	-0.114
3099	"TMEM147"	"TMEM147"	chr19	+	35546671	35547029	35546671	35546808	35546944	35547029	3099	64,42,78	315,184,323	23,15,13	279,197,216	235	99	1.41670231102e-10	1.11303525044e-08	0.079,0.088,0.092	0.034,0.031,0.025	0.056
2544	"WRAP53"	"WRAP53"	chr17	+	7688476	7689079	7688476	7688561	7688647	7689079	2544	10,1,7	93,49,123	16,20,26	59,47,59	185	99	1.52896584282e-10	1.17567713956e-08	0.054,0.011,0.03	0.127,0.185,0.191	-0.136
5996	"PSME2"	"PSME2"	chr14	-	24145709	24146240	24145709	24145772	24146207	24146240	5996	89,57,70	257,113,249	32,28,29	234,222,214	534	99	2.82914358607e-10	2.13010935835e-08	0.06,0.086,0.05	0.025,0.023,0.025	0.041
826	"INO80E"	"INO80E"	chr16	+	29996243	29996617	29996243	29996391	29996546	29996617	826	62,61,89	244,120,251	33,12,17	149,156,203	254	99	3.02150193754e-10	2.2285118372e-08	0.09,0.165,0.121	0.079,0.029,0.032	0.079
3421	"FLII"	"FLII"	chr17	-	18245743	18246062	18245743	18245850	18245933	18246062	3421	12,29,15	220,101,180	4,0,2	196,119,147	182	99	3.15385273453e-10	2.27960475652e-08	0.029,0.135,0.043	0.011,0.0,0.007	0.063
2485	"CASC3"	"CASC3"	chr17	+	40163480	40164166	40163480	40163602	40163885	40164166	2485	877,477,814	14,18,15	457,314,406	0,0,0	382	99	3.23251758694e-10	2.29065069788e-08	0.942,0.873,0.934	1.0,1.0,1.0	-0.084
5450	"PIN1"	"PIN1"	chr19	+	9849089	9849682	9849089	9849201	9849532	9849682	5450	1158,680,1104	43,0,31	953,620,948	9,0,0	430	99	3.70095398772e-10	2.57216302147e-08	0.861,1.0,0.891	0.961,1.0,1.0	-0.07
2682	"HMGN2"	"HMGN2"	chr1	+	26473482	26473732	26473482	26473527	26473702	26473732	2682	116,75,67	1512,802,1388	28,28,41	1234,993,1130	274	99	4.26345736493e-10	2.85335831794e-08	0.027,0.033,0.017	0.008,0.01,0.013	0.015
5592	"GABARAPL1"	"GABARAPL1"	chr12	+	10213835	10214187	10213835	10213974	10214073	10214187	5592	4,4,3	5,2,2	2,1,2	0,0,0	198	99	4.22824553148e-10	2.85335831794e-08	0.286,0.5,0.429	1.0,1.0,1.0	-0.595
2058	"FIBP"	"FIBP"	chr11	-	65884569	65884998	65884569	65884656	65884934	65884998	2058	57,30,39	260,169,311	8,8,9	212,140,199	377	99	4.4258718912e-10	2.90820018451e-08	0.054,0.045,0.032	0.01,0.015,0.012	0.031
1589	"ASTE1"	"ASTE1"	chr3	-	131024004	131025331	131024004	131024238	131025163	131025331	1589	235,137,252	15,8,12	121,110,121	0,1,0	1024	99	5.24714716121e-10	3.38628390011e-08	0.602,0.623,0.67	1.0,0.914,1.0	-0.34
2558	"PSMD11"	"PSMD11"	chr17	+	32479250	32480197	32479250	32479376	32480145	32480197	2558	1,4,12	0,0,0	4,9,3	1,3,2	868	99	6.14803763455e-10	3.89807158092e-08	1.0,1.0,1.0	0.313,0.255,0.146	0.762
4265	"DDX17"	"DDX17"	chr22	-	38487878	38492115	38487878	38488115	38492055	38492115	4265	1584,927,1491	458,289,494	1289,920,1190	216,160,199	4039	99	1.11690079407e-09	6.95944736167e-08	0.078,0.073,0.069	0.128,0.124,0.128	-0.053
6152	"AMT"	"AMT"	chr3	-	49419709	49420342	49419709	49419788	49420210	49420342	6152	1,4,9	0,0,1	0,1,0	1,1,1	521	99	1.42230427436e-09	8.71221635176e-08	1.0,1.0,0.631	0.0,0.16,0.0	0.824
873	"MRPS22"	"MRPS22"	chr3	+	139350178	139351060	139350178	139350322	139351030	139351060	873	53,21,44	0,0,0	55,37,49	3,6,4	807	99	1.56466228862e-09	9.2702702469e-08	1.0,1.0,1.0	0.692,0.431,0.6	0.426
3918	"SRSF1"	"SRSF1"	chr17	-	58004922	58005973	58004922	58005041	58005800	58005973	3918	3569,2033,3550	27,9,21	3988,3477,3944	7,5,2	858	99	1.56471080537e-09	9.2702702469e-08	0.938,0.963,0.951	0.985,0.988,0.996	-0.039
1091	"LRRC75A-AS1"	"LRRC75A-AS1"	chr17	+	16439326	16439703	16439326	16439414	16439527	16439703	1091	29,17,30	471,608,1008	32,31,38	270,410,267	212	99	1.76199022039e-09	1.0270697833e-07	0.028,0.013,0.014	0.052,0.034,0.062	-0.031
1301	"ZNF131"	"ZNF131"	chr5	+	43161248	43161931	43161248	43161606	43161708	43161931	1301	37,27,34	206,107,153	42,27,24	47,34,47	201	99	1.9033971066e-09	1.07756260362e-07	0.081,0.111,0.099	0.306,0.281,0.201	-0.166
6485	"UROD"	"UROD"	chr1	+	45013135	45013354	45013135	45013215	45013291	45013354	6485	54,31,55	239,112,253	11,6,13	177,127,132	175	99	1.90824589463e-09	1.07756260362e-07	0.113,0.135,0.11	0.034,0.026,0.053	0.082
276	"SKIL"	"SKIL"	chr3	+	170359698	170361429	170359698	170359876	170360367	170361429	276	348,175,293	14,6,8	181,161,183	0,0,0	590	99	2.09452410971e-09	1.164555405e-07	0.807,0.83,0.86	1.0,1.0,1.0	-0.168
4615	"HNRNPH3"	"HNRNPH3"	chr10	+	68337198	68338687	68337198	68337333	68338502	68338687	4615	529,344,481	249,122,225	550,430,457	137,75,106	1268	99	2.15581508201e-09	1.18047207672e-07	0.142,0.18,0.143	0.239,0.309,0.252	-0.112
6235	"ST3GAL1"	"ST3GAL1"	chr8	-	133475718	133476600	133475718	133476074	133476277	133476600	6235	17,4,9	59,26,64	20,17,18	17,16,7	302	99	2.63501276354e-09	1.42133375036e-07	0.086,0.048,0.044	0.278,0.258,0.457	-0.272
1470	"ZMYM5"	"ZMYM5"	chr13	-	19851354	19852190	19851354	19851448	19851688	19852190	1470	2,4,4	109,36,78	15,7,4	21,16,19	339	99	2.9153537362e-09	1.48468709467e-07	0.005,0.031,0.015	0.173,0.113,0.058	-0.098
2622	"XBP1"	"XBP1"	chr22	-	28796046	28796192	28796046	28796121	28796147	28796192	2622	238,147,211	35,13,36	107,132,107	4,4,1	125	99	2.79765577371e-09	1.48468709467e-07	0.843,0.9,0.823	0.955,0.963,0.988	-0.113
2869	"GSTK1"	"GSTK1"	chr7	+	143264547	143265092	143264547	143264676	143264991	143265092	2869	73,40,79	306,206,388	28,12,18	297,171,269	414	99	2.90692769855e-09	1.48468709467e-07	0.054,0.044,0.046	0.022,0.017,0.016	0.03
5329	"SNHG12"	"SNHG12"	chr1	-	28579532	28580646	28579532	28579981	28580559	28580646	5329	38,15,32	63,38,55	59,52,75	39,24,46	677	99	2.91678980968e-09	1.48468709467e-07	0.081,0.055,0.078	0.181,0.241,0.193	-0.134
5580	"PCNXL2"	"PCNXL2"	chr1	-	232984135	232986540	232984135	232984477	232986091	232986540	5580	28,19,30	25,4,13	75,55,72	4,2,6	1713	99	3.93137866705e-09	1.97333368093e-07	0.061,0.215,0.118	0.52,0.614,0.41	-0.383
1097	"LRRC75A-AS1"	"LRRC75A-AS1"	chr17	+	16439326	16440253	16439326	16439703	16440184	16440253	1097	128,66,127	1206,738,1223	153,96,92	640,488,559	580	99	5.98974336796e-09	2.96533322354e-07	0.018,0.015,0.017	0.039,0.032,0.027	-0.016
5148	"SRSF7"	"SRSF7"	chr2	-	38748578	38749705	38748578	38748653	38749528	38749705	5148	528,317,548	512,286,550	282,254,316	520,429,512	974	99	7.78971276372e-09	3.80432728758e-07	0.095,0.101,0.092	0.052,0.057,0.059	0.04
1561	"OGT"	"OGT"	chrX	+	71544566	71548023	71544566	71544635	71547906	71548023	1561	849,459,703	41,28,52	364,315,325	48,45,56	3370	99	8.76326411436e-09	4.22272486791e-07	0.378,0.325,0.284	0.182,0.171,0.146	0.163
383	"BCKDHA"	"BCKDHA"	chr19	+	41410636	41411009	41410636	41410816	41410922	41411009	383	26,13,23	136,81,144	3,0,2	81,51,67	205	99	1.38941191885e-08	6.60701930885e-07	0.085,0.072,0.072	0.018,0.0,0.014	0.066
1609	"NAGK"	"NAGK"	chr2	+	71068649	71070586	71068649	71068712	71070501	71070586	1609	95,49,101	121,51,115	21,35,42	96,94,97	1888	99	1.54741736091e-08	7.20528768463e-07	0.04,0.048,0.044	0.011,0.019,0.022	0.027
5541	"TNK1"	"TNK1"	chr17	+	7382835	7383320	7382835	7383089	7383249	7383320	5541	28,16,50	18,9,10	4,5,6	22,20,13	259	99	1.55509806143e-08	7.20528768463e-07	0.373,0.405,0.656	0.065,0.087,0.15	0.377
6596	"LYPLA2"	"LYPLA2"	chr1	+	23794223	23794600	23794223	23794325	23794426	23794600	6596	57,33,49	138,81,171	18,19,12	154,114,124	200	99	2.14837382329e-08	9.82813037642e-07	0.17,0.168,0.124	0.055,0.076,0.046	0.095
5597	"CAD"	"CAD"	chr2	+	27233311	27233808	27233311	27233536	27233625	27233808	5597	13,8,14	71,43,58	2,3,3	89,82,97	188	99	2.27690295507e-08	1.02859090995e-06	0.088,0.089,0.113	0.012,0.019,0.016	0.081
5420	"MRPL20"	"MRPL20"	chr1	-	1405808	1407019	1405808	1405886	1406908	1407019	5420	103,54,101	434,256,454	55,37,49	514,422,478	1121	99	2.36891010141e-08	1.05694334648e-06	0.021,0.018,0.019	0.009,0.008,0.009	0.011
2133	"THAP7"	"THAP7"	chr22	-	21000646	21001411	21000646	21000787	21001255	21001411	2133	36,22,26	335,201,373	46,26,24	116,108,148	567	99	2.89460025948e-08	1.27574211436e-06	0.018,0.019,0.012	0.065,0.04,0.028	-0.028
4992	"PFDN5"	"PFDN5"	chr12	+	53295838	53296275	53295838	53295941	53296243	53296275	4992	91,57,74	408,249,386	40,22,45	428,330,366	401	99	3.21310278384e-08	1.39905463383e-06	0.052,0.053,0.045	0.023,0.016,0.029	0.027
4682	"SNHG5"	"SNHG5"	chr6	-	85678135	85678736	85678135	85678188	85678693	85678736	4682	178,107,213	156,89,133	306,176,286	83,83,94	604	99	4.50349371128e-08	1.93757455626e-06	0.158,0.165,0.208	0.377,0.258,0.333	-0.146
3525	"RPL10A"	"RPL10A"	chr6	+	35468419	35468873	35468419	35468439	35468798	35468873	3525	223,112,225	903,508,775	126,96,107	914,657,812	458	99	5.07080499812e-08	2.15598697214e-06	0.051,0.045,0.059	0.029,0.031,0.028	0.022
3369	"RPS21"	"RPS21"	chr20	+	62388308	62388519	62388308	62388364	62388456	62388519	3369	124,58,112	240,139,209	31,41,32	176,138,156	191	99	6.35212692446e-08	2.66937054709e-06	0.211,0.178,0.217	0.084,0.133,0.096	0.098
971	"ALKBH2"	"ALKBH2"	chr12	-	109092506	109093472	109092506	109092787	109093246	109093472	971	137,53,132	200,90,160	123,57,86	49,43,56	558	99	6.83577742189e-08	2.81390814739e-06	0.108,0.095,0.128	0.308,0.19,0.214	-0.127
1270	"RNF126"	"RNF126"	chr19	-	648881	649748	648881	648975	649678	649748	1270	73,41,82	208,141,243	15,9,19	136,98,116	802	99	6.8517962637e-08	2.81390814739e-06	0.042,0.035,0.04	0.013,0.011,0.02	0.024
5418	"HCFC1R1"	"HCFC1R1"	chr16	-	3023232	3023530	3023232	3023361	3023473	3023530	5418	30,26,40	93,33,94	12,19,11	127,83,111	211	99	8.06074473836e-08	3.27320578477e-06	0.131,0.27,0.166	0.042,0.097,0.044	0.128
4083	"MCM7"	"MCM7"	chr7	-	100099022	100099753	100099022	100099403	100099588	100099753	4083	76,47,66	456,297,509	15,8,18	237,202,269	284	99	9.6378731218e-08	3.8701414958e-06	0.055,0.052,0.043	0.022,0.014,0.023	0.03
4689	"UBE2T"	"UBE2T"	chr1	-	202333009	202333335	202333009	202333093	202333236	202333335	4689	24,19,21	223,118,241	6,5,5	204,179,190	242	99	1.02185929274e-07	4.05824119117e-06	0.042,0.062,0.034	0.012,0.011,0.011	0.035
2128	"CLPP"	"CLPP"	chr19	+	6361868	6362542	6361868	6361940	6362445	6362542	2128	117,65,130	213,133,207	50,48,29	192,121,175	604	99	1.16720154986e-07	4.54109987991e-06	0.083,0.074,0.093	0.041,0.061,0.026	0.041
6352	"SORBS3"	"SORBS3"	chr8	+	22566660	22566868	22566660	22566713	22566821	22566868	6352	61,19,42	74,45,59	23,5,3	63,54,48	207	99	1.16857301835e-07	4.54109987991e-06	0.283,0.168,0.254	0.149,0.042,0.029	0.162
4063	"BECN1"	"BECN1"	chr17	-	42818786	42819609	42818786	42818877	42819547	42819609	4063	94,49,65	126,54,113	15,14,21	86,35,70	769	99	1.20614262578e-07	4.63723345699e-06	0.088,0.105,0.069	0.022,0.049,0.037	0.051
6472	"PFKL"	"PFKL"	chr21	+	44313912	44316339	44313912	44314021	44316243	44316339	6472	93,43,60	141,65,161	58,27,33	209,138,161	2321	99	1.22845967732e-07	4.67331923562e-06	0.027,0.027,0.016	0.012,0.008,0.009	0.014
4	"SLC44A2"	"SLC44A2"	chr19	+	10634755	10635073	10634755	10634887	10634973	10635073	4	92,42,84	874,507,858	43,14,30	735,491,739	185	99	1.24939774859e-07	4.70346194105e-06	0.053,0.042,0.05	0.03,0.015,0.021	0.026
2685	"HMGN2"	"HMGN2"	chr1	+	26473482	26474135	26473482	26473732	26474084	26474135	2685	197,111,160	1125,589,1043	90,74,76	956,763,873	451	99	1.58754961177e-07	5.91484979066e-06	0.037,0.04,0.033	0.02,0.021,0.019	0.017
258	"MYL6"	"MYL6"	chr12	+	56158683	56159730	56158683	56158711	56159622	56159730	258	1689,904,1561	23,10,0	939,912,1065	0,2,0	1010	99	2.74455709715e-07	1.01212544379e-05	0.878,0.899,1.0	1.0,0.978,1.0	-0.067
1699	"WBP1"	"WBP1"	chr2	+	74459437	74459745	74459437	74459552	74459642	74459745	1699	7,2,5	2,2,3	4,4,3	0,0,0	189	99	3.07166229674e-07	1.12131187277e-05	0.647,0.344,0.466	1.0,1.0,1.0	-0.514
5100	"TGOLN2"	"TGOLN2"	chr2	-	85326507	85327685	85326507	85326804	85326978	85327685	5100	639,396,618	163,111,157	425,364,375	61,28,55	273	99	3.11793676877e-07	1.12682234823e-05	0.587,0.564,0.588	0.716,0.825,0.712	-0.171
4062	"BECN1"	"BECN1"	chr17	-	42818543	42819609	42818543	42818680	42819547	42819609	4062	96,50,66	6,3,1	18,14,22	0,0,0	966	99	3.87370832189e-07	1.38609721538e-05	0.621,0.631,0.871	1.0,1.0,1.0	-0.292
1586	"MAF1"	"MAF1"	chr8	+	144106342	144106674	144106342	144106464	144106554	144106674	1586	233,131,264	1108,703,1128	62,45,57	544,384,506	189	99	3.98351120534e-07	1.4114126957e-05	0.099,0.089,0.109	0.056,0.058,0.056	0.042
1019	"DET1"	"DET1"	chr15	-	88530622	88531715	88530622	88531473	88531612	88531715	1019	25,12,28	14,0,8	8,3,17	0,0,0	238	99	4.04611816496e-07	1.41967680079e-05	0.426,1.0,0.593	1.0,1.0,1.0	-0.327
1053	"VEGFA"	"VEGFA"	chr6	+	43778888	43786484	43778888	43778918	43784540	43786484	1053	650,314,565	264,124,224	367,238,383	74,65,72	5721	99	4.90807494091e-07	1.70555604197e-05	0.041,0.042,0.042	0.079,0.06,0.084	-0.033
3591	"HNRNPH1"	"HNRNPH1"	chr5	-	179616125	179617110	179616125	179616218	179616868	179617110	3591	410,232,368	1202,635,1186	254,201,278	1339,975,1259	749	99	5.54690093968e-07	1.90919047581e-05	0.043,0.046,0.039	0.024,0.027,0.028	0.016
5753	"POLM"	"POLM"	chr7	-	44073782	44074530	44073782	44074025	44074397	44074530	5753	16,8,15	1,4,7	29,13,26	0,1,0	471	99	6.16141029641e-07	2.100692152e-05	0.771,0.296,0.311	1.0,0.732,1.0	-0.451
6453	"PNKP"	"PNKP"	chr19	-	49864178	49864403	49864178	49864236	49864323	49864403	6453	48,15,36	124,67,135	8,1,10	81,62,67	186	99	6.27163824984e-07	2.11828977896e-05	0.171,0.106,0.124	0.05,0.009,0.074	0.089
6167	"RHOT2"	"RHOT2"	chr16	+	669552	670175	669552	669606	670122	670175	6167	24,17,22	82,61,86	9,2,2	73,49,69	615	99	6.6803256471e-07	2.23543489709e-05	0.045,0.043,0.04	0.019,0.007,0.005	0.032
2202	"GAS5"	"GAS5"	chr1	-	173863900	173864304	173863900	173864075	173864256	173864304	2202	110,58,59	919,502,875	80,80,90	470,359,513	280	99	6.77466505228e-07	2.24620545862e-05	0.041,0.039,0.023	0.057,0.073,0.058	-0.028
1202	"MAGOHB"	"MAGOHB"	chr12	-	10607853	10609941	10607853	10607936	10609830	10609941	1202	34,20,30	34,19,50	9,16,10	54,54,34	1993	99	6.99314060437e-07	2.29756455856e-05	0.047,0.05,0.029	0.008,0.015,0.014	0.03
6688	"ZNF232"	"ZNF232"	chr17	-	5108925	5109868	5108925	5109052	5109393	5109868	6688	31,23,30	107,51,92	22,25,25	22,23,23	440	99	7.73530165254e-07	2.51850271822e-05	0.061,0.092,0.068	0.184,0.197,0.197	-0.119
1087	"CTDNEP1"	"CTDNEP1"	chr17	-	7243590	7244245	7243590	7243951	7244188	7244245	1087	641,368,619	16,14,16	424,295,342	1,1,4	336	99	7.82038526603e-07	2.52347074566e-05	0.922,0.886,0.919	0.992,0.989,0.962	-0.072
2094	"SLC35A5"	"SLC35A5"	chr3	+	112580545	112581326	112580545	112580706	112581178	112581326	2094	355,197,388	5,1,21	273,258,264	2,0,0	571	99	8.32366731318e-07	2.66210032476e-05	0.925,0.972,0.762	0.959,1.0,1.0	-0.1
4847	"GALT"	"GALT"	chr9	+	34647088	34647567	34647088	34647258	34647491	34647567	4847	7,6,9	20,11,12	3,0,0	35,6,17	332	99	8.53061286499e-07	2.70435393808e-05	0.095,0.14,0.183	0.025,0.0,0.0	0.131
2780	"SPAG5"	"SPAG5"	chr17	-	28578217	28578528	28578217	28578292	28578372	28578528	2780	22,10,25	43,30,43	7,1,8	33,51,52	179	99	1.02140831049e-06	3.20988663836e-05	0.221,0.156,0.243	0.105,0.011,0.078	0.142
3899	"ACAD8"	"ACAD8"	chr11	+	134259607	134261179	134259607	134259745	134261043	134261179	3899	103,52,106	60,38,55	20,23,29	35,39,34	1397	99	1.1554571967e-06	3.59984681799e-05	0.108,0.088,0.12	0.039,0.04,0.057	0.06
5376	"ALS2CL"	"ALS2CL"	chr3	-	46674565	46675976	46674565	46674739	46675617	46675976	5376	17,13,23	1,0,1	18,15,12	11,6,4	977	99	1.32741350289e-06	4.10023282004e-05	0.633,1.0,0.7	0.142,0.202,0.233	0.585
1878	"GALK1"	"GALK1"	chr17	-	75762703	75763439	75762703	75762885	75763319	75763439	1878	17,11,18	3,3,2	33,18,25	0,0,1	533	99	1.46191425832e-06	4.4774221437e-05	0.513,0.405,0.626	1.0,1.0,0.823	-0.426
2951	"RPS7"	"RPS7"	chr2	+	3575324	3575684	3575324	3575448	3575591	3575684	2951	72,38,52	107,45,80	35,20,23	91,86,85	242	99	1.55358135456e-06	4.71818740788e-05	0.216,0.257,0.21	0.136,0.087,0.1	0.12
4802	"STX4"	"STX4"	chr16	+	31034225	31034536	31034225	31034325	31034461	31034536	4802	30,14,29	57,43,64	14,5,8	69,50,77	235	99	1.58851073717e-06	4.78406483678e-05	0.181,0.121,0.16	0.079,0.04,0.042	0.1
5807	"AACS"	"AACS"	chr12	+	125124704	125125024	125124704	125124769	125124901	125125024	5807	6,9,8	38,19,40	3,0,1	53,33,47	231	99	1.70672968347e-06	5.09762072402e-05	0.063,0.169,0.079	0.024,0.0,0.009	0.093
1287	"CIRBP"	"CIRBP"	chr19	+	1270927	1271467	1270927	1271036	1271328	1271467	1287	85,43,65	7,1,6	20,14,37	0,0,0	391	99	1.73183718521e-06	5.13021277652e-05	0.755,0.916,0.733	1.0,1.0,1.0	-0.199
452	"RPL10"	"RPL10"	chrX	+	154399337	154399594	154399337	154399396	154399486	154399594	452	198,124,196	3011,1771,2642	152,77,114	2908,2482,2735	189	99	2.1206870684e-06	6.21951994386e-05	0.033,0.035,0.037	0.027,0.016,0.021	0.014
970	"CUL9"	"CUL9"	chr6	+	43196068	43196862	43196068	43196265	43196644	43196862	970	15,7,17	40,31,27	2,0,0	21,12,13	478	99	2.15118979796e-06	6.21951994386e-05	0.072,0.045,0.115	0.019,0.0,0.0	0.071
1487	"CIZ1"	"CIZ1"	chr9	-	128178708	128179415	128178708	128178904	128179072	128179415	1487	548,293,513	53,25,35	254,177,175	39,32,44	267	99	2.14570353541e-06	6.21951994386e-05	0.793,0.813,0.845	0.707,0.672,0.596	0.159
1439	"JMJD7-PLA2G4B"	"JMJD7-PLA2G4B"	chr15	+	41836474	41836940	41836474	41836551	41836780	41836940	1439	19,10,10	24,9,16	2,3,2	17,14,21	328	99	2.24607498844e-06	6.34165235017e-05	0.193,0.251,0.159	0.034,0.061,0.028	0.16
3867	"AP1G2"	"AP1G2"	chr14	-	23565605	23566160	23565605	23565701	23566063	23566160	3867	57,39,64	14,7,18	41,28,40	0,3,0	461	99	2.23609109284e-06	6.34165235017e-05	0.466,0.545,0.433	1.0,0.667,1.0	-0.408
6201	"ITGB1BP1"	"ITGB1BP1"	chr2	-	9406660	9407598	9406660	9406905	9407448	9407598	6201	116,56,75	158,85,127	47,45,42	145,130,137	642	99	2.22983209486e-06	6.34165235017e-05	0.102,0.092,0.083	0.048,0.051,0.045	0.044
3332	"RBMX"	"RBMX"	chrX	-	136872267	136875168	136872267	136872345	136875085	136875168	3332	2618,1519,2529	18,4,16	3686,2969,3362	7,2,5	2839	99	2.48376478962e-06	6.95839220906e-05	0.835,0.93,0.846	0.948,0.981,0.959	-0.092
2713	"BCS1L"	"BCS1L"	chr2	+	218662196	218662679	218662196	218662260	218662514	218662679	2713	20,15,19	4,5,6	14,8,8	1,0,0	353	99	2.761736972e-06	7.67762878216e-05	0.584,0.457,0.47	0.797,1.0,1.0	-0.429
4262	"GORASP1"	"GORASP1"	chr3	-	39100304	39100877	39100304	39100503	39100787	39100877	4262	48,24,63	3,3,4	24,27,51	0,0,0	383	99	2.93701410181e-06	8.1025717282e-05	0.805,0.674,0.803	1.0,1.0,1.0	-0.239
1478	"GCDH"	"GCDH"	chr19	+	12891486	12891974	12891486	12891522	12891830	12891974	1478	50,46,65	108,81,109	15,18,10	82,69,46	407	99	3.93878097227e-06	0.000107839048741	0.101,0.121,0.127	0.043,0.06,0.05	0.065
5	"SLC44A2"	"SLC44A2"	chr19	+	10635162	10635515	10635162	10635255	10635430	10635515	5	150,89,173	1511,866,1847	80,56,60	1310,1022,1136	274	99	4.43396147443e-06	0.000119841831648	0.035,0.036,0.033	0.022,0.019,0.019	0.015
6402	"ZNF226"	"ZNF226"	chr19	+	44165587	44165807	44165587	44165613	44165756	44165807	6402	32,10,22	6,0,4	4,6,4	0,0,0	242	99	4.44349901518e-06	0.000119841831648	0.686,1.0,0.692	1.0,1.0,1.0	-0.207
6681	"C14orf93"	"C14orf93"	chr14	-	22998426	22999156	22998426	22998741	22999053	22999156	6681	39,26,43	10,3,10	50,31,27	3,0,0	411	99	4.61375344063e-06	0.000123511888403	0.484,0.676,0.509	0.801,1.0,1.0	-0.377
3868	"AP1G2"	"AP1G2"	chr14	-	23565815	23566160	23565815	23565892	23566063	23566160	3868	53,29,55	52,23,44	33,24,32	75,40,74	270	99	4.65544854344e-06	0.000123711698794	0.272,0.316,0.314	0.139,0.18,0.137	0.149
3925	"BRAT1"	"BRAT1"	chr7	-	2542119	2543962	2542119	2542211	2543203	2543962	3925	22,10,28	256,116,230	37,19,24	118,72,114	1091	99	5.20483802213e-06	0.000137301347533	0.008,0.008,0.011	0.028,0.023,0.019	-0.014
2231	"ATXN2L"	"ATXN2L"	chr16	+	28835932	28837237	28835932	28836122	28836727	28837237	2231	273,178,311	55,35,75	180,139,176	12,9,20	704	99	5.90691937841e-06	0.000154692801693	0.411,0.417,0.368	0.678,0.685,0.553	-0.24
5397	"PIH1D1"	"PIH1D1"	chr19	-	49447826	49448010	49447826	49447908	49448000	49448010	5397	16,19,24	139,102,170	5,5,8	161,108,134	191	99	6.1795763463e-06	0.000159521349397	0.056,0.088,0.068	0.016,0.023,0.03	0.048
6017	"BAX"	"BAX"	chr19	+	48960809	48961798	48960809	48960914	48961531	48961798	6017	175,92,181	42,32,32	222,135,196	21,13,16	716	99	6.14411506028e-06	0.000159521349397	0.366,0.284,0.439	0.594,0.589,0.629	-0.241
2	"EXOC7"	"EXOC7"	chr17	-	76087653	76088562	76087653	76087720	76088463	76088562	2	36,34,55	4,4,6	26,16,24	0,1,0	842	99	6.53033516329e-06	0.000167380363689	0.514,0.5,0.519	1.0,0.653,1.0	-0.373
6297	"EMD"	"EMD"	chrX	+	154379941	154380367	154379941	154380019	154380233	154380367	6297	101,40,97	527,272,502	37,25,36	372,317,358	313	99	6.92397074153e-06	0.000176219931408	0.057,0.044,0.058	0.03,0.024,0.031	0.025
5909	"ORMDL1"	"ORMDL1"	chr2	-	189782421	189783123	189782421	189782602	189783013	189783123	5909	82,54,91	81,34,62	33,28,20	59,39,45	510	99	6.97586556897e-06	0.000176299148016	0.164,0.236,0.222	0.098,0.122,0.079	0.108
5560	"SLC38A7"	"SLC38A7"	chr16	-	58675939	58676346	58675939	58676022	58676288	58676346	5560	40,20,26	6,1,1	9,17,12	0,0,0	365	99	7.44060439029e-06	0.000186738501851	0.644,0.844,0.876	1.0,1.0,1.0	-0.212
5079	"PPFIBP2"	"PPFIBP2"	chr11	+	7653023	7653756	7653023	7653200	7653501	7653756	5079	24,10,23	2,1,4	6,7,9	0,0,0	400	99	7.74865062403e-06	0.000193128436933	0.748,0.712,0.587	1.0,1.0,1.0	-0.318
2873	"PRKCQ-AS1"	"PRKCQ-AS1"	chr10	+	6583804	6584195	6583804	6583918	6584117	6584195	2873	10,20,20	6,4,7	10,5,8	0,1,0	298	99	7.95477715276e-06	0.000196907976918	0.356,0.624,0.487	1.0,0.624,1.0	-0.386
5379	"TSPAN31"	"TSPAN31"	chr12	+	57746175	57746720	57746175	57746256	57746588	57746720	5379	18,3,19	29,3,24	11,13,12	3,2,1	431	99	9.03394841711e-06	0.000222099929112	0.125,0.187,0.154	0.457,0.599,0.734	-0.441
3418	"FLII"	"FLII"	chr17	-	18245353	18245660	18245353	18245419	18245554	18245660	3418	11,8,22	132,104,143	8,1,2	170,88,136	234	99	9.42552228278e-06	0.000227304855181	0.034,0.032,0.061	0.02,0.005,0.006	0.032
3595	"HNRNPH1"	"HNRNPH1"	chr5	-	179617798	179618060	179617798	179617932	179617988	179618060	3595	60,45,75	1383,738,1434	108,94,118	1381,1034,1195	155	99	9.40073925482e-06	0.000227304855181	0.027,0.037,0.032	0.048,0.055,0.059	-0.022
5876	"IQCC"	"IQCC"	chr1	+	32206153	32206761	32206153	32206297	32206508	32206761	5876	24,19,22	61,37,71	28,8,12	9,5,11	310	99	9.43434650724e-06	0.000227304855181	0.112,0.141,0.09	0.498,0.338,0.258	-0.25
1290	"CIRBP"	"CIRBP"	chr19	+	1271980	1273172	1271980	1272051	1272426	1273172	1290	88,42,86	88,65,64	28,23,20	63,44,59	474	99	9.88960918513e-06	0.000236695679437	0.173,0.119,0.219	0.085,0.098,0.066	0.087
2679	"DMKN"	"DMKN"	chr19	-	35510183	35510510	35510183	35510252	35510378	35510510	2679	307,148,315	264,148,235	243,246,265	138,96,138	225	99	9.99488312825e-06	0.000237641497536	0.338,0.306,0.371	0.437,0.53,0.458	-0.137
4319	"MARS"	"MARS"	chr12	+	57516244	57516655	57516244	57516337	57516434	57516655	4319	26,26,33	581,310,486	7,6,1	233,213,238	196	99	1.10891577215e-05	0.000261936052324	0.022,0.041,0.033	0.015,0.014,0.002	0.022
2117	"GPAT4"	"GPAT4"	chr8	+	41598291	41599304	41598291	41598476	41599233	41599304	2117	852,455,913	11,12,9	377,309,384	0,3,0	856	99	1.17385053753e-05	0.000275473756015	0.9,0.814,0.921	1.0,0.923,1.0	-0.096
3647	"EIF4A1"	"EIF4A1"	chr17	+	7577826	7578244	7577826	7577916	7578164	7578244	3647	312,187,294	1015,580,1106	189,142,210	1096,847,914	347	99	1.22379009276e-05	0.000285340477112	0.081,0.084,0.07	0.047,0.046,0.062	0.027
2797	"TINAGL1"	"TINAGL1"	chr1	+	31585439	31586755	31585439	31585485	31586709	31586755	2797	561,299,506	301,157,278	123,86,111	22,33,22	1323	99	1.26305367031e-05	0.000292607433622	0.122,0.125,0.12	0.295,0.163,0.274	-0.122
4850	"GALT"	"GALT"	chr9	+	34647088	34647961	34647088	34647258	34647831	34647961	4850	21,10,22	3,2,1	14,1,9	1,0,0	672	99	1.28856893097e-05	0.000296617077486	0.508,0.424,0.764	0.673,1.0,1.0	-0.326
4375	"ABHD17A"	"ABHD17A"	chr19	-	1877507	1880115	1877507	1877687	1879920	1880115	4375	215,125,204	22,7,26	94,71,81	39,13,20	2332	99	1.3750862313e-05	0.000314529217716	0.293,0.431,0.25	0.093,0.188,0.147	0.182
5323	"HNRNPM"	"HNRNPM"	chr19	+	8465323	8465515	8465323	8465362	8465479	8465515	5323	338,195,308	116,77,128	517,393,524	322,276,294	216	99	1.38880877577e-05	0.00031567012048	0.572,0.537,0.524	0.424,0.395,0.45	0.121
4895	"ANO9"	"ANO9"	chr11	-	431693	431906	431693	431767	431847	431906	4895	3,3,4	2,1,5	0,0,1	1,2,5	179	99	1.66673175975e-05	0.000376473036234	0.453,0.624,0.307	0.0,0.0,0.1	0.428
4291	"CHTF18"	"CHTF18"	chr16	+	788930	789360	788930	789125	789209	789360	4291	4,7,3	10,7,10	0,1,0	2,6,12	183	99	1.71803483612e-05	0.000385650801102	0.178,0.351,0.14	0.0,0.083,0.0	0.195
3105	"KRTCAP2"	"KRTCAP2"	chr1	-	155172564	155172892	155172564	155172628	155172737	155172892	3105	54,27,48	313,174,287	13,16,13	194,172,204	208	99	1.74608737584e-05	0.000389528381252	0.076,0.069,0.074	0.031,0.042,0.029	0.039
3261	"ERCC2"	"ERCC2"	chr19	-	45368929	45369147	45368929	45368992	45369069	45369147	3261	4,2,7	21,18,22	1,0,0	32,24,34	176	99	1.90710456534e-05	0.000422531642456	0.097,0.059,0.152	0.017,0.0,0.0	0.097
3807	"STXBP2"	"STXBP2"	chr19	+	7647161	7647511	7647161	7647247	7647353	7647511	3807	12,4,9	23,8,27	3,1,2	27,17,34	205	99	1.91740977761e-05	0.000422531642456	0.201,0.194,0.139	0.051,0.028,0.028	0.142
5486	"PHKG2"	"PHKG2"	chr16	+	30751105	30751603	30751105	30751281	30751548	30751603	5486	44,24,59	45,20,36	17,11,12	34,19,35	366	99	1.96011042715e-05	0.000429323580832	0.209,0.245,0.307	0.119,0.135,0.085	0.141
6473	"PFKL"	"PFKL"	chr21	+	44319350	44320147	44319350	44319415	44320083	44320147	6473	72,40,52	200,114,144	39,22,32	205,141,175	767	99	2.05056409709e-05	0.000444146911014	0.044,0.043,0.045	0.024,0.02,0.023	0.022
6770	"DCXR"	"DCXR"	chr17	-	82036190	82036643	82036190	82036308	82036543	82036643	6770	83,34,81	2,2,7	34,21,34	0,0,0	334	99	2.05236674431e-05	0.000444146911014	0.925,0.834,0.774	1.0,1.0,1.0	-0.156
2527	"MUTYH"	"MUTYH"	chr1	-	45332762	45333170	45332762	45332834	45333096	45333170	2527	17,11,18	3,2,5	10,7,10	0,0,1	361	99	2.11008015482e-05	0.000453918433305	0.608,0.601,0.497	1.0,1.0,0.733	-0.342
781	"CEP350"	"CEP350"	chr1	+	180110996	180113380	180110996	180111195	180112436	180113380	781	199,107,176	15,4,7	192,139,191	2,1,2	1340	99	2.14392077359e-05	0.000457676692694	0.495,0.664,0.65	0.876,0.911,0.876	-0.285
6735	"NECAB3"	"NECAB3"	chr20	-	33659884	33660395	33659884	33660058	33660258	33660395	6735	18,10,25	3,2,2	11,11,6	0,0,0	299	99	2.15287874261e-05	0.000457676692694	0.665,0.623,0.805	1.0,1.0,1.0	-0.302
385	"PRPF40B"	"PRPF40B"	chr12	+	49642234	49642675	49642234	49642372	49642579	49642675	385	11,6,11	3,5,4	2,2,2	6,7,9	306	99	2.17400460057e-05	0.000459465065875	0.543,0.28,0.471	0.097,0.085,0.067	0.348
2563	"ZNF248"	"ZNF248"	chr10	-	37828764	37833116	37828764	37831312	37833024	37833116	2563	35,26,37	8,13,4	68,59,66	1,1,4	1811	99	2.22913026987e-05	0.000468376557867	0.193,0.099,0.336	0.788,0.763,0.474	-0.466
2420	"HDAC10"	"HDAC10"	chr22	-	50248224	50248472	50248224	50248292	50248365	50248472	2420	14,7,10	26,2,33	0,2,1	12,9,20	172	99	2.26125722208e-05	0.000472380554948	0.237,0.668,0.149	0.0,0.113,0.028	0.304
4028	"ANKRD13D"	"ANKRD13D"	chr11	+	67290077	67290446	67290077	67290213	67290321	67290446	4028	29,7,13	86,41,102	5,0,2	44,41,44	207	99	2.43525561882e-05	0.000505805391173	0.139,0.075,0.057	0.052,0.0,0.021	0.066
5098	"AMDHD2"	"AMDHD2"	chr16	+	2528451	2528718	2528451	2528559	2528649	2528718	5098	40,17,22	12,8,12	8,3,7	11,12,11	189	99	2.58154294984e-05	0.000533125498327	0.636,0.527,0.49	0.276,0.116,0.25	0.337
1915	"ANK3"	"ANK3"	chr10	-	60059339	60060006	60059339	60059430	60059697	60060006	1915	26,12,11	86,53,65	25,17,20	32,23,39	366	99	2.91836169981e-05	0.000599259044495	0.076,0.058,0.044	0.174,0.167,0.122	-0.095
5553	"ERBB3"	"ERBB3"	chr12	+	56094098	56094556	56094098	56094189	56094401	56094556	5553	4,0,5	80,38,63	5,6,4	16,11,14	311	99	3.06377343947e-05	0.000625563684195	0.016,0.0,0.025	0.09,0.148,0.083	-0.093
2421	"HDAC10"	"HDAC10"	chr22	-	50250770	50251385	50250770	50250905	50250973	50251385	2421	6,4,1	6,0,7	0,0,0	3,1,3	167	99	3.15609808643e-05	0.000640794296874	0.372,1.0,0.078	0.0,0.0,0.0	0.483
2095	"SLC35A5"	"SLC35A5"	chr3	+	112580545	112581326	112580545	112580706	112581244	112581326	2095	400,225,421	8,2,4	309,287,288	0,0,0	637	99	3.23338293113e-05	0.000650937741692	0.886,0.946,0.942	1.0,1.0,1.0	-0.075
3375	"ILKAP"	"ILKAP"	chr2	-	238194274	238194870	238194274	238194331	238194804	238194870	3375	18,5,10	54,36,44	4,4,5	81,61,68	572	99	3.24208061717e-05	0.000650937741692	0.055,0.023,0.038	0.008,0.011,0.013	0.028
2460	"CYP1A1"	"CYP1A1"	chr15	-	74722272	74723123	74722272	74722341	74722534	74723123	2460	60,42,53	9,0,9	12,30,29	1,0,0	292	99	3.44413125126e-05	0.000686221110435	0.693,1.0,0.666	0.803,1.0,1.0	-0.148
5581	"PCNXL2"	"PCNXL2"	chr1	-	233217898	233218184	233217898	233217931	233218030	233218184	5581	29,13,18	24,28,23	4,4,2	12,25,17	198	99	3.45578976478e-05	0.000686221110435	0.377,0.188,0.281	0.143,0.074,0.056	0.191
5532	"CARD9"	"CARD9"	chr9	-	136364482	136365217	136364482	136364559	136365140	136365217	5532	26,5,12	10,6,7	6,2,6	0,0,1	680	99	3.56563992687e-05	0.000704165174629	0.275,0.108,0.2	1.0,1.0,0.466	-0.628
5479	"GTPBP2"	"GTPBP2"	chr6	-	43624887	43625560	43624887	43625062	43625362	43625560	5479	130,73,94	200,125,182	65,37,53	52,40,42	399	99	3.68896292111e-05	0.000724560434614	0.139,0.127,0.114	0.237,0.187,0.238	-0.094
1117	"ZSWIM8"	"ZSWIM8"	chr10	+	73800639	73801195	73800639	73800759	73801016	73801195	1117	7,4,2	53,27,34	11,7,3	7,6,15	356	99	4.2780082439e-05	0.000835714691538	0.035,0.04,0.016	0.304,0.245,0.053	-0.17
2885	"DCLRE1B"	"DCLRE1B"	chr1	+	113911130	113914086	113911130	113911838	113912131	113914086	2885	484,248,472	14,11,10	161,144,137	2,0,1	392	99	4.32178180042e-05	0.000839726850899	0.897,0.851,0.923	0.953,1.0,0.972	-0.085
1027	"HARS2"	"HARS2"	chr5	+	140693490	140693665	140693490	140693508	140693590	140693665	1027	7,7,13	0,0,0	3,1,3	2,4,0	181	99	4.38411914452e-05	0.000847283774775	1.0,1.0,1.0	0.451,0.12,1.0	0.476
127	"GALE"	"GALE"	chr1	-	23796508	23796782	23796508	23796586	23796696	23796782	127	47,25,33	100,53,99	16,25,12	111,84,91	209	99	4.66578919921e-05	0.000896923519465	0.182,0.183,0.136	0.064,0.124,0.059	0.085
4514	"IMP4"	"IMP4"	chr2	+	130342893	130343194	130342893	130342935	130343085	130343194	4514	62,36,46	163,90,154	65,37,81	112,64,84	249	99	5.15552442458e-05	0.000985823559282	0.131,0.137,0.106	0.187,0.187,0.277	-0.092
1062	"NDEL1"	"NDEL1"	chr17	+	8443926	8444357	8443926	8444176	8444259	8444357	1062	9,2,5	6,3,6	2,2,1	1,0,0	182	99	5.22737460193e-05	0.000994301674283	0.449,0.266,0.312	0.521,1.0,1.0	-0.498
1286	"CIRBP"	"CIRBP"	chr19	+	1271139	1271365	1271139	1271246	1271328	1271365	1286	39,22,42	225,147,206	6,6,21	143,135,149	181	99	5.32556648437e-05	0.00100767524997	0.087,0.076,0.1	0.022,0.024,0.072	0.048
4352	"JTB"	"JTB"	chr1	-	153976692	153977013	153976692	153976775	153976975	153977013	4352	139,80,114	604,383,610	63,39,47	475,329,406	299	99	5.61978448511e-05	0.00105780735048	0.071,0.065,0.058	0.042,0.038,0.037	0.026
1517	"SSFA2"	"SSFA2"	chr2	+	181915215	181918675	181915215	181916427	181918597	181918675	1517	309,136,200	37,19,44	96,82,121	31,27,40	2269	99	5.73376416259e-05	0.0010626576248	0.267,0.238,0.166	0.119,0.117,0.117	0.106
1966	"WDR73"	"WDR73"	chr15	-	84645470	84646348	84645470	84645836	84646183	84646348	1966	36,30,32	59,46,62	33,18,11	12,6,10	446	99	5.73174898667e-05	0.0010626576248	0.119,0.126,0.103	0.379,0.4,0.196	-0.209
5922	"GNPTG"	"GNPTG"	chr16	+	1362205	1362534	1362205	1362320	1362451	1362534	5922	9,7,4	44,17,43	1,0,2	45,18,32	230	99	5.68032282496e-05	0.0010626576248	0.081,0.151,0.038	0.009,0.0,0.026	0.078
2416	"IDH3G"	"IDH3G"	chrX	-	153785765	153786272	153785765	153785973	153786211	153786272	2416	55,27,68	80,33,69	35,23,31	75,69,81	337	99	6.00553569977e-05	0.00110734724587	0.168,0.194,0.225	0.121,0.089,0.101	0.092
710	"ZWINT"	"ZWINT"	chr10	-	56359686	56360383	56359686	56359853	56360017	56360383	710	38,16,36	440,223,348	22,11,9	391,305,354	263	99	6.13474770401e-05	0.0011254303656	0.031,0.026,0.037	0.021,0.013,0.009	0.017
5774	"C5orf45"	"C5orf45"	chr5	-	179837275	179840959	179837275	179837885	179840871	179840959	5774	321,176,249	98,54,98	170,104,151	28,23,21	3085	99	6.58095834994e-05	0.00120119108468	0.095,0.095,0.075	0.163,0.127,0.187	-0.071
117	"ZSCAN2"	"ZSCAN2"	chr15	+	84620601	84622714	84620601	84620772	84622645	84622714	117	158,96,125	3,0,4	49,35,67	0,0,1	1972	99	6.93229540049e-05	0.00125896058178	0.726,1.0,0.611	1.0,1.0,0.771	-0.145
6182	"NR1H3"	"NR1H3"	chr11	+	47261546	47262018	47261546	47261726	47261918	47262018	6182	13,8,13	63,44,64	23,17,28	54,29,48	291	99	7.69120525687e-05	0.00138980078992	0.066,0.058,0.065	0.127,0.166,0.166	-0.09
417	"LPO"	"LPO"	chr17	+	58242977	58244081	58242977	58243055	58243993	58244081	417	21,7,33	2,1,2	1,1,2	0,0,0	1037	99	7.8216586119e-05	0.00140634200116	0.501,0.401,0.612	1.0,1.0,1.0	-0.495
6678	"DCTN2"	"DCTN2"	chr12	-	57532983	57533303	57532983	57533022	57533237	57533303	6678	27,5,10	116,74,117	7,5,8	190,120,133	314	99	7.99099884634e-05	0.00142967672429	0.068,0.021,0.026	0.011,0.013,0.019	0.024
1617	"COG4"	"COG4"	chr16	-	70508405	70509388	70508405	70508464	70509230	70509388	1617	38,28,49	19,12,19	24,19,18	25,27,19	865	99	8.04900526576e-05	0.00143296083894	0.186,0.211,0.228	0.099,0.075,0.098	0.118
309	"SLU7"	"SLU7"	chr5	-	160418595	160419081	160418595	160418685	160419022	160419081	309	12,3,10	9,3,5	26,19,21	4,0,2	436	99	8.38323310282e-05	0.00147890184366	0.232,0.185,0.312	0.596,1.0,0.705	-0.524
1850	"NKTR"	"NKTR"	chr3	+	42627199	42630575	42627199	42627227	42630545	42630575	1850	181,91,165	0,1,0	112,61,99	2,1,2	3417	99	8.38890088407e-05	0.00147890184366	1.0,0.725,1.0	0.619,0.639,0.589	0.293
2425	"FXR1"	"FXR1"	chr3	+	180962882	180963090	180962882	180962940	180963027	180963090	2425	115,62,100	142,90,177	85,71,101	242,172,230	186	99	8.80194128535e-05	0.00154418523326	0.301,0.268,0.231	0.158,0.18,0.189	0.091
5775	"C5orf45"	"C5orf45"	chr5	-	179853196	179853437	179853196	179853276	179853377	179853437	5775	13,14,12	1,6,10	5,3,2	0,1,0	200	99	8.97269947201e-05	0.00155283311388	0.866,0.536,0.373	1.0,0.598,1.0	-0.274
5943	"ATG4D"	"ATG4D"	chr19	+	10546838	10547253	10546838	10547075	10547188	10547253	5943	84,43,80	4,1,9	31,25,54	0,1,0	212	99	8.98013615943e-05	0.00155283311388	0.907,0.953,0.806	1.0,0.921,1.0	-0.085
6233	"DNHD1"	"DNHD1"	chr11	+	6570008	6571423	6570008	6570396	6570617	6571423	6233	3,3,2	1,0,0	6,1,0	0,4,1	320	99	8.9430770305e-05	0.00155283311388	0.481,1.0,1.0	1.0,0.072,0.0	0.47
5460	"COX7C"	"COX7C"	chr5	+	86619352	86619878	86619352	86619496	86619738	86619878	5460	3,3,3	1,2,1	5,1,3	0,0,1	341	99	9.25633680008e-05	0.0015929714855	0.466,0.303,0.466	1.0,1.0,0.466	-0.41
3700	"FDX1L"	"FDX1L"	chr19	-	10315385	10315759	10315385	10315492	10315704	10315759	3700	80,18,67	217,135,206	22,22,27	190,139,149	311	99	9.55820272077e-05	0.00163712533805	0.105,0.041,0.094	0.036,0.048,0.055	0.034
4618	"MBD6"	"MBD6"	chr12	+	57524028	57524416	57524028	57524092	57524279	57524416	4618	32,7,19	71,45,51	6,3,3	35,27,48	286	99	9.61549969682e-05	0.00163917056152	0.135,0.051,0.114	0.056,0.037,0.021	0.062
6192	"PCK2"	"PCK2"	chr14	+	24094310	24094845	24094310	24094434	24094765	24094845	6192	13,9,19	8,3,1	2,2,8	0,0,1	430	99	9.68046430666e-05	0.00164249755889	0.272,0.409,0.814	1.0,1.0,0.648	-0.384
2326	"PRMT5"	"PRMT5"	chr14	-	22928125	22928615	22928125	22928211	22928496	22928615	2326	37,29,26	204,130,213	18,10,11	184,148,179	384	99	9.7742265713e-05	0.0016506567677	0.045,0.054,0.031	0.025,0.017,0.016	0.024
6601	"C9orf142"	"C9orf142"	chr9	+	136992639	136993243	136992639	136992700	136993052	136993243	6601	204,98,227	8,1,5	123,73,83	0,1,0	451	99	0.000103496307669	0.00173970072519	0.848,0.956,0.909	1.0,0.941,1.0	-0.076
2020	"SAP30BP"	"SAP30BP"	chr17	+	75705610	75706092	75705610	75705693	75706007	75706092	2020	32,23,37	16,17,19	19,12,12	1,1,2	413	99	0.000104355261962	0.00174601813301	0.324,0.245,0.318	0.82,0.742,0.59	-0.422
126	"TRAPPC6B"	"TRAPPC6B"	chr14	-	39158284	39159550	39158284	39158402	39159482	39159550	126	24,4,20	14,13,27	2,3,6	22,10,15	1179	99	0.0001058518284	0.00176289634948	0.126,0.025,0.059	0.008,0.025,0.032	0.048
5444	"HERPUD2"	"HERPUD2"	chr7	-	35694183	35695135	35694183	35694627	35694800	35695135	5444	36,26,31	4,5,8	27,21,38	0,1,2	272	99	0.000108227840486	0.00179419915374	0.766,0.654,0.585	1.0,0.884,0.874	-0.251
4844	"ZBTB21"	"ZBTB21"	chr21	-	41986830	41994108	41986830	41991889	41992492	41994108	4844	512,258,445	49,24,49	216,167,173	7,6,10	702	99	0.000114006604211	0.00188136925853	0.596,0.603,0.562	0.813,0.797,0.709	-0.186
6214	"TSPAN17"	"TSPAN17"	chr5	+	176652742	176655020	176652742	176652913	176654894	176655020	6214	89,57,115	257,153,260	52,25,44	214,155,179	2080	99	0.000115865403582	0.0019033525843	0.016,0.017,0.021	0.011,0.008,0.012	0.008
4439	"FUS"	"FUS"	chr16	+	31184938	31188357	31184938	31185179	31188324	31188357	4439	718,435,664	0,2,2	454,385,419	4,5,6	3244	99	0.000117161202903	0.00191593025924	1.0,0.869,0.91	0.776,0.701,0.681	0.207
1728	"LRCH4"	"LRCH4"	chr7	-	100577085	100577389	100577085	100577154	100577272	100577389	1728	18,10,12	35,23,53	4,1,4	30,23,36	217	99	0.000124388559184	0.0020249560941	0.19,0.166,0.094	0.057,0.019,0.048	0.109
1268	"ILK"	"ILK"	chr11	+	6608883	6609408	6608883	6608967	6609298	6609408	1268	21,16,19	4,1,1	6,9,6	0,0,0	430	99	0.000127703735741	0.00206747009076	0.547,0.786,0.814	1.0,1.0,1.0	-0.284
2162	"RANGRF"	"RANGRF"	chr17	+	8289257	8290092	8289257	8289414	8289812	8290092	2162	258,162,325	5,2,8	46,45,56	0,0,0	497	99	0.000128144244696	0.00206747009076	0.911,0.942,0.89	1.0,1.0,1.0	-0.086
6323	"ARL6IP4"	"ARL6IP4"	chr12	+	122982468	122982908	122982468	122982538	122982619	122982908	6323	34,30,34	293,163,303	13,15,10	217,199,212	180	99	0.000129665547618	0.00208271684041	0.06,0.092,0.058	0.032,0.04,0.025	0.038
6682	"POLR2I"	"POLR2I"	chr19	-	36114338	36114713	36114338	36114412	36114658	36114713	6682	116,49,102	377,198,411	21,27,35	195,161,194	345	99	0.000132217367802	0.00211430781963	0.081,0.066,0.066	0.03,0.046,0.049	0.029
4197	"NPRL2"	"NPRL2"	chr3	-	50347758	50348241	50347758	50347901	50348123	50348241	4197	9,2,9	35,22,37	1,0,2	27,32,26	321	99	0.000135221088683	0.00215281504185	0.073,0.027,0.07	0.011,0.0,0.023	0.045
2129	"TSPYL2"	"TSPYL2"	chrX	+	53084531	53084866	53084531	53084622	53084754	53084866	2129	13,13,18	51,25,45	2,3,4	34,25,26	231	99	0.000136720318959	0.0021671369856	0.098,0.182,0.146	0.025,0.049,0.062	0.097
1460	"WDR83"	"WDR83"	chr19	+	12669754	12670080	12669754	12669893	12669976	12670080	1460	172,110,164	18,17,24	42,17,28	14,10,10	182	99	0.00014436192064	0.00226836513562	0.839,0.779,0.788	0.62,0.48,0.604	0.234
1871	"HMBS"	"HMBS"	chr11	+	119088634	119089131	119088634	119088848	119089081	119089131	1871	6,2,6	2,1,4	7,1,3	0,1,0	332	99	0.000143756487846	0.00226836513562	0.472,0.374,0.309	1.0,0.23,1.0	-0.358
3473	"HLA-A"	"HLA-A"	chr6	+	29944499	29945091	29944499	29944616	29945058	29945091	3473	11,4,17	2,1,2	9,1,15	0,0,1	541	99	0.000146617853681	0.00229383949439	0.502,0.423,0.609	1.0,1.0,0.733	-0.4
4091	"AUP1"	"AUP1"	chr2	-	74529131	74529499	74529131	74529282	74529361	74529499	4091	167,72,109	587,309,583	56,55,51	450,314,373	178	99	0.000153463977693	0.00239059834217	0.137,0.115,0.094	0.065,0.089,0.071	0.04
6300	"COMMD3"	"COMMD3"	chr10	+	22318271	22318713	22318271	22318306	22318652	22318713	6300	17,8,20	36,26,42	12,3,3	37,39,50	445	99	0.00016144620489	0.00250414843121	0.095,0.064,0.096	0.067,0.017,0.013	0.053
3221	"CDK5RAP3"	"CDK5RAP3"	chr17	+	47971121	47971407	47971121	47971152	47971361	47971407	3221	31,15,20	43,29,38	10,2,6	35,27,23	308	99	0.000163486139648	0.00252495260123	0.188,0.143,0.145	0.084,0.023,0.077	0.097
4636	"LRRC57"	"LRRC57"	chr15	-	42547260	42548244	42547260	42547529	42548105	42548244	4636	14,5,17	59,24,37	2,1,3	19,28,31	675	99	0.000172964162179	0.002659968009	0.034,0.03,0.063	0.015,0.005,0.014	0.031
712	"ZWINT"	"ZWINT"	chr10	-	56360017	56360383	56360017	56360141	56360292	56360383	712	37,20,36	245,157,217	25,12,13	263,187,239	250	99	0.000182642770632	0.00278736690072	0.056,0.048,0.062	0.036,0.025,0.021	0.028
1417	"MAN2B1"	"MAN2B1"	chr19	-	12655693	12656687	12655693	12655879	12656570	12656687	1417	61,35,63	108,67,104	29,9,15	76,36,77	790	99	0.000182790801182	0.00278736690072	0.066,0.061,0.071	0.046,0.03,0.024	0.033
5292	"NUDT17"	"NUDT17"	chr1	+	145846432	145846690	145846432	145846458	145846597	145846690	5292	8,2,15	3,0,3	3,2,1	0,0,0	238	99	0.000187170900246	0.00283700669722	0.526,1.0,0.675	1.0,1.0,1.0	-0.266
5423	"RSRP1"	"RSRP1"	chr1	-	25242248	25242705	25242248	25242426	25242538	25242705	5423	96,44,76	0,0,0	28,33,39	3,5,0	211	99	0.000187616104216	0.00283700669722	1.0,1.0,1.0	0.814,0.756,1.0	0.143
2204	"GAS5"	"GAS5"	chr1	-	173864256	173864704	173864256	173864304	173864674	173864704	2204	422,209,363	44,27,32	442,421,411	20,18,29	469	99	0.00019243921794	0.00287984654311	0.669,0.62,0.705	0.823,0.832,0.749	-0.137
4235	"RTEL1-TNFRSF6B"	"RTEL1-TNFRSF6B"	chr20	+	63689749	63690210	63689749	63689865	63690086	63690210	4235	4,9,1	19,6,23	0,0,0	18,7,2	320	99	0.000191924049737	0.00287984654311	0.061,0.317,0.013	0.0,0.0,0.0	0.13
5053	"TJAP1"	"TJAP1"	chr6	+	43503622	43506553	43503622	43503706	43504760	43506553	5053	70,36,66	125,74,143	37,29,26	33,25,27	1153	99	0.000192839751918	0.00287984654311	0.046,0.04,0.038	0.088,0.091,0.076	-0.044
394	"MOK"	"MOK"	chr14	-	102232534	102233789	102232534	102232708	102233687	102233789	394	47,32,52	71,54,91	33,32,30	24,21,25	1078	99	0.000195959478691	0.00289060226934	0.057,0.052,0.05	0.112,0.123,0.099	-0.058
3844	"SPINT2"	"SPINT2"	chr19	+	38290536	38292468	38290536	38290575	38291839	38292468	3844	536,287,559	1049,518,952	320,225,300	859,607,748	1363	99	0.000194767767136	0.00289060226934	0.036,0.039,0.041	0.026,0.026,0.028	0.012
4508	"B4GALNT3"	"B4GALNT3"	chr12	+	552466	553983	552466	552528	553193	553983	4508	12,7,22	3,3,5	26,11,14	0,2,0	764	99	0.000195568695469	0.00289060226934	0.341,0.232,0.363	1.0,0.416,1.0	-0.493
5252	"REV1"	"REV1"	chr2	-	99402243	99402800	99402243	99402346	99402643	99402800	5252	31,13,24	17,8,26	37,29,33	9,4,9	396	99	0.000203251075167	0.00298597311241	0.313,0.289,0.188	0.507,0.644,0.478	-0.28
4617	"CHCHD5"	"CHCHD5"	chr2	+	112585973	112586365	112585973	112586114	112586199	112586365	4617	5,5,5	46,17,51	0,1,0	37,32,19	184	99	0.000206999008765	0.00302872233877	0.055,0.137,0.05	0.0,0.017,0.0	0.075
5871	"POLR2G"	"POLR2G"	chr11	+	62761794	62762866	62761794	62761904	62762541	62762866	5871	62,25,57	50,32,37	58,55,50	10,10,28	736	99	0.000209443771751	0.00305213625447	0.143,0.095,0.172	0.438,0.425,0.194	-0.216
1475	"PSMB10"	"PSMB10"	chr16	-	67935962	67936312	67935962	67936103	67936214	67936312	1475	5,8,5	37,10,31	0,1,3	32,21,34	210	99	0.000212011115376	0.00307714124887	0.06,0.274,0.071	0.0,0.022,0.04	0.114
543	"PCYT2"	"PCYT2"	chr17	-	81906099	81906546	81906099	81906177	81906463	81906546	543	15,7,29	69,33,40	6,4,6	53,36,44	385	99	0.000213631405861	0.00308825560313	0.053,0.052,0.157	0.028,0.028,0.034	0.057
5328	"SNHG12"	"SNHG12"	chr1	-	28579532	28579981	28579532	28579587	28579941	28579981	5328	133,75,143	10,6,5	261,176,293	7,2,2	453	99	0.000216209675719	0.0031130747731	0.744,0.732,0.862	0.891,0.951,0.97	-0.158
6308	"NDUFV1"	"NDUFV1"	chr11	+	67610380	67611207	67610380	67610570	67610994	67611207	6308	78,42,51	335,190,330	28,20,21	230,183,222	523	99	0.000219062264826	0.00314163105191	0.042,0.04,0.028	0.023,0.02,0.018	0.016
2228	"ATXN2L"	"ATXN2L"	chr16	+	28835277	28835758	28835277	28835399	28835554	28835758	2228	12,6,15	1,0,8	10,12,5	1,0,0	254	99	0.000221191187641	0.00314718485092	0.824,1.0,0.422	0.796,1.0,1.0	-0.183
4362	"RAD23A"	"RAD23A"	chr19	+	12948685	12949159	12948685	12948813	12949080	12949159	4362	53,51,50	715,369,584	31,22,16	549,368,430	366	99	0.000220327692903	0.00314718485092	0.02,0.036,0.023	0.015,0.016,0.01	0.013
1666	"DDX39A"	"DDX39A"	chr19	-	14409741	14410334	14409741	14409981	14410215	14410334	1666	97,47,115	2,4,5	51,45,45	1,0,0	333	99	0.000222780796147	0.00315737175402	0.935,0.777,0.872	0.938,1.0,1.0	-0.118
642	"P2RX4"	"P2RX4"	chr12	+	121228724	121229099	121228724	121228866	121228962	121229099	642	10,3,7	30,9,36	3,0,1	33,14,22	195	99	0.000228541545139	0.00322636384427	0.145,0.145,0.09	0.044,0.0,0.023	0.104
3968	"SRSF4"	"SRSF4"	chr1	-	29159373	29160517	29159373	29159486	29160374	29160517	3968	35,21,26	172,96,172	3,5,1	104,77,97	987	99	0.000239213008832	0.00336387476233	0.02,0.021,0.015	0.003,0.006,0.001	0.015
1829	"EXOSC8"	"EXOSC8"	chr13	+	37002933	37004561	37002933	37003007	37004515	37004561	1829	188,116,188	264,119,254	55,53,65	131,115,115	1607	99	0.000243016667326	0.0034041171927	0.042,0.057,0.044	0.025,0.028,0.034	0.019
987	"CHCHD7"	"CHCHD7"	chr8	+	56211788	56214667	56211788	56211837	56214597	56214667	987	62,33,61	55,42,43	11,11,14	24,26,24	2859	99	0.000246181101031	0.00342191730433	0.038,0.026,0.047	0.016,0.014,0.02	0.02
6407	"RGL3"	"RGL3"	chr19	-	11416613	11417059	11416613	11416662	11416835	11417059	6407	13,5,13	4,0,2	21,16,6	0,0,0	272	99	0.000245286950763	0.00342191730433	0.542,1.0,0.703	1.0,1.0,1.0	-0.252
3101	"TMEM147"	"TMEM147"	chr19	+	35546671	35547240	35546671	35547029	35547118	35547240	3101	24,14,26	288,175,333	9,6,7	234,171,251	188	99	0.000263690295644	0.00365125183317	0.042,0.04,0.039	0.02,0.018,0.014	0.023
2645	"SMARCC2"	"SMARCC2"	chr12	-	56178403	56178847	56178403	56178534	56178809	56178847	2645	34,13,18	244,116,241	2,1,10	126,87,108	374	99	0.000266796772647	0.00368016616926	0.036,0.029,0.019	0.004,0.003,0.024	0.018
4345	"C1orf35"	"C1orf35"	chr1	-	228102309	228102560	228102309	228102382	228102477	228102560	4345	6,4,5	77,41,64	11,8,6	32,22,29	194	99	0.000268605975565	0.00369103420415	0.038,0.047,0.038	0.149,0.157,0.095	-0.093
18	"HSD17B4"	"HSD17B4"	chr5	+	119492099	119493946	119492099	119492124	119493817	119493946	18	49,26,33	111,52,84	27,20,22	114,87,117	1792	99	0.000276905617174	0.00377069320417	0.024,0.027,0.021	0.013,0.013,0.01	0.012
1206	"TMEM175"	"TMEM175"	chr4	+	948115	948615	948115	948154	948410	948615	1206	9,6,5	1,3,2	2,1,4	1,0,0	355	99	0.000277533036057	0.00377069320417	0.715,0.358,0.411	0.358,1.0,1.0	-0.291
2943	"NUBP2"	"NUBP2"	chr16	+	1786536	1787831	1786536	1786955	1787676	1787831	2943	37,19,40	73,38,56	9,18,10	60,35,51	820	99	0.00027630257415	0.00377069320417	0.058,0.057,0.079	0.018,0.058,0.023	0.032
521	"NUP85"	"NUP85"	chr17	+	75234636	75235201	75234636	75234788	75235099	75235201	521	47,20,41	114,79,141	18,17,19	119,89,131	410	99	0.000294896962419	0.00399160158121	0.091,0.058,0.066	0.035,0.044,0.034	0.034
1859	"SNHG1"	"SNHG1"	chr11	-	62853800	62854064	62853800	62853833	62854017	62854064	1859	123,62,112	335,169,309	168,119,142	269,209,277	283	99	0.000306889215001	0.00412561841014	0.114,0.114,0.113	0.179,0.166,0.152	-0.052
2637	"EP400NL"	"EP400NL"	chr12	+	132103996	132105304	132103996	132104170	132104566	132105304	2637	7,2,7	0,0,0	3,2,0	0,2,1	495	99	0.000309364302476	0.00412561841014	1.0,1.0,1.0	1.0,0.167,0.0	0.611
5419	"HCFC1R1"	"HCFC1R1"	chr16	-	3023232	3023968	3023232	3023530	3023846	3023968	5419	18,7,14	73,25,60	10,5,3	72,50,90	415	99	0.000308811145394	0.00412561841014	0.056,0.063,0.053	0.032,0.023,0.008	0.036
5528	"ZFPL1"	"ZFPL1"	chr11	+	65084241	65084800	65084241	65084360	65084690	65084800	5528	58,26,69	6,3,6	61,32,43	2,0,1	429	99	0.000307640487882	0.00412561841014	0.69,0.667,0.726	0.876,1.0,0.908	-0.234
3193	"LINC01089"	"LINC01089"	chr12	-	121795266	121796242	121795266	121795726	121796190	121796242	3193	13,8,20	2,1,2	8,18,7	0,0,1	563	99	0.000312113678517	0.00414698100794	0.533,0.585,0.637	1.0,1.0,0.552	-0.266
5128	"XPOT"	"XPOT"	chr12	+	64425037	64425457	64425037	64425138	64425337	64425457	5128	100,44,85	3,2,5	51,67,52	0,0,1	298	99	0.000364801944784	0.00482928288809	0.917,0.88,0.85	1.0,1.0,0.945	-0.099
2300	"THOC6"	"THOC6"	chr16	+	3025923	3026288	3025923	3026166	3026250	3026288	2300	9,5,13	64,27,61	4,2,2	39,60,62	183	99	0.000379320798576	0.00498496496747	0.071,0.091,0.103	0.053,0.018,0.017	0.059
4954	"SEC14L2"	"SEC14L2"	chr22	+	30415758	30416087	30415758	30415865	30415947	30416087	4954	5,4,10	89,52,86	4,1,1	125,78,135	181	99	0.000378678902083	0.00498496496747	0.03,0.04,0.06	0.017,0.007,0.004	0.034
2627	"PPP1R7"	"PPP1R7"	chr2	+	241182646	241183652	241182646	241182816	241183378	241183652	2627	89,57,92	1,0,0	136,128,115	4,0,5	661	99	0.000380737916885	0.00498545953486	0.93,1.0,1.0	0.836,1.0,0.775	0.106
