"ID"	"GeneID"	"geneSymbol"	"chr"	"strand"	"riExonStart_0base"	"riExonEnd"	"upstreamES"	"upstreamEE"	"downstreamES"	"downstreamEE"	"ID.1"	"IJC_SAMPLE_1"	"SJC_SAMPLE_1"	"IJC_SAMPLE_2"	"SJC_SAMPLE_2"	"IncFormLen"	"SkipFormLen"	"PValue"	"FDR"	"IncLevel1"	"IncLevel2"	"IncLevelDifference"
2807	"RPL13A"	"RPL13A"	chr19	+	49489849	49490297	49489849	49489912	49490231	49490297	2807	41,24,47	452,236,446	55,53,63	162,139,176	198	99	1.11022302463e-16	2.30665160176e-14	0.043,0.048,0.05	0.145,0.16,0.152	-0.105
1665	"DDX39A"	"DDX39A"	chr19	-	14409741	14410334	14409741	14409873	14410215	14410334	1665	86,48,96	254,152,254	38,42,34	399,273,365	198	99	5.99520433298e-15	1.17639231689e-12	0.145,0.136,0.159	0.045,0.071,0.045	0.093
1861	"SNHG1"	"SNHG1"	chr11	-	62854887	62855216	62854887	62854938	62855132	62855216	1861	28,22,31	255,149,268	35,42,41	90,72,77	198	99	7.21644966006e-15	1.34150001049e-12	0.052,0.069,0.055	0.163,0.226,0.21	-0.141
4969	"SLC25A39"	"SLC25A39"	chr17	-	44320195	44320436	44320195	44320276	44320354	44320436	4969	75,40,80	683,323,656	19,10,15	526,398,508	176	99	8.65973959208e-15	1.52931001196e-12	0.058,0.065,0.064	0.02,0.014,0.016	0.046
1270	"RNF126"	"RNF126"	chr19	-	648881	649748	648881	648975	649678	649748	1270	52,33,60	208,141,243	5,0,8	136,98,116	198	99	9.21485110439e-15	1.54985019527e-12	0.111,0.105,0.11	0.018,0.0,0.033	0.092
2935	"EIF4A2"	"EIF4A2"	chr3	+	186784563	186786051	186784563	186784696	186785882	186786051	2935	28,20,38	325,213,333	44,43,43	130,116,122	198	99	9.01501095996e-14	1.4473190323e-11	0.041,0.045,0.054	0.145,0.156,0.15	-0.104
136	"VPS28"	"VPS28"	chr8	-	144423600	144424132	144423600	144423922	144424040	144424132	136	362,197,393	103,63,73	95,51,49	71,48,64	198	99	3.3317792969e-13	5.11645412028e-11	0.637,0.61,0.729	0.401,0.347,0.277	0.317
6152	"AMT"	"AMT"	chr3	-	49419709	49420342	49419709	49419788	49420210	49420342	6152	1,2,7	0,0,1	0,0,0	1,1,1	198	99	3.84914322638e-13	5.66465578149e-11	1.0,1.0,0.778	0.0,0.0,0.0	0.926
5697	"SRRM1"	"SRRM1"	chr1	+	24646666	24649029	24646666	24646789	24648858	24649029	5697	24,14,23	121,64,94	4,3,9	189,144,157	198	99	9.14268660779e-13	1.29167876395e-10	0.09,0.099,0.109	0.01,0.01,0.028	0.083
142	"VPS28"	"VPS28"	chr8	-	144425682	144426208	144425682	144425772	144426025	144426208	142	51,49,83	332,217,348	10,9,10	190,170,202	198	99	2.14517292818e-12	2.91413491628e-10	0.071,0.101,0.107	0.026,0.026,0.024	0.068
1229	"NCK1"	"NCK1"	chr3	+	136945582	136946295	136945582	136945752	136946151	136946295	1229	267,163,253	125,62,117	116,106,158	19,12,8	198	99	2.40341080371e-12	3.14401739211e-10	0.516,0.568,0.52	0.753,0.815,0.908	-0.291
2912	"RPL8"	"RPL8"	chr8	-	144791276	144791495	144791276	144791307	144791370	144791495	2912	11529,6414,11531	0,0,0	10168,7609,8646	1,0,473	161	99	3.09563485956e-12	3.90492225856e-10	1.0,1.0,1.0	1.0,1.0,0.918	0.027
1090	"LRRC75A-AS1"	"LRRC75A-AS1"	chr17	+	16439036	16439414	16439036	16439060	16439326	16439414	1090	44,44,45	477,304,548	88,45,62	136,247,186	198	99	1.5290324562e-11	1.80233759769e-09	0.044,0.067,0.039	0.244,0.083,0.143	-0.107
2210	"GAS5"	"GAS5"	chr1	-	173865856	173866206	173865856	173865894	173866176	173866206	2210	44,30,38	1584,876,1563	73,43,61	774,769,789	198	99	1.5308643242e-11	1.80233759769e-09	0.014,0.017,0.012	0.045,0.027,0.037	-0.022
5094	"CDC37"	"CDC37"	chr19	-	10395227	10395543	10395227	10395343	10395434	10395543	5094	239,152,218	1111,694,1188	166,135,124	1520,1190,1465	189	99	4.90033569278e-11	5.46040875016e-09	0.101,0.103,0.088	0.054,0.056,0.042	0.047
5266	"MAT2A"	"MAT2A"	chr2	+	85542154	85542747	85542154	85542373	85542564	85542747	5266	52,23,42	4458,2598,4642	60,56,48	1253,1077,1307	198	99	4.9471426955e-11	5.46040875016e-09	0.006,0.004,0.005	0.023,0.025,0.018	-0.017
2544	"WRAP53"	"WRAP53"	chr17	+	7688476	7689079	7688476	7688561	7688647	7689079	2544	10,1,7	93,49,123	16,20,26	59,47,59	184	99	1.52780121887e-10	1.63521027426e-08	0.055,0.011,0.03	0.127,0.186,0.192	-0.136
2485	"CASC3"	"CASC3"	chr17	+	40163480	40164166	40163480	40163602	40163885	40164166	2485	417,216,361	14,18,15	227,134,177	0,0,0	198	99	2.08719930228e-10	2.16823174578e-08	0.937,0.857,0.923	1.0,1.0,1.0	-0.094
5497	"RBM25"	"RBM25"	chr14	+	73099666	73103478	73099666	73099750	73103191	73103478	5497	50,28,35	189,93,187	13,11,19	229,176,206	198	99	2.52235454745e-10	2.54541607474e-08	0.117,0.131,0.086	0.028,0.03,0.044	0.077
1589	"ASTE1"	"ASTE1"	chr3	-	131024004	131025331	131024004	131024238	131025163	131025331	1589	56,28,92	15,8,12	45,33,46	0,1,0	198	99	3.10621195432e-10	2.96517314126e-08	0.651,0.636,0.793	1.0,0.943,1.0	-0.288
3421	"FLII"	"FLII"	chr17	-	18245743	18246062	18245743	18245850	18245933	18246062	3421	12,29,15	220,101,180	4,0,2	196,119,147	181	99	3.08720271569e-10	2.96517314126e-08	0.029,0.136,0.044	0.011,0.0,0.007	0.064
1091	"LRRC75A-AS1"	"LRRC75A-AS1"	chr17	+	16439326	16439703	16439326	16439414	16439527	16439703	1091	27,17,27	471,608,1008	31,31,38	270,410,267	198	99	3.75862563295e-10	3.49354361463e-08	0.028,0.014,0.013	0.054,0.036,0.066	-0.034
5592	"GABARAPL1"	"GABARAPL1"	chr12	+	10213835	10214187	10213835	10213974	10214073	10214187	5592	4,4,3	5,2,2	2,1,2	0,0,0	197	99	4.41678915664e-10	4.00002546186e-08	0.287,0.501,0.43	1.0,1.0,1.0	-0.594
1147	"SLC52A3"	"SLC52A3"	chr20	-	760079	761824	760079	761238	761700	761824	1147	6,7,16	18,10,13	13,9,9	0,1,1	198	99	6.10556938341e-10	5.39121776555e-08	0.143,0.259,0.381	1.0,0.818,0.818	-0.618
1092	"LRRC75A-AS1"	"LRRC75A-AS1"	chr17	+	16439326	16439703	16439326	16439414	16439580	16439703	1092	614,316,587	1125,614,954	291,276,298	309,240,286	198	99	7.70090546887e-10	6.63404832099e-08	0.214,0.205,0.235	0.32,0.365,0.343	-0.125
276	"SKIL"	"SKIL"	chr3	+	170359698	170361429	170359698	170359876	170360367	170361429	276	88,42,83	14,6,8	56,35,54	0,0,0	198	99	8.8180240887e-10	7.24308397239e-08	0.759,0.778,0.838	1.0,1.0,1.0	-0.208
5450	"PIN1"	"PIN1"	chr19	+	9849089	9849682	9849089	9849201	9849532	9849682	5450	545,340,523	43,0,31	440,286,430	9,0,0	198	99	8.69545879745e-10	7.24308397239e-08	0.864,1.0,0.894	0.961,1.0,1.0	-0.068
4948	"RBM39"	"RBM39"	chr20	-	35738967	35740887	35738967	35739017	35740823	35740887	4948	52,26,37	308,150,288	15,10,7	259,210,246	198	99	1.06969100244e-09	8.5867014105e-08	0.078,0.08,0.06	0.028,0.023,0.014	0.051
3099	"TMEM147"	"TMEM147"	chr19	+	35546671	35547029	35546671	35546808	35546944	35547029	3099	57,38,67	315,184,323	22,14,10	279,197,216	198	99	1.31983091123e-09	1.03592061744e-07	0.083,0.094,0.094	0.038,0.034,0.023	0.059
2203	"GAS5"	"GAS5"	chr1	-	173864256	173864506	173864256	173864304	173864483	173864506	2203	87,46,65	861,466,688	79,85,88	420,340,412	198	99	1.80816583928e-09	1.38835690094e-07	0.048,0.047,0.045	0.086,0.111,0.096	-0.051
6485	"UROD"	"UROD"	chr1	+	45013135	45013354	45013135	45013215	45013291	45013354	6485	54,31,55	239,112,253	11,6,13	177,127,132	174	99	1.908685765e-09	1.43435704723e-07	0.114,0.136,0.11	0.034,0.026,0.053	0.082
2622	"XBP1"	"XBP1"	chr22	-	28796046	28796192	28796046	28796121	28796147	28796192	2622	238,147,211	35,13,36	107,132,107	4,4,1	124	99	2.76051059789e-09	2.03127571495e-07	0.844,0.9,0.824	0.955,0.963,0.988	-0.113
815	"HMG20B"	"HMG20B"	chr19	+	3573691	3574586	3573691	3573800	3574382	3574586	815	117,53,80	71,35,69	40,30,16	76,47,83	198	99	3.36008798563e-09	2.42200627862e-07	0.452,0.431,0.367	0.208,0.242,0.088	0.237
3918	"SRSF1"	"SRSF1"	chr17	-	58004922	58005973	58004922	58005041	58005800	58005973	3918	1146,588,1080	27,9,21	1151,1023,1175	7,5,2	198	99	1.4318638053e-08	1.01146859206e-06	0.955,0.97,0.963	0.988,0.99,0.997	-0.029
2058	"FIBP"	"FIBP"	chr11	-	65884569	65884998	65884569	65884656	65884934	65884998	2058	28,12,22	260,169,311	1,4,2	212,140,199	198	99	1.69022862373e-08	1.17056617628e-06	0.051,0.034,0.034	0.002,0.014,0.005	0.033
6596	"LYPLA2"	"LYPLA2"	chr1	+	23794223	23794600	23794223	23794325	23794426	23794600	6596	57,33,49	138,81,171	18,19,12	154,114,124	198	99	2.1481175394e-08	1.45906752868e-06	0.171,0.169,0.125	0.055,0.077,0.046	0.096
5597	"CAD"	"CAD"	chr2	+	27233311	27233808	27233311	27233536	27233625	27233808	5597	13,8,14	71,43,58	2,3,3	89,82,97	187	99	2.27511012252e-08	1.51616772693e-06	0.088,0.09,0.113	0.012,0.019,0.016	0.081
1301	"ZNF131"	"ZNF131"	chr5	+	43161248	43161931	43161248	43161606	43161708	43161931	1301	37,26,34	206,107,153	42,26,21	47,34,47	198	99	2.49451428402e-08	1.63159712058e-06	0.082,0.108,0.1	0.309,0.277,0.183	-0.16
6002	"SRSF5"	"SRSF5"	chr14	+	69768797	69770540	69768797	69769251	69770466	69770540	6002	130,58,92	282,146,264	53,40,60	323,220,271	198	99	3.64153940335e-08	2.33853039502e-06	0.187,0.166,0.148	0.076,0.083,0.1	0.081
4771	"NXF1"	"NXF1"	chr11	-	62798538	62800486	62798538	62798575	62800376	62800486	4771	90,58,94	150,67,189	34,17,29	136,95,102	198	99	4.85192177546e-08	3.06017637695e-06	0.231,0.302,0.199	0.111,0.082,0.124	0.138
383	"BCKDHA"	"BCKDHA"	chr19	+	41410636	41411009	41410636	41410816	41410922	41411009	383	23,12,23	136,81,144	3,0,2	81,51,67	198	99	4.975142609e-08	3.08284275351e-06	0.078,0.069,0.074	0.018,0.0,0.015	0.063
2682	"HMGN2"	"HMGN2"	chr1	+	26473482	26473732	26473482	26473527	26473702	26473732	2682	88,47,56	1512,802,1388	20,21,34	1234,993,1130	198	99	6.39163667548e-08	3.82631537929e-06	0.028,0.028,0.02	0.008,0.01,0.015	0.014
3369	"RPS21"	"RPS21"	chr20	+	62388308	62388519	62388308	62388364	62388456	62388519	3369	124,58,112	240,139,209	31,41,32	176,138,156	190	99	6.3537096251e-08	3.82631537929e-06	0.212,0.179,0.218	0.084,0.134,0.097	0.098
5996	"PSME2"	"PSME2"	chr14	-	24145709	24146240	24145709	24145772	24146207	24146240	5996	47,34,37	257,113,249	16,20,11	234,222,214	198	99	7.68545509455e-08	4.52417123233e-06	0.084,0.131,0.069	0.033,0.043,0.025	0.061
6352	"SORBS3"	"SORBS3"	chr8	+	22566660	22566868	22566660	22566713	22566821	22566868	6352	60,18,41	74,45,59	21,5,3	63,54,48	198	99	8.46712986391e-08	4.90260699661e-06	0.288,0.167,0.258	0.143,0.044,0.03	0.165
4	"SLC44A2"	"SLC44A2"	chr19	+	10634755	10635073	10634755	10634887	10634973	10635073	4	92,42,84	874,507,858	43,14,30	735,491,739	184	99	1.24879025232e-07	7.11407608257e-06	0.054,0.043,0.05	0.031,0.015,0.021	0.027
5100	"TGOLN2"	"TGOLN2"	chr2	-	85326507	85327685	85326507	85326804	85326978	85327685	5100	505,302,467	163,111,157	337,277,290	61,28,55	198	99	1.38273412498e-07	7.75209036417e-06	0.608,0.576,0.598	0.734,0.832,0.725	-0.17
5329	"SNHG12"	"SNHG12"	chr1	-	28579532	28580646	28579532	28579981	28580559	28580646	5329	8,6,2	63,38,55	12,18,24	39,24,46	198	99	1.55788225986e-07	8.5975627216e-06	0.06,0.073,0.018	0.133,0.273,0.207	-0.154
5418	"HCFC1R1"	"HCFC1R1"	chr16	-	3023232	3023530	3023232	3023361	3023473	3023530	5418	30,25,37	93,33,94	12,19,10	127,83,111	198	99	1.59119889487e-07	8.64632999489e-06	0.139,0.275,0.164	0.045,0.103,0.043	0.129
1290	"CIRBP"	"CIRBP"	chr19	+	1271980	1273172	1271980	1272051	1272426	1273172	1290	42,18,52	88,65,64	6,9,6	63,44,59	198	99	1.93481398458e-07	1.03541863538e-05	0.193,0.122,0.289	0.045,0.093,0.048	0.139
4992	"PFDN5"	"PFDN5"	chr12	+	53295838	53296275	53295838	53295941	53296243	53296275	4992	55,27,40	408,249,386	16,15,20	428,330,366	198	99	2.29137135599e-07	1.2079288999e-05	0.063,0.051,0.049	0.018,0.022,0.027	0.032
2209	"GAS5"	"GAS5"	chr1	-	173865228	173865547	173865228	173865282	173865509	173865547	2209	265,133,225	1186,680,1128	176,177,176	554,422,506	198	99	2.41557991276e-07	1.25468062527e-05	0.1,0.089,0.091	0.137,0.173,0.148	-0.059
1699	"WBP1"	"WBP1"	chr2	+	74459437	74459745	74459437	74459552	74459642	74459745	1699	7,2,5	2,2,3	4,4,3	0,0,0	188	99	3.18689013956e-07	1.63131825695e-05	0.648,0.345,0.467	1.0,1.0,1.0	-0.513
2563	"ZNF248"	"ZNF248"	chr10	-	37828764	37833116	37828764	37831312	37833024	37833116	2563	1,2,0	8,13,4	7,7,4	1,1,4	198	99	3.26039541143e-07	1.64510237045e-05	0.059,0.071,0.0	0.778,0.778,0.333	-0.586
5541	"TNK1"	"TNK1"	chr17	+	7382835	7383320	7382835	7383089	7383249	7383320	5541	16,11,35	18,9,10	2,4,4	22,20,13	198	99	3.37066987099e-07	1.67678957526e-05	0.308,0.379,0.636	0.043,0.091,0.133	0.352
1586	"MAF1"	"MAF1"	chr8	+	144106342	144106674	144106342	144106464	144106554	144106674	1586	233,131,264	1108,703,1128	62,45,57	544,384,506	188	99	3.98354428777e-07	1.95414978117e-05	0.1,0.089,0.11	0.057,0.058,0.056	0.043
1019	"DET1"	"DET1"	chr15	-	88530622	88531715	88530622	88531473	88531612	88531715	1019	19,11,20	14,0,8	6,3,12	0,0,0	198	99	4.15992211567e-07	2.01271848117e-05	0.404,1.0,0.556	1.0,1.0,1.0	-0.347
3899	"ACAD8"	"ACAD8"	chr11	+	134259607	134261179	134259607	134259745	134261043	134261179	3899	11,8,14	60,38,55	0,1,2	35,39,34	198	99	6.13850646536e-07	2.92989254536e-05	0.084,0.095,0.113	0.0,0.013,0.029	0.083
6453	"PNKP"	"PNKP"	chr19	-	49864178	49864403	49864178	49864236	49864323	49864403	6453	48,15,36	124,67,135	8,1,10	81,62,67	185	99	6.2354055641e-07	2.93646032699e-05	0.172,0.107,0.125	0.05,0.009,0.074	0.09
2094	"SLC35A5"	"SLC35A5"	chr3	+	112580545	112581326	112580545	112580706	112581178	112581326	2094	148,92,173	5,1,21	121,114,125	2,0,0	198	99	6.33231872937e-07	2.94286180949e-05	0.937,0.979,0.805	0.968,1.0,1.0	-0.082
5753	"POLM"	"POLM"	chr7	-	44073782	44074530	44073782	44074025	44074397	44074530	5753	8,7,10	1,4,7	19,9,15	0,1,0	198	99	7.22835280298e-07	3.3156548182e-05	0.8,0.467,0.417	1.0,0.818,1.0	-0.378
4062	"BECN1"	"BECN1"	chr17	-	42818543	42819609	42818543	42818680	42819547	42819609	4062	17,14,14	6,3,1	5,4,8	0,0,0	198	99	7.51262473009e-07	3.40187058291e-05	0.586,0.7,0.875	1.0,1.0,1.0	-0.28
5807	"AACS"	"AACS"	chr12	+	125124704	125125024	125124704	125124769	125124901	125125024	5807	6,7,7	38,19,40	2,0,0	53,33,47	198	99	7.92059050236e-07	3.54120577903e-05	0.073,0.156,0.08	0.019,0.0,0.0	0.097
2558	"PSMD11"	"PSMD11"	chr17	+	32479250	32480197	32479250	32479376	32480145	32480197	2558	1,2,8	0,0,0	0,6,2	1,3,2	198	99	8.48699934219e-07	3.74701020958e-05	1.0,1.0,1.0	0.0,0.5,0.333	0.722
1087	"CTDNEP1"	"CTDNEP1"	chr17	-	7243590	7244245	7243590	7243951	7244188	7244245	1087	359,225,365	16,14,16	257,169,192	1,1,4	198	99	8.92633661209e-07	3.89232356962e-05	0.918,0.889,0.919	0.992,0.988,0.96	-0.071
2780	"SPAG5"	"SPAG5"	chr17	-	28578217	28578528	28578217	28578292	28578372	28578528	2780	22,10,25	43,30,43	7,1,8	33,51,52	178	99	1.03520539696e-06	4.45895788056e-05	0.222,0.156,0.244	0.106,0.011,0.079	0.142
6688	"ZNF232"	"ZNF232"	chr17	-	5108925	5109868	5108925	5109052	5109393	5109868	6688	16,12,19	107,51,92	13,15,19	22,23,23	198	99	1.08193183801e-06	4.60407620705e-05	0.07,0.105,0.094	0.228,0.246,0.292	-0.166
2713	"BCS1L"	"BCS1L"	chr2	+	218662196	218662679	218662196	218662260	218662514	218662679	2713	11,11,9	4,5,6	11,4,7	1,0,0	198	99	1.12314479572e-06	4.72255645058e-05	0.579,0.524,0.429	0.846,1.0,1.0	-0.438
2869	"GSTK1"	"GSTK1"	chr7	+	143264547	143265092	143264547	143264676	143264991	143265092	2869	39,19,33	306,206,388	16,2,8	297,171,269	198	99	1.23871369417e-06	5.14721972683e-05	0.06,0.044,0.041	0.026,0.006,0.015	0.033
4847	"GALT"	"GALT"	chr9	+	34647088	34647567	34647088	34647258	34647491	34647567	4847	5,4,6	20,11,12	1,0,0	35,6,17	198	99	1.54866977187e-06	6.36035073749e-05	0.111,0.154,0.2	0.014,0.0,0.0	0.15
2951	"RPS7"	"RPS7"	chr2	+	3575324	3575684	3575324	3575448	3575591	3575684	2951	71,38,52	107,45,80	35,20,23	91,86,85	198	99	1.84799668512e-06	7.50244171476e-05	0.249,0.297,0.245	0.161,0.104,0.119	0.136
873	"MRPS22"	"MRPS22"	chr3	+	139350178	139351060	139350178	139350322	139351030	139351060	873	34,14,29	0,0,0	47,27,40	3,6,4	198	99	1.87385095096e-06	7.52095631681e-05	1.0,1.0,1.0	0.887,0.692,0.833	0.196
137	"VPS28"	"VPS28"	chr8	-	144424214	144424819	144424214	144424268	144424717	144424819	137	132,60,87	381,173,350	24,11,31	179,125,151	198	99	1.94636523887e-06	7.63840224854e-05	0.148,0.148,0.111	0.063,0.042,0.093	0.07
971	"ALKBH2"	"ALKBH2"	chr12	-	109092506	109093472	109092506	109092787	109093246	109093472	971	100,35,92	200,90,160	95,40,64	49,43,56	198	99	1.9446322268e-06	7.63840224854e-05	0.2,0.163,0.223	0.492,0.317,0.364	-0.196
1287	"CIRBP"	"CIRBP"	chr19	+	1270927	1271467	1270927	1271036	1271328	1271467	1287	35,21,35	7,1,6	10,5,12	0,0,0	198	99	2.07091867899e-06	7.95052692847e-05	0.714,0.913,0.745	1.0,1.0,1.0	-0.209
6235	"ST3GAL1"	"ST3GAL1"	chr8	-	133475718	133476600	133475718	133476074	133476277	133476600	6235	10,2,7	59,26,64	12,8,11	17,16,7	198	99	2.06478709741e-06	7.95052692847e-05	0.078,0.037,0.052	0.261,0.2,0.44	-0.245
452	"RPL10"	"RPL10"	chrX	+	154399337	154399594	154399337	154399396	154399486	154399594	452	198,124,196	3011,1771,2642	152,77,114	2908,2482,2735	188	99	2.11887543589e-06	8.04716993501e-05	0.033,0.036,0.038	0.027,0.016,0.021	0.014
3867	"AP1G2"	"AP1G2"	chr14	-	23565605	23566160	23565605	23565701	23566063	23566160	3867	14,12,18	14,7,18	12,10,14	0,3,0	198	99	2.1657520678e-06	8.13769819518e-05	0.333,0.462,0.333	1.0,0.625,1.0	-0.499
2098	"S100A13"	"S100A13"	chr1	-	153626319	153627598	153626319	153626533	153627482	153627598	2098	20,21,24	296,139,201	10,5,5	225,175,217	198	99	2.32567288483e-06	8.64660697813e-05	0.033,0.07,0.056	0.022,0.014,0.011	0.037
4689	"UBE2T"	"UBE2T"	chr1	-	202333009	202333335	202333009	202333093	202333236	202333335	4689	22,16,18	223,118,241	6,5,5	204,179,190	198	99	2.67283810396e-06	9.77914560505e-05	0.047,0.063,0.036	0.014,0.014,0.013	0.035
4802	"STX4"	"STX4"	chr16	+	31034225	31034536	31034225	31034325	31034461	31034536	4802	27,13,26	57,43,64	11,5,8	69,50,77	198	99	2.68566569561e-06	9.77914560505e-05	0.191,0.131,0.169	0.074,0.048,0.049	0.107
1487	"CIZ1"	"CIZ1"	chr9	-	128178708	128179415	128178708	128178904	128179072	128179415	1487	383,206,376	53,25,35	176,125,111	39,32,44	198	99	3.05749773777e-06	0.000110194714386	0.783,0.805,0.843	0.693,0.661,0.558	0.173
2202	"GAS5"	"GAS5"	chr1	-	173863900	173864304	173863900	173864075	173864256	173864304	2202	95,50,55	919,502,875	70,73,72	470,359,513	198	99	4.03003639782e-06	0.000140931569872	0.049,0.047,0.03	0.069,0.092,0.066	-0.034
2679	"DMKN"	"DMKN"	chr19	-	35510183	35510510	35510183	35510252	35510378	35510510	2679	268,118,249	264,148,235	202,216,237	138,96,138	198	99	4.00150785262e-06	0.000140931569872	0.337,0.285,0.346	0.423,0.529,0.462	-0.149
3647	"EIF4A1"	"EIF4A1"	chr17	+	7577826	7578244	7577826	7577916	7578164	7578244	3647	152,88,148	1015,580,1106	91,60,88	1096,847,914	198	99	3.95907432715e-06	0.000140931569872	0.07,0.071,0.063	0.04,0.034,0.046	0.028
4083	"MCM7"	"MCM7"	chr7	-	100099022	100099753	100099022	100099403	100099588	100099753	4083	52,16,44	456,297,509	10,5,8	237,202,269	198	99	4.43724112642e-06	0.000152158598626	0.054,0.026,0.041	0.021,0.012,0.015	0.024
6678	"DCTN2"	"DCTN2"	chr12	-	57532983	57533303	57532983	57533022	57533237	57533303	6678	20,4,6	116,74,117	2,2,4	190,120,133	198	99	4.42341788343e-06	0.000152158598626	0.079,0.026,0.025	0.005,0.008,0.015	0.034
5148	"SRSF7"	"SRSF7"	chr2	-	38748578	38749705	38748578	38748653	38749528	38749705	5148	107,53,94	512,286,550	58,39,51	520,429,512	198	99	4.67091056355e-06	0.000157120534385	0.095,0.085,0.079	0.053,0.043,0.047	0.039
5553	"ERBB3"	"ERBB3"	chr12	+	56094098	56094556	56094098	56094189	56094401	56094556	5553	4,0,1	80,38,63	5,5,3	16,11,14	198	99	4.66588815684e-06	0.000157120534385	0.024,0.0,0.008	0.135,0.185,0.097	-0.128
2	"EXOC7"	"EXOC7"	chr17	-	76087653	76088562	76087653	76087720	76088463	76088562	2	2,9,18	4,4,6	7,7,3	0,1,0	198	99	4.76405952499e-06	0.000158742058889	0.2,0.529,0.6	1.0,0.778,1.0	-0.483
1439	"JMJD7-PLA2G4B"	"JMJD7-PLA2G4B"	chr15	+	41836474	41836940	41836474	41836551	41836780	41836940	1439	11,7,8	24,9,16	0,2,2	17,14,21	198	99	4.86587364934e-06	0.000160619305883	0.186,0.28,0.2	0.0,0.067,0.045	0.185
2133	"THAP7"	"THAP7"	chr22	-	21000646	21001411	21000646	21000787	21001255	21001411	2133	14,13,9	335,201,373	22,14,10	116,108,148	198	99	5.42206547927e-06	0.000177321622896	0.02,0.031,0.012	0.087,0.061,0.033	-0.039
5079	"PPFIBP2"	"PPFIBP2"	chr11	+	7653023	7653756	7653023	7653200	7653501	7653756	5079	13,3,9	2,1,4	3,1,2	0,0,0	198	99	5.631613887e-06	0.000182484956412	0.765,0.6,0.529	1.0,1.0,1.0	-0.369
6402	"ZNF226"	"ZNF226"	chr19	+	44165587	44165807	44165587	44165613	44165756	44165807	6402	29,9,15	6,0,4	4,4,3	0,0,0	198	99	5.79833330272e-06	0.000186179211138	0.707,1.0,0.652	1.0,1.0,1.0	-0.214
5397	"PIH1D1"	"PIH1D1"	chr19	-	49447826	49448010	49447826	49447908	49448000	49448010	5397	16,19,24	139,102,170	5,5,8	161,108,134	190	99	6.17831786309e-06	0.000196592961193	0.057,0.088,0.069	0.016,0.024,0.03	0.048
2873	"PRKCQ-AS1"	"PRKCQ-AS1"	chr10	+	6583804	6584195	6583804	6583918	6584117	6584195	2873	7,14,11	6,4,7	4,4,7	0,1,0	198	99	6.96726796012e-06	0.000219717771742	0.368,0.636,0.44	1.0,0.667,1.0	-0.408
826	"INO80E"	"INO80E"	chr16	+	29996243	29996617	29996243	29996391	29996546	29996617	826	45,40,68	244,120,251	32,10,16	149,156,203	198	99	7.58498161568e-06	0.000237081018288	0.084,0.143,0.119	0.097,0.031,0.038	0.06
2231	"ATXN2L"	"ATXN2L"	chr16	+	28835932	28837237	28835932	28836122	28836727	28837237	2231	87,37,80	55,35,75	43,47,54	12,9,20	198	99	9.36110413852e-06	0.000288573889766	0.442,0.346,0.348	0.642,0.723,0.574	-0.268
3595	"HNRNPH1"	"HNRNPH1"	chr5	-	179617798	179618060	179617798	179617932	179617988	179618060	3595	60,45,75	1383,738,1434	108,94,118	1381,1034,1195	154	99	9.39580898163e-06	0.000288573889766	0.027,0.038,0.033	0.048,0.055,0.06	-0.022
1470	"ZMYM5"	"ZMYM5"	chr13	-	19851354	19852190	19851354	19851448	19851688	19852190	1470	2,3,2	109,36,78	8,5,2	21,16,19	198	99	9.95364053158e-06	0.000303071192737	0.009,0.04,0.013	0.16,0.135,0.05	-0.094
3105	"KRTCAP2"	"KRTCAP2"	chr1	-	155172564	155172892	155172564	155172628	155172737	155172892	3105	52,26,44	313,174,287	10,16,12	194,172,204	198	99	1.04848204512e-05	0.000316516118236	0.077,0.07,0.071	0.025,0.044,0.029	0.04
4319	"MARS"	"MARS"	chr12	+	57516244	57516655	57516244	57516337	57516434	57516655	4319	26,26,33	581,310,486	7,6,1	233,213,238	195	99	1.09108185142e-05	0.000326584838917	0.022,0.041,0.033	0.015,0.014,0.002	0.022
5323	"HNRNPM"	"HNRNPM"	chr19	+	8465323	8465515	8465323	8465362	8465479	8465515	5323	323,184,290	116,77,128	491,370,488	322,276,294	198	99	1.14186323724e-05	0.000338912685204	0.582,0.544,0.531	0.433,0.401,0.454	0.123
4362	"RAD23A"	"RAD23A"	chr19	+	12948685	12949159	12948685	12948813	12949080	12949159	4362	29,35,25	715,369,584	15,6,8	549,368,430	198	99	1.32075458753e-05	0.000388742100263	0.02,0.045,0.021	0.013,0.008,0.009	0.019
1561	"OGT"	"OGT"	chrX	+	71544566	71548023	71544566	71544635	71547906	71548023	1561	55,19,42	41,28,52	23,15,11	48,45,56	198	99	1.64812506209e-05	0.000477145714697	0.401,0.253,0.288	0.193,0.143,0.089	0.172
4895	"ANO9"	"ANO9"	chr11	-	431693	431906	431693	431767	431847	431906	4895	3,3,4	2,1,5	0,0,1	1,2,5	178	99	1.6357736734e-05	0.000477145714697	0.455,0.625,0.308	0.0,0.0,0.1	0.429
4291	"CHTF18"	"CHTF18"	chr16	+	788930	789360	788930	789125	789209	789360	4291	4,7,3	10,7,10	0,1,0	2,6,12	182	99	1.69059657396e-05	0.000485462365791	0.179,0.352,0.14	0.0,0.083,0.0	0.196
3261	"ERCC2"	"ERCC2"	chr19	-	45368929	45369147	45368929	45368992	45369069	45369147	3261	4,2,7	21,18,22	1,0,0	32,24,34	175	99	1.86335026893e-05	0.000530754286279	0.097,0.059,0.153	0.017,0.0,0.0	0.097
2416	"IDH3G"	"IDH3G"	chrX	-	153785765	153786272	153785765	153785973	153786211	153786272	2416	43,15,39	80,33,69	25,7,16	75,69,81	198	99	1.91500586924e-05	0.000532582734658	0.212,0.185,0.22	0.143,0.048,0.09	0.112
3807	"STXBP2"	"STXBP2"	chr19	+	7647161	7647511	7647161	7647247	7647353	7647511	3807	12,4,9	23,8,27	3,1,2	27,17,34	198	99	1.90924976402e-05	0.000532582734658	0.207,0.2,0.143	0.053,0.029,0.029	0.146
6167	"RHOT2"	"RHOT2"	chr16	+	669552	670175	669552	669606	670122	670175	6167	6,11,6	82,61,86	1,0,0	73,49,69	198	99	1.9135367879e-05	0.000532582734658	0.035,0.083,0.034	0.007,0.0,0.0	0.048
4682	"SNHG5"	"SNHG5"	chr6	-	85678135	85678736	85678135	85678188	85678693	85678736	4682	39,26,53	156,89,133	64,41,60	83,83,94	198	99	2.0028902136e-05	0.000552672518315	0.111,0.127,0.166	0.278,0.198,0.242	-0.105
5376	"ALS2CL"	"ALS2CL"	chr3	-	46674565	46675976	46674565	46674739	46675617	46675976	5376	2,4,6	1,0,1	5,5,2	11,6,4	198	99	2.10735914469e-05	0.000576991666593	0.5,1.0,0.75	0.185,0.294,0.2	0.524
3868	"AP1G2"	"AP1G2"	chr14	-	23565815	23566160	23565815	23565892	23566063	23566160	3868	40,20,34	52,23,44	23,15,22	75,40,74	198	99	2.21542126964e-05	0.000601912917259	0.278,0.303,0.279	0.133,0.158,0.129	0.147
2420	"HDAC10"	"HDAC10"	chr22	-	50248224	50248472	50248224	50248292	50248365	50248472	2420	14,7,10	26,2,33	0,2,1	12,9,20	171	99	2.26853850407e-05	0.000611639541708	0.238,0.67,0.149	0.0,0.114,0.028	0.305
2117	"GPAT4"	"GPAT4"	chr8	+	41598291	41599304	41598291	41598476	41599233	41599304	2117	261,152,316	11,12,9	126,107,106	0,3,0	198	99	2.30748967922e-05	0.000617428299016	0.922,0.864,0.946	1.0,0.947,1.0	-0.072
2685	"HMGN2"	"HMGN2"	chr1	+	26473482	26474135	26473482	26473732	26474084	26474135	2685	81,42,68	1125,589,1043	38,28,30	956,763,873	198	99	2.49829107444e-05	0.000663455945483	0.035,0.034,0.032	0.019,0.018,0.017	0.016
4028	"ANKRD13D"	"ANKRD13D"	chr11	+	67290077	67290446	67290077	67290213	67290321	67290446	4028	29,7,13	86,41,102	5,0,2	44,41,44	198	99	2.52959263514e-05	0.000666755312486	0.144,0.079,0.06	0.054,0.0,0.022	0.069
5098	"AMDHD2"	"AMDHD2"	chr16	+	2528451	2528718	2528451	2528559	2528649	2528718	5098	40,17,22	12,8,12	8,3,7	11,12,11	188	99	2.59108793815e-05	0.000677905377596	0.637,0.528,0.491	0.277,0.116,0.251	0.337
2460	"CYP1A1"	"CYP1A1"	chr15	-	74722272	74723123	74722272	74722341	74722534	74723123	2460	50,31,37	9,0,9	12,26,19	1,0,0	198	99	2.88319478895e-05	0.00074878264666	0.735,1.0,0.673	0.857,1.0,1.0	-0.15
127	"GALE"	"GALE"	chr1	-	23796508	23796782	23796508	23796586	23796696	23796782	127	47,25,32	100,53,99	14,25,12	111,84,91	198	99	2.98812211053e-05	0.000767545075615	0.19,0.191,0.139	0.059,0.13,0.062	0.09
2421	"HDAC10"	"HDAC10"	chr22	-	50250770	50251385	50250770	50250905	50250973	50251385	2421	6,4,1	6,0,7	0,0,0	3,1,3	166	99	3.0206332251e-05	0.000767545075615	0.374,1.0,0.079	0.0,0.0,0.0	0.484
6735	"NECAB3"	"NECAB3"	chr20	-	33659884	33660395	33659884	33660058	33660258	33660395	6735	9,8,20	3,2,2	6,7,3	0,0,0	198	99	3.01609676322e-05	0.000767545075615	0.6,0.667,0.833	1.0,1.0,1.0	-0.3
1478	"GCDH"	"GCDH"	chr19	+	12891486	12891974	12891486	12891522	12891830	12891974	1478	35,35,42	108,81,109	12,12,6	82,69,46	198	99	3.19330718795e-05	0.000805625784846	0.139,0.178,0.162	0.068,0.08,0.061	0.09
1475	"PSMB10"	"PSMB10"	chr16	-	67935962	67936312	67935962	67936103	67936214	67936312	1475	5,6,5	37,10,31	0,1,1	32,21,34	198	99	3.42041878564e-05	0.000856802776658	0.063,0.231,0.075	0.0,0.023,0.014	0.111
5581	"PCNXL2"	"PCNXL2"	chr1	-	233217898	233218184	233217898	233217931	233218030	233218184	5581	29,13,18	24,28,23	4,4,2	12,25,17	197	99	3.47201844414e-05	0.000863603460895	0.378,0.189,0.282	0.143,0.074,0.056	0.192
5724	"CC2D1B"	"CC2D1B"	chr1	-	52357780	52358461	52357780	52357898	52358330	52358461	5724	8,2,11	48,26,61	3,0,0	47,39,40	198	99	3.49763670343e-05	0.000863891806749	0.077,0.037,0.083	0.031,0.0,0.0	0.055
6770	"DCXR"	"DCXR"	chr17	-	82036190	82036643	82036190	82036308	82036543	82036643	6770	56,29,58	2,2,7	25,17,27	0,0,0	198	99	3.69304546635e-05	0.000905821985219	0.933,0.879,0.806	1.0,1.0,1.0	-0.127
4262	"GORASP1"	"GORASP1"	chr3	-	39100304	39100877	39100304	39100503	39100787	39100877	4262	42,23,53	3,3,4	23,24,43	0,0,0	198	99	4.04037965264e-05	0.000984180754009	0.875,0.793,0.869	1.0,1.0,1.0	-0.154
585	"MOV10"	"MOV10"	chr1	+	112698286	112699810	112698286	112698789	112699684	112699810	585	30,19,36	31,27,35	16,14,12	45,31,47	198	99	4.13944550063e-05	0.00100140558276	0.326,0.26,0.34	0.151,0.184,0.113	0.159
5633	"NPC1"	"NPC1"	chr18	-	23533354	23534559	23533354	23533517	23534445	23534559	5633	8,0,10	42,21,34	0,0,1	26,17,20	198	99	4.36942262697e-05	0.00104985038901	0.087,0.0,0.128	0.0,0.0,0.024	0.064
1027	"HARS2"	"HARS2"	chr5	+	140693490	140693665	140693490	140693508	140693590	140693665	1027	7,7,13	0,0,0	3,1,3	2,4,0	180	99	4.49293418509e-05	0.00107223267174	1.0,1.0,1.0	0.452,0.121,1.0	0.476
521	"NUP85"	"NUP85"	chr17	+	75234636	75235201	75234636	75234788	75235099	75235201	521	18,8,14	114,79,141	5,3,4	119,89,131	198	99	5.21449135502e-05	0.0012197075143	0.073,0.048,0.047	0.021,0.017,0.015	0.038
1062	"NDEL1"	"NDEL1"	chr17	+	8443926	8444357	8443926	8444176	8444259	8444357	1062	9,2,5	6,3,6	2,2,1	1,0,0	181	99	5.18686174195e-05	0.0012197075143	0.451,0.267,0.313	0.522,1.0,1.0	-0.497
5391	"CTC-308K20.1"	"CTC-308K20.1"	chr5	-	172957153	172958257	172957153	172957302	172958138	172958257	5391	5,3,1	2,6,1	0,1,0	5,2,2	198	99	5.2017149097e-05	0.0012197075143	0.556,0.2,0.333	0.0,0.2,0.0	0.296
1286	"CIRBP"	"CIRBP"	chr19	+	1271139	1271365	1271139	1271246	1271328	1271365	1286	39,22,42	225,147,206	6,6,21	143,135,149	180	99	5.32624562005e-05	0.00122956206079	0.087,0.076,0.101	0.023,0.024,0.072	0.048
4844	"ZBTB21"	"ZBTB21"	chr21	-	41986830	41994108	41986830	41991889	41992492	41994108	4844	133,78,120	49,24,49	61,40,61	7,6,10	198	99	5.2996524961e-05	0.00122956206079	0.576,0.619,0.55	0.813,0.769,0.753	-0.197
3418	"FLII"	"FLII"	chr17	-	18245353	18245660	18245353	18245419	18245554	18245660	3418	10,6,21	132,104,143	8,1,2	170,88,136	198	99	5.57263447322e-05	0.00127804683182	0.036,0.028,0.068	0.023,0.006,0.007	0.032
5486	"PHKG2"	"PHKG2"	chr16	+	30751105	30751603	30751105	30751281	30751548	30751603	5486	28,17,35	45,20,36	6,9,8	34,19,35	198	99	5.60864266511e-05	0.00127804683182	0.237,0.298,0.327	0.081,0.191,0.103	0.162
293	"KLHL21"	"KLHL21"	chr1	-	6590723	6595557	6590723	6593658	6595484	6595557	293	6,2,3	166,97,165	8,4,6	50,41,43	198	99	5.87556899274e-05	0.0013302890822	0.018,0.01,0.009	0.074,0.047,0.065	-0.05
868	"SIRT6"	"SIRT6"	chr19	-	4175027	4175760	4175027	4175151	4175679	4175760	868	11,1,8	57,48,71	0,0,0	38,25,31	198	99	6.04635600903e-05	0.00135872672684	0.088,0.01,0.053	0.0,0.0,0.0	0.05
2885	"DCLRE1B"	"DCLRE1B"	chr1	+	113911130	113914086	113911130	113911838	113912131	113914086	2885	243,129,254	14,11,10	85,68,69	2,0,1	198	99	6.07810936694e-05	0.00135872672684	0.897,0.854,0.927	0.955,1.0,0.972	-0.083
5560	"SLC38A7"	"SLC38A7"	chr16	-	58675939	58676346	58675939	58676022	58676288	58676346	5560	31,19,19	6,1,1	5,10,10	0,0,0	198	99	6.14134220402e-05	0.00136422771475	0.721,0.905,0.905	1.0,1.0,1.0	-0.156
5701	"EWSR1"	"EWSR1"	chr22	+	29288605	29291599	29288605	29288786	29291561	29291599	5701	32,21,39	66,42,58	23,20,23	99,73,98	198	99	6.33929820287e-05	0.00139940007828	0.195,0.2,0.252	0.104,0.12,0.105	0.106
2095	"SLC35A5"	"SLC35A5"	chr3	+	112580545	112581326	112580545	112580706	112581244	112581326	2095	134,99,142	8,2,4	109,103,101	0,0,0	198	99	6.96046089084e-05	0.0015082422004	0.893,0.961,0.947	1.0,1.0,1.0	-0.066
2162	"RANGRF"	"RANGRF"	chr17	+	8289257	8290092	8289257	8289414	8289812	8290092	2162	81,62,108	5,2,8	24,12,18	0,0,0	198	99	6.93406732492e-05	0.0015082422004	0.89,0.939,0.871	1.0,1.0,1.0	-0.1
3375	"ILKAP"	"ILKAP"	chr2	-	238194274	238194870	238194274	238194331	238194804	238194870	3375	15,5,5	54,36,44	2,3,4	81,61,68	198	99	6.91008017408e-05	0.0015082422004	0.122,0.065,0.054	0.012,0.024,0.029	0.059
2527	"MUTYH"	"MUTYH"	chr1	-	45332762	45333170	45332762	45332834	45333096	45333170	2527	8,7,11	3,2,5	6,5,2	0,0,1	198	99	7.24117850247e-05	0.00155950258968	0.571,0.636,0.524	1.0,1.0,0.5	-0.256
1268	"ILK"	"ILK"	chr11	+	6608883	6609408	6608883	6608967	6609298	6609408	1268	9,7,5	4,1,1	3,7,1	0,0,0	198	99	7.38467217398e-05	0.00158076740112	0.529,0.778,0.714	1.0,1.0,1.0	-0.326
1871	"HMBS"	"HMBS"	chr11	+	119088634	119089131	119088634	119088848	119089081	119089131	1871	5,1,3	2,1,4	4,1,2	0,1,0	198	99	7.4516608993e-05	0.00158491790483	0.556,0.333,0.273	1.0,0.333,1.0	-0.39
4265	"DDX17"	"DDX17"	chr22	-	38487878	38492115	38487878	38488115	38492055	38492115	4265	101,48,92	458,289,494	73,54,65	216,160,199	198	99	7.49380776064e-05	0.00158491790483	0.099,0.077,0.085	0.145,0.144,0.14	-0.056
5922	"GNPTG"	"GNPTG"	chr16	+	1362205	1362534	1362205	1362320	1362451	1362534	5922	8,7,4	44,17,43	1,0,2	45,18,32	198	99	7.58936365943e-05	0.00159557335983	0.083,0.171,0.044	0.011,0.0,0.03	0.086
6192	"PCK2"	"PCK2"	chr14	+	24094310	24094845	24094310	24094434	24094765	24094845	6192	7,7,5	8,3,1	1,1,4	0,0,1	198	99	7.83466576157e-05	0.0016373987852	0.304,0.538,0.714	1.0,1.0,0.667	-0.37
5580	"PCNXL2"	"PCNXL2"	chr1	-	232984135	232986540	232984135	232984477	232986091	232986540	5580	1,1,4	25,4,13	6,10,3	4,2,6	198	99	8.37321483829e-05	0.00173965851817	0.02,0.111,0.133	0.429,0.714,0.2	-0.36
5943	"ATG4D"	"ATG4D"	chr19	+	10546838	10547253	10546838	10547075	10547188	10547253	5943	81,40,77	4,1,9	29,25,53	0,1,0	198	99	8.74186225337e-05	0.00180562909233	0.91,0.952,0.811	1.0,0.926,1.0	-0.084
2425	"FXR1"	"FXR1"	chr3	+	180962882	180963090	180962882	180962940	180963027	180963090	2425	115,62,100	142,90,177	85,71,101	242,172,230	185	99	8.79818352508e-05	0.00180669675643	0.302,0.269,0.232	0.158,0.181,0.19	0.091
5775	"C5orf45"	"C5orf45"	chr5	-	179853196	179853437	179853196	179853276	179853377	179853437	5775	13,14,12	1,6,10	5,3,2	0,1,0	198	99	8.9820217495e-05	0.00183378617452	0.867,0.538,0.375	1.0,0.6,1.0	-0.273
2226	"ATXN2L"	"ATXN2L"	chr16	+	28835277	28835758	28835277	28835399	28835545	28835758	2226	6,4,5	82,47,78	8,11,3	27,23,17	198	99	9.16989001227e-05	0.00185349174758	0.035,0.041,0.031	0.129,0.193,0.081	-0.099
5444	"HERPUD2"	"HERPUD2"	chr7	-	35694183	35695135	35694183	35694627	35694800	35695135	5444	24,19,21	4,5,8	19,14,29	0,1,2	198	99	9.18349535185e-05	0.00185349174758	0.75,0.655,0.568	1.0,0.875,0.879	-0.26
710	"ZWINT"	"ZWINT"	chr10	-	56359686	56360383	56359686	56359853	56360017	56360383	710	31,13,33	440,223,348	17,9,9	391,305,354	198	99	0.000103223233961	0.00207150262699	0.034,0.028,0.045	0.021,0.015,0.013	0.019
1991	"OGFOD2"	"OGFOD2"	chr12	+	122975810	122976767	122975810	122975867	122976600	122976767	1991	14,3,7	4,2,1	1,0,3	2,3,6	198	99	0.000104806922082	0.00207965195951	0.636,0.429,0.778	0.2,0.0,0.2	0.481
6601	"C9orf142"	"C9orf142"	chr9	+	136992639	136993243	136992639	136992700	136993052	136993243	6601	95,34,97	8,1,5	50,28,37	0,1,0	198	99	0.000104402762423	0.00207965195951	0.856,0.944,0.907	1.0,0.933,1.0	-0.075
1961	"PINK1"	"PINK1"	chr1	+	20648504	20649231	20648504	20648632	20648994	20649231	1961	4,3,7	137,77,98	15,15,18	142,99,120	198	99	0.00010719299834	0.00210336483409	0.014,0.019,0.034	0.05,0.07,0.07	-0.041
5420	"MRPL20"	"MRPL20"	chr1	-	1405808	1407019	1405808	1405886	1406908	1407019	5420	18,15,21	434,256,454	13,5,6	514,422,478	198	99	0.000106778836286	0.00210336483409	0.02,0.028,0.023	0.012,0.006,0.006	0.016
4877	"SNX21"	"SNX21"	chr20	+	45840638	45842881	45840638	45840780	45842032	45842881	4877	90,36,85	6,3,4	13,12,15	0,0,0	198	99	0.000108035568179	0.00210818578347	0.882,0.857,0.914	1.0,1.0,1.0	-0.116
117	"ZSCAN2"	"ZSCAN2"	chr15	+	84620601	84622714	84620601	84620772	84622645	84622714	117	21,3,16	3,0,4	4,4,7	0,0,1	198	99	0.000113312344547	0.00219900659857	0.778,1.0,0.667	1.0,1.0,0.778	-0.111
1966	"WDR73"	"WDR73"	chr15	-	84645470	84646348	84645470	84645836	84646183	84646348	1966	10,14,11	59,46,62	20,7,4	12,6,10	198	99	0.000117542821504	0.00226864068608	0.078,0.132,0.081	0.455,0.368,0.167	-0.233
3138	"MAEA"	"MAEA"	chr4	+	1336860	1338617	1336860	1336994	1338425	1338617	3138	6,4,8	4,1,1	7,3,18	0,0,1	198	99	0.00011873334762	0.00227916404236	0.429,0.667,0.8	1.0,1.0,0.9	-0.335
970	"CUL9"	"CUL9"	chr6	+	43196068	43196862	43196068	43196265	43196644	43196862	970	5,4,13	40,31,27	2,0,0	21,12,13	198	99	0.000119551288981	0.00228246028476	0.059,0.061,0.194	0.045,0.0,0.0	0.09
5572	"PLEKHG4"	"PLEKHG4"	chr16	+	67277509	67280806	67277509	67280543	67280710	67280806	5572	9,5,4	2,0,4	0,1,3	5,3,7	198	99	0.000125527920129	0.00238368071987	0.692,1.0,0.333	0.0,0.143,0.176	0.569
6323	"ARL6IP4"	"ARL6IP4"	chr12	+	122982468	122982908	122982468	122982538	122982619	122982908	6323	34,30,34	293,163,303	13,15,10	217,199,212	179	99	0.000129649569223	0.00244878223794	0.06,0.092,0.058	0.032,0.04,0.025	0.038
4514	"IMP4"	"IMP4"	chr2	+	130342893	130343194	130342893	130342935	130343085	130343194	4514	32,25,32	163,90,154	40,25,50	112,64,84	198	99	0.000131170286905	0.00246432687951	0.089,0.122,0.094	0.152,0.163,0.229	-0.08
385	"PRPF40B"	"PRPF40B"	chr12	+	49642234	49642675	49642234	49642372	49642579	49642675	385	9,5,9	3,5,4	2,2,2	6,7,9	198	99	0.000137683950743	0.00257301435992	0.6,0.333,0.529	0.143,0.125,0.1	0.365
6530	"RHBDF1"	"RHBDF1"	chr16	-	58973	59349	58973	59127	59248	59349	6530	8,2,17	11,11,6	0,2,0	3,8,2	198	99	0.00013915782269	0.00258687068285	0.267,0.083,0.586	0.0,0.111,0.0	0.275
1460	"WDR83"	"WDR83"	chr19	+	12669754	12670080	12669754	12669893	12669976	12670080	1460	172,110,164	18,17,24	42,17,28	14,10,10	181	99	0.000144790050919	0.00267747884736	0.839,0.78,0.789	0.621,0.482,0.605	0.233
4769	"TMEM184A"	"TMEM184A"	chr7	-	1548518	1549945	1548518	1548688	1549853	1549945	4769	12,4,6	30,34,70	20,16,17	40,18,44	198	99	0.000149055390759	0.00274199812584	0.167,0.056,0.041	0.2,0.308,0.162	-0.135
4091	"AUP1"	"AUP1"	chr2	-	74529131	74529499	74529131	74529282	74529361	74529499	4091	167,72,109	587,309,583	56,55,51	450,314,373	177	99	0.000153457993588	0.002793884708	0.137,0.115,0.095	0.065,0.089,0.071	0.041
6681	"C14orf93"	"C14orf93"	chr14	-	22998426	22999156	22998426	22998741	22999053	22999156	6681	18,18,24	10,3,10	16,11,17	3,0,0	198	99	0.000153128002722	0.002793884708	0.474,0.75,0.545	0.727,1.0,1.0	-0.319
5116	"TTLL3"	"TTLL3"	chr3	+	9817644	9818920	9817644	9817759	9818821	9818920	5116	5,1,3	0,0,0	0,3,0	2,0,1	198	99	0.000159994305077	0.00289794813093	1.0,1.0,1.0	0.0,1.0,0.0	0.667
1174	"PHB2"	"PHB2"	chr12	-	6970195	6970645	6970195	6970280	6970416	6970645	1174	18,9,16	277,187,309	7,7,3	318,258,330	198	99	0.000164193839073	0.00295883999799	0.031,0.023,0.025	0.011,0.013,0.005	0.017
1192	"CDCA3"	"CDCA3"	chr12	-	6849322	6849858	6849322	6849429	6849564	6849858	1192	10,7,5	93,44,98	4,0,2	124,89,87	198	99	0.000165902120642	0.00297444817313	0.051,0.074,0.025	0.016,0.0,0.011	0.041
1220	"DHRS1"	"DHRS1"	chr14	-	24291138	24291625	24291138	24291219	24291555	24291625	1220	14,8,15	20,7,23	4,4,5	19,25,21	198	99	0.000173843908426	0.00310002943995	0.259,0.364,0.246	0.095,0.074,0.106	0.198
5909	"ORMDL1"	"ORMDL1"	chr2	-	189782421	189783123	189782421	189782602	189783013	189783123	5909	20,14,19	81,34,62	4,2,9	59,39,45	198	99	0.000174661907857	0.00310002943995	0.11,0.171,0.133	0.033,0.025,0.091	0.088
2906	"BAP1"	"BAP1"	chr3	-	52406252	52406907	52406252	52406376	52406828	52406907	2906	10,10,6	127,62,124	2,0,0	74,49,54	198	99	0.000178098604203	0.00314522135022	0.038,0.075,0.024	0.013,0.0,0.0	0.041
712	"ZWINT"	"ZWINT"	chr10	-	56360017	56360383	56360017	56360141	56360292	56360383	712	33,18,32	245,157,217	21,12,10	263,187,239	198	99	0.000179043799844	0.00314618259228	0.063,0.054,0.069	0.038,0.031,0.02	0.032
5419	"HCFC1R1"	"HCFC1R1"	chr16	-	3023232	3023968	3023232	3023530	3023846	3023968	5419	10,1,11	73,25,60	5,1,1	72,50,90	198	99	0.000196976634439	0.00344416570712	0.064,0.02,0.084	0.034,0.01,0.006	0.039
4617	"CHCHD5"	"CHCHD5"	chr2	+	112585973	112586365	112585973	112586114	112586199	112586365	4617	5,5,5	46,17,51	0,1,0	37,32,19	183	99	0.000201815504157	0.00351139093932	0.056,0.137,0.05	0.0,0.017,0.0	0.075
1541	"POP5"	"POP5"	chr12	-	120579513	120579923	120579513	120579597	120579773	120579923	1541	8,13,10	93,51,99	3,2,2	62,66,67	198	99	0.000204923463855	0.00354798859969	0.041,0.113,0.048	0.024,0.015,0.015	0.049
5423	"RSRP1"	"RSRP1"	chr1	-	25242248	25242705	25242248	25242426	25242538	25242705	5423	90,43,72	0,0,0	28,31,37	3,5,0	198	99	0.000210876295656	0.00363324427442	1.0,1.0,1.0	0.824,0.756,1.0	0.14
6257	"TROAP"	"TROAP"	chr12	+	49330144	49331407	49330144	49330943	49331213	49331407	6257	29,14,24	62,31,69	6,0,4	31,19,23	198	99	0.000211997720108	0.00363483469622	0.19,0.184,0.148	0.088,0.0,0.08	0.118
642	"P2RX4"	"P2RX4"	chr12	+	121228724	121229099	121228724	121228866	121228962	121229099	642	10,3,7	30,9,36	3,0,1	33,14,22	194	99	0.000227758776876	0.00388620289819	0.145,0.145,0.09	0.044,0.0,0.023	0.104
3766	"COX4I1"	"COX4I1"	chr16	+	85804936	85805864	85804936	85805104	85805732	85805864	3766	57,36,46	1216,703,1344	35,24,30	1455,1024,1249	198	99	0.000230883827543	0.00392058499462	0.023,0.025,0.017	0.012,0.012,0.012	0.01
2228	"ATXN2L"	"ATXN2L"	chr16	+	28835277	28835758	28835277	28835399	28835554	28835758	2228	10,6,13	1,0,8	10,12,5	1,0,0	198	99	0.000237968773169	0.00400658298805	0.833,1.0,0.448	0.833,1.0,1.0	-0.184
5523	"IFRD2"	"IFRD2"	chr3	-	50290169	50290679	50290169	50290294	50290559	50290679	5523	16,7,25	21,5,10	7,11,7	2,0,1	198	99	0.000238216995326	0.00400658298805	0.276,0.412,0.556	0.636,1.0,0.778	-0.39
78	"YBX2"	"YBX2"	chr17	-	7291092	7292059	7291092	7291182	7292025	7292059	78	11,9,5	26,14,8	2,2,0	18,7,9	198	99	0.00024097058762	0.00401466092205	0.175,0.243,0.238	0.053,0.125,0.0	0.159
5494	"SHMT2"	"SHMT2"	chr12	+	57232210	57232575	57232210	57232292	57232452	57232575	5494	46,28,33	1090,599,1114	9,2,4	450,310,335	198	99	0.000240237761416	0.00401466092205	0.021,0.023,0.015	0.01,0.003,0.006	0.013
781	"CEP350"	"CEP350"	chr1	+	180110996	180113380	180110996	180111195	180112436	180113380	781	30,23,24	15,4,7	27,23,24	2,1,2	198	99	0.000245281633779	0.00406729920426	0.5,0.742,0.632	0.871,0.92,0.857	-0.258
6297	"EMD"	"EMD"	chrX	+	154379941	154380367	154379941	154380019	154380233	154380367	6297	55,29,67	527,272,502	29,15,22	372,317,358	198	99	0.000256391382964	0.00423165590948	0.05,0.051,0.063	0.038,0.023,0.03	0.024
3101	"TMEM147"	"TMEM147"	chr19	+	35546671	35547240	35546671	35547029	35547118	35547240	3101	24,14,26	288,175,333	9,6,7	234,171,251	187	99	0.000263626913512	0.00433083841174	0.042,0.041,0.04	0.02,0.018,0.015	0.023
4345	"C1orf35"	"C1orf35"	chr1	-	228102309	228102560	228102309	228102382	228102477	228102560	4345	6,4,5	77,41,64	11,8,6	32,22,29	193	99	0.000268335331564	0.00437842506923	0.038,0.048,0.039	0.15,0.157,0.096	-0.093
4461	"DGKA"	"DGKA"	chr12	+	55938914	55939305	55938914	55938989	55939185	55939305	4461	0,0,0	7,1,2	0,1,8	9,6,11	198	99	0.000269002899214	0.00437842506923	0.0,0.0,0.0	0.0,0.077,0.267	-0.115
3852	"SEC24C"	"SEC24C"	chr10	+	73770279	73770798	73770279	73770471	73770708	73770798	3852	14,10,16	264,128,218	2,2,7	182,142,182	198	99	0.00028192369749	0.004548583297	0.026,0.038,0.035	0.005,0.007,0.019	0.023
6233	"DNHD1"	"DNHD1"	chr11	+	6570008	6571423	6570008	6570396	6570617	6571423	6233	2,2,2	1,0,0	3,1,0	0,4,1	198	99	0.000282032769548	0.004548583297	0.5,1.0,1.0	1.0,0.111,0.0	0.463
709	"ZWINT"	"ZWINT"	chr10	-	56357437	56358459	56357437	56358185	56358376	56358459	709	85,48,71	227,144,247	52,42,55	261,245,256	198	99	0.00029355435888	0.00471207129643	0.158,0.143,0.126	0.091,0.079,0.097	0.053
2129	"TSPYL2"	"TSPYL2"	chrX	+	53084531	53084866	53084531	53084622	53084754	53084866	2129	11,13,18	51,25,45	2,3,4	34,25,26	198	99	0.000294837983157	0.00471207129643	0.097,0.206,0.167	0.029,0.057,0.071	0.104
5292	"NUDT17"	"NUDT17"	chr1	+	145846432	145846690	145846432	145846458	145846597	145846690	5292	8,2,14	3,0,3	3,1,1	0,0,0	198	99	0.000301227307899	0.00479249933108	0.571,1.0,0.7	1.0,1.0,1.0	-0.243
4840	"MCRS1"	"MCRS1"	chr12	-	49566076	49566841	49566076	49566215	49566721	49566841	4840	18,15,27	168,96,128	9,8,3	120,98,104	198	99	0.000305520214808	0.0048390017879	0.051,0.072,0.095	0.036,0.039,0.014	0.043
3281	"GNL3"	"GNL3"	chr3	+	52690591	52691071	52690591	52690704	52690944	52691071	3281	29,17,25	239,134,203	14,12,12	229,237,206	198	99	0.000309018556187	0.00487256044845	0.057,0.06,0.058	0.03,0.025,0.028	0.031
1613	"NAGK"	"NAGK"	chr2	+	71075554	71076701	71075554	71075642	71076603	71076701	1613	5,2,5	36,15,33	0,0,0	35,18,29	198	99	0.000311416525166	0.00488854740838	0.065,0.063,0.07	0.0,0.0,0.0	0.066
1728	"LRCH4"	"LRCH4"	chr7	-	100577085	100577389	100577085	100577154	100577272	100577389	1728	15,10,12	35,23,53	4,1,4	30,23,36	198	99	0.000316114379507	0.00494033623194	0.176,0.179,0.102	0.063,0.021,0.053	0.107
1864	"DGKZ"	"DGKZ"	chr11	+	46378456	46379111	46378456	46378500	46378990	46379111	1864	40,22,59	237,137,215	10,16,14	152,102,143	198	99	0.000320860610211	0.00499242147694	0.078,0.074,0.121	0.032,0.073,0.047	0.04
2204	"GAS5"	"GAS5"	chr1	-	173864256	173864704	173864256	173864304	173864674	173864704	2204	242,114,200	44,27,32	228,234,231	20,18,29	198	99	0.000332603814235	0.00514192636983	0.733,0.679,0.758	0.851,0.867,0.799	-0.116
4382	"CCS"	"CCS"	chr11	+	66599115	66599636	66599115	66599253	66599458	66599636	4382	19,21,41	39,13,44	12,7,8	36,31,28	198	99	0.000333380843344	0.00514192636983	0.196,0.447,0.318	0.143,0.101,0.125	0.197
1462	"GLS2"	"GLS2"	chr12	-	56475623	56475977	56475623	56475682	56475944	56475977	1462	0,2,6	2,1,7	0,0,0	3,2,2	198	99	0.000341139291271	0.00523871294247	0.0,0.5,0.3	0.0,0.0,0.0	0.267
6407	"RGL3"	"RGL3"	chr19	-	11416613	11417059	11416613	11416662	11416835	11417059	6407	12,3,10	4,0,2	18,15,3	0,0,0	198	99	0.000368379581337	0.00563253974581	0.6,1.0,0.714	1.0,1.0,1.0	-0.229
4954	"SEC14L2"	"SEC14L2"	chr22	+	30415758	30416087	30415758	30415865	30415947	30416087	4954	5,4,10	89,52,86	4,1,1	125,78,135	180	99	0.000371496814306	0.00565571874193	0.03,0.041,0.06	0.017,0.007,0.004	0.034
2300	"THOC6"	"THOC6"	chr16	+	3025923	3026288	3025923	3026166	3026250	3026288	2300	9,5,13	64,27,61	4,2,2	39,60,62	182	99	0.000379249227831	0.00574896254377	0.071,0.092,0.104	0.053,0.018,0.017	0.06
3526	"RPL10A"	"RPL10A"	chr6	+	35468798	35469027	35468798	35468873	35468946	35469027	3526	53,26,40	1655,938,1472	23,20,17	1616,1187,1411	171	99	0.000382603346136	0.0057750214468	0.018,0.016,0.015	0.008,0.01,0.007	0.008
556	"OTUD5"	"OTUD5"	chrX	-	48934463	48934867	48934463	48934612	48934695	48934867	556	2,2,3	2,5,4	1,0,0	9,2,1	181	99	0.000401649855191	0.0060367118661	0.354,0.18,0.291	0.057,0.0,0.0	0.256
5479	"GTPBP2"	"GTPBP2"	chr6	-	43624887	43625560	43624887	43625062	43625362	43625560	5479	76,26,40	200,125,182	32,21,22	52,40,42	198	99	0.000409723127727	0.00613195799632	0.16,0.094,0.099	0.235,0.208,0.208	-0.099
6600	"C9orf142"	"C9orf142"	chr9	+	136992639	136992974	136992639	136992700	136992924	136992974	6600	112,57,144	41,23,33	60,34,42	33,26,33	198	99	0.000427167952592	0.00636606417112	0.577,0.553,0.686	0.476,0.395,0.389	0.185
4280	"DNAH11"	"DNAH11"	chr7	+	21894622	21894999	21894622	21894805	21894883	21894999	4280	4,2,3	5,1,0	13,3,11	0,0,0	176	99	0.000430914839174	0.00639492105867	0.31,0.529,1.0	1.0,1.0,1.0	-0.387
3924	"BRAT1"	"BRAT1"	chr7	-	2539785	2541052	2539785	2539888	2540978	2541052	3924	28,16,18	288,178,288	26,19,21	153,90,143	198	99	0.000439141438078	0.00643588198876	0.046,0.043,0.03	0.078,0.095,0.068	-0.041
4439	"FUS"	"FUS"	chr16	+	31184938	31188357	31184938	31185179	31188324	31188357	4439	20,15,35	0,2,2	16,11,24	4,5,6	198	99	0.000438969509207	0.00643588198876	1.0,0.789,0.897	0.667,0.524,0.667	0.276
6664	"ANKRD13B"	"ANKRD13B"	chr17	+	29607741	29608110	29607741	29607877	29607985	29608110	6664	13,10,5	10,5,5	3,1,1	9,5,4	198	99	0.000436152397254	0.00643588198876	0.394,0.5,0.333	0.143,0.091,0.111	0.294
3072	"CDK10"	"CDK10"	chr16	+	89693273	89693467	89693273	89693326	89693397	89693467	3072	75,52,94	44,32,69	56,26,40	61,44,46	169	99	0.000461199657882	0.00670352753761	0.5,0.488,0.444	0.35,0.257,0.337	0.163
6630	"RABL6"	"RABL6"	chr9	+	136831720	136832370	136831720	136831861	136832261	136832370	6630	4,6,3	1,0,0	4,1,2	3,0,2	198	99	0.000460464165541	0.00670352753761	0.667,1.0,1.0	0.4,1.0,0.333	0.311
6182	"NR1H3"	"NR1H3"	chr11	+	47261546	47262018	47261546	47261726	47261918	47262018	6182	9,6,10	63,44,64	18,15,16	54,29,48	198	99	0.00046744673228	0.00676648302628	0.067,0.064,0.072	0.143,0.205,0.143	-0.096
2046	"FAM135A"	"FAM135A"	chr6	+	70524930	70526698	70524930	70525191	70525863	70526698	2046	19,13,16	1,4,6	14,8,14	0,0,2	198	99	0.00048312753658	0.00696492432327	0.905,0.619,0.571	1.0,1.0,0.778	-0.228
4263	"GORASP1"	"GORASP1"	chr3	-	39100746	39101102	39100746	39100877	39101015	39101102	4263	7,4,7	37,16,46	0,2,2	41,26,28	198	99	0.00049040243456	0.00704106259702	0.086,0.111,0.071	0.0,0.037,0.034	0.066
670	"KDM3B"	"KDM3B"	chr5	+	138386021	138386621	138386021	138386190	138386288	138386621	670	217,123,198	8,3,4	132,115,144	0,0,1	196	99	0.000497487228754	0.00711386595935	0.932,0.954,0.962	1.0,1.0,0.986	-0.046
1053	"VEGFA"	"VEGFA"	chr6	+	43778888	43786484	43778888	43778918	43784540	43786484	1053	18,12,12	264,124,224	10,16,11	74,65,72	198	99	0.000511945633649	0.00729109668568	0.033,0.046,0.026	0.063,0.11,0.071	-0.046
5252	"REV1"	"REV1"	chr2	-	99402243	99402800	99402243	99402346	99402643	99402800	5252	15,7,11	17,8,26	21,15,15	9,4,9	198	99	0.00053542245662	0.00759482777824	0.306,0.304,0.175	0.538,0.652,0.455	-0.287
5938	"STARD5"	"STARD5"	chr15	-	81322407	81324141	81322407	81322540	81323801	81324141	5938	2,0,3	2,1,1	2,1,1	0,0,0	198	99	0.000546088208189	0.00771513420529	0.333,0.0,0.6	1.0,1.0,1.0	-0.689
3717	"GMPPA"	"GMPPA"	chr2	+	219505457	219505761	219505457	219505555	219505714	219505761	3717	41,21,54	83,54,79	26,9,19	79,57,68	198	99	0.000558432557561	0.00785810276217	0.198,0.163,0.255	0.141,0.073,0.123	0.093
5528	"ZFPL1"	"ZFPL1"	chr11	+	65084241	65084800	65084241	65084360	65084690	65084800	5528	48,21,60	6,3,6	49,26,37	2,0,1	198	99	0.000562017264599	0.00787716261335	0.8,0.778,0.833	0.925,1.0,0.949	-0.154
6004	"SYVN1"	"SYVN1"	chr11	-	65130001	65130379	65130001	65130175	65130250	65130379	6004	14,8,8	62,34,60	1,1,2	26,21,24	173	99	0.000588419286772	0.00821461233549	0.114,0.119,0.071	0.022,0.027,0.046	0.07
5509	"RABGGTA"	"RABGGTA"	chr14	-	24270836	24271169	24270836	24270998	24271112	24271169	5509	23,11,27	72,37,56	5,8,8	62,32,46	198	99	0.000617280019224	0.00858359459803	0.138,0.129,0.194	0.039,0.111,0.08	0.077
1829	"EXOSC8"	"EXOSC8"	chr13	+	37002933	37004561	37002933	37003007	37004515	37004561	1829	23,20,23	264,119,254	7,3,6	131,115,115	198	99	0.00062194791449	0.00861458836854	0.042,0.078,0.043	0.026,0.013,0.025	0.033
1971	"DUS3L"	"DUS3L"	chr19	-	5786748	5787171	5786748	5786845	5787060	5787171	1971	15,9,12	31,17,32	2,4,2	26,20,12	198	99	0.000650967121423	0.00898131200338	0.195,0.209,0.158	0.037,0.091,0.077	0.119
1875	"HMBS"	"HMBS"	chr11	+	119092124	119092811	119092124	119092163	119092757	119092811	1875	9,5,5	0,5,11	2,1,2	12,8,15	198	99	0.000683213401369	0.00938953203749	1.0,0.333,0.185	0.077,0.059,0.063	0.44
4495	"TUBGCP6"	"TUBGCP6"	chr22	-	50219287	50219791	50219287	50219456	50219643	50219791	4495	12,3,10	19,16,21	3,0,0	10,8,5	198	99	0.000694454900687	0.00947183617388	0.24,0.086,0.192	0.13,0.0,0.0	0.129
5155	"CHD4"	"CHD4"	chr12	-	6583026	6583378	6583026	6583113	6583197	6583378	5155	25,19,31	160,114,113	22,14,22	205,179,210	182	99	0.000694565563147	0.00947183617388	0.078,0.083,0.13	0.055,0.041,0.054	0.047
5	"SLC44A2"	"SLC44A2"	chr19	+	10635162	10635515	10635162	10635255	10635430	10635515	5	109,68,118	1511,866,1847	60,50,48	1310,1022,1136	198	99	0.000709285495285	0.00956072759158	0.035,0.038,0.031	0.022,0.024,0.021	0.012
1206	"TMEM175"	"TMEM175"	chr4	+	948115	948615	948115	948154	948410	948615	1206	8,5,4	1,3,2	1,1,3	1,0,0	198	99	0.000706820833761	0.00956072759158	0.8,0.455,0.5	0.333,1.0,1.0	-0.193
1666	"DDX39A"	"DDX39A"	chr19	-	14409741	14410334	14409741	14409981	14410215	14410334	1666	81,37,94	2,4,5	36,35,28	1,0,0	198	99	0.00071041033135	0.00956072759158	0.953,0.822,0.904	0.947,1.0,1.0	-0.089
5960	"QARS"	"QARS"	chr3	-	49103344	49103706	49103344	49103431	49103630	49103706	5960	22,21,27	3,0,6	36,17,23	1,0,1	198	99	0.000711911482612	0.00956072759158	0.786,1.0,0.692	0.947,1.0,0.92	-0.13
958	"ANKRD52"	"ANKRD52"	chr12	-	56237806	56243392	56237806	56237968	56243237	56243392	958	62,24,64	2,3,4	46,31,58	0,0,1	198	99	0.000764142259556	0.0102232971998	0.939,0.8,0.889	1.0,1.0,0.967	-0.113
5876	"IQCC"	"IQCC"	chr1	+	32206153	32206761	32206153	32206297	32206508	32206761	5876	17,15,15	61,37,71	16,3,9	9,5,11	198	99	0.000779428345139	0.0103884562831	0.122,0.169,0.096	0.471,0.231,0.29	-0.202
4762	"GTF3C2"	"GTF3C2"	chr2	-	27335916	27336425	27335916	27336028	27336197	27336425	4762	22,7,12	109,74,94	4,3,2	63,61,48	198	99	0.000792695128058	0.0105255608733	0.092,0.045,0.06	0.031,0.024,0.02	0.041
3716	"GMPPA"	"GMPPA"	chr2	+	219505457	219505761	219505457	219505555	219505694	219505761	3716	40,22,55	1,4,8	29,10,22	1,1,0	198	99	0.000805421890654	0.0106544948232	0.952,0.733,0.775	0.935,0.833,1.0	-0.103
4855	"GALT"	"GALT"	chr9	+	34647088	34648171	34647088	34647961	34648114	34648171	4855	5,1,5	20,15,40	0,0,0	20,13,18	198	99	0.000835267734882	0.0110080807448	0.111,0.032,0.059	0.0,0.0,0.0	0.067
3408	"LMF2"	"LMF2"	chr22	-	50505056	50505537	50505056	50505153	50505402	50505537	3408	15,9,18	2,3,1	13,5,13	0,0,0	198	99	0.000850173784775	0.011162876609	0.789,0.6,0.9	1.0,1.0,1.0	-0.237
768	"GPS1"	"GPS1"	chr17	+	82056628	82057470	82056628	82056766	82056839	82057470	768	23,14,13	441,232,439	7,7,6	420,293,330	171	99	0.000862498673286	0.0112827604224	0.029,0.034,0.017	0.01,0.014,0.01	0.015
5128	"XPOT"	"XPOT"	chr12	+	64425037	64425457	64425037	64425138	64425337	64425457	5128	95,35,79	3,2,5	41,62,49	0,0,1	198	99	0.000885088262471	0.0115355414873	0.941,0.897,0.888	1.0,1.0,0.961	-0.078
543	"PCYT2"	"PCYT2"	chr17	-	81906099	81906546	81906099	81906177	81906463	81906546	543	10,5,15	69,33,40	3,3,3	53,36,44	198	99	0.000894374984052	0.0115711811124	0.068,0.07,0.158	0.028,0.04,0.033	0.065
4234	"RTEL1-TNFRSF6B"	"RTEL1-TNFRSF6B"	chr20	+	63678144	63678346	63678144	63678183	63678267	63678346	4234	9,0,0	21,7,11	0,0,0	6,10,4	182	99	0.000892761357763	0.0115711811124	0.189,0.0,0.0	0.0,0.0,0.0	0.063
1878	"GALK1"	"GALK1"	chr17	-	75762703	75763439	75762703	75762885	75763319	75763439	1878	5,4,2	3,3,2	7,1,0	0,0,1	198	99	0.000930863392639	0.0119556709193	0.455,0.4,0.333	1.0,1.0,0.0	-0.271
3591	"HNRNPH1"	"HNRNPH1"	chr5	-	179616125	179617110	179616125	179616218	179616868	179617110	3591	128,57,110	1202,635,1186	81,57,93	1339,975,1259	198	99	0.000927787277609	0.0119556709193	0.051,0.043,0.044	0.029,0.028,0.036	0.015
4435	"ATAD3B"	"ATAD3B"	chr1	+	1485781	1486235	1485781	1485838	1486109	1486235	4435	4,4,6	12,7,16	4,0,0	20,18,8	198	99	0.000947693466496	0.0121277294336	0.143,0.222,0.158	0.091,0.0,0.0	0.144
6768	"DCXR"	"DCXR"	chr17	-	82036190	82036448	82036190	82036308	82036383	82036448	6768	20,9,27	136,73,141	10,6,8	131,94,117	173	99	0.000961734779846	0.0122629864347	0.078,0.066,0.099	0.042,0.035,0.038	0.043
554	"PABPC4"	"PABPC4"	chr1	-	39560815	39562203	39560815	39561122	39562072	39562203	554	10,7,5	0,0,2	5,4,8	2,1,4	198	99	0.00101721971449	0.0128508992659	1.0,1.0,0.556	0.556,0.667,0.5	0.278
4636	"LRRC57"	"LRRC57"	chr15	-	42547260	42548244	42547260	42547529	42548105	42548244	4636	6,5,2	59,24,37	0,0,0	19,28,31	198	99	0.0010187575862	0.0128508992659	0.048,0.094,0.026	0.0,0.0,0.0	0.056
6416	"MIF4GD"	"MIF4GD"	chr17	-	75267745	75268192	75267745	75267901	75268082	75268192	6416	38,19,32	79,42,64	16,10,7	62,43,40	198	99	0.00101742925577	0.0128508992659	0.194,0.184,0.2	0.114,0.104,0.08	0.093
3936	"TFAP2A"	"TFAP2A"	chr6	-	10409900	10410335	10409900	10410138	10410281	10410335	3936	196,143,236	0,0,2	109,113,121	4,0,7	198	99	0.00103449161484	0.0130029337495	1.0,1.0,0.983	0.932,1.0,0.896	0.052
4618	"MBD6"	"MBD6"	chr12	+	57524028	57524416	57524028	57524092	57524279	57524416	4618	23,7,12	71,45,51	6,1,3	35,27,48	198	99	0.00104105663608	0.0130390497824	0.139,0.072,0.105	0.079,0.018,0.03	0.063
1859	"SNHG1"	"SNHG1"	chr11	-	62853800	62854064	62853800	62853833	62854017	62854064	1859	85,45,79	335,169,309	127,80,93	269,209,277	198	99	0.00105652817443	0.0131396391271	0.113,0.117,0.113	0.191,0.161,0.144	-0.051
2529	"MUTYH"	"MUTYH"	chr1	-	45332762	45333324	45332762	45333170	45333284	45333324	2529	6,5,5	39,23,44	1,1,0	18,16,22	198	99	0.0010553279676	0.0131396391271	0.071,0.098,0.054	0.027,0.03,0.0	0.055
829	"TRMT112"	"TRMT112"	chr11	-	64316690	64317147	64316690	64316968	64317057	64317147	829	63,51,76	554,319,634	30,11,25	271,304,300	187	99	0.00106793437021	0.0132348919143	0.057,0.078,0.06	0.055,0.019,0.042	0.026
1983	"MICALL2"	"MICALL2"	chr7	-	1438096	1438353	1438096	1438220	1438288	1438353	1983	10,4,8	24,21,20	2,6,1	36,30,29	166	99	0.00107863522661	0.0133207679034	0.199,0.102,0.193	0.032,0.107,0.02	0.112
775	"ZYX"	"ZYX"	chr7	+	143382247	143382685	143382247	143382447	143382592	143382685	775	15,3,21	330,197,295	0,0,0	119,63,78	198	99	0.00113663209463	0.0139395297161	0.022,0.008,0.034	0.0,0.0,0.0	0.021
5371	"AKAP8L"	"AKAP8L"	chr19	-	15403474	15403715	15403474	15403555	15403657	15403715	5371	272,155,304	2,4,3	230,130,182	4,5,13	198	99	0.00113515931049	0.0139395297161	0.986,0.951,0.981	0.966,0.929,0.875	0.049
1463	"ABCB8"	"ABCB8"	chr7	+	151034272	151034599	151034272	151034428	151034504	151034599	1463	7,2,7	43,31,45	2,1,0	38,26,25	174	99	0.00116691583307	0.014261407344	0.085,0.035,0.081	0.029,0.021,0.0	0.05
6306	"NDUFV1"	"NDUFV1"	chr11	+	67608225	67608722	67608225	67608478	67608551	67608722	6306	47,28,28	666,355,691	14,8,20	465,353,466	171	99	0.00117166158248	0.0142700300321	0.039,0.044,0.023	0.017,0.013,0.024	0.017
3706	"SMPD4"	"SMPD4"	chr2	-	130154276	130155259	130154276	130154482	130155095	130155259	3706	5,7,11	119,50,115	2,0,2	64,49,77	198	99	0.00118068807368	0.0143305507774	0.021,0.065,0.046	0.015,0.0,0.013	0.035
862	"TNS1"	"TNS1"	chr2	-	217880897	217882411	217880897	217881014	217882345	217882411	862	2,5,1	7,3,9	1,0,0	3,2,13	198	99	0.00122672530518	0.0148383348558	0.125,0.455,0.053	0.143,0.0,0.0	0.163
426	"C1orf159"	"C1orf159"	chr1	-	1084352	1084506	1084352	1084383	1084480	1084506	426	31,7,22	136,52,148	2,0,3	18,21,37	195	99	0.00123923047967	0.014938437045	0.104,0.064,0.07	0.053,0.0,0.04	0.048
5379	"TSPAN31"	"TSPAN31"	chr12	+	57746175	57746720	57746175	57746256	57746588	57746720	5379	7,2,6	29,3,24	9,2,2	3,2,1	198	99	0.0012451969735	0.0149593051374	0.108,0.25,0.111	0.6,0.333,0.5	-0.321
1072	"KRT15"	"KRT15"	chr17	-	41516807	41517165	41516807	41516964	41517082	41517165	1072	36,16,40	116,64,140	19,10,13	104,71,111	198	99	0.0012727055825	0.0152379529403	0.134,0.111,0.125	0.084,0.066,0.055	0.055
4493	"RBM45"	"RBM45"	chr2	+	178123521	178123912	178123521	178123651	178123827	178123912	4493	10,4,1	27,14,22	0,3,0	18,21,10	198	99	0.00130740074616	0.0156004710657	0.156,0.125,0.022	0.0,0.067,0.0	0.079
5625	"DGAT1"	"DGAT1"	chr8	-	144318094	144318362	144318094	144318169	144318260	144318362	5625	27,11,19	97,59,120	2,6,5	62,44,46	189	99	0.0013610587812	0.0161860593104	0.127,0.089,0.077	0.017,0.067,0.054	0.052
4063	"BECN1"	"BECN1"	chr17	-	42818786	42819609	42818786	42818877	42819547	42819609	4063	32,19,22	126,54,113	6,5,11	86,35,70	198	99	0.00136719372669	0.0162044571902	0.113,0.15,0.089	0.034,0.067,0.073	0.059
928	"SF3B1"	"SF3B1"	chr2	-	197418795	197420542	197418795	197418951	197420427	197420542	928	27,9,22	2,1,4	5,6,10	0,0,1	198	99	0.00138353392035	0.0162200248784	0.871,0.818,0.733	1.0,1.0,0.833	-0.137
1617	"COG4"	"COG4"	chr16	-	70508405	70509388	70508405	70508464	70509230	70509388	1617	12,5,21	19,12,19	8,7,2	25,27,19	198	99	0.00138687641939	0.0162200248784	0.24,0.172,0.356	0.138,0.115,0.05	0.155
2128	"CLPP"	"CLPP"	chr19	+	6361868	6362542	6361868	6361940	6362445	6362542	2128	39,27,44	213,133,207	16,26,11	192,121,175	198	99	0.0013859340072	0.0162200248784	0.084,0.092,0.096	0.04,0.097,0.03	0.035
5951	"QARS"	"QARS"	chr3	-	49097991	49098480	49097991	49098117	49098191	49098480	5951	10,2,14	98,58,102	9,6,1	154,150,160	172	99	0.00138084555553	0.0162200248784	0.055,0.019,0.073	0.033,0.023,0.004	0.029
3978	"CDK20"	"CDK20"	chr9	-	87970567	87970897	87970567	87970630	87970775	87970897	3978	10,2,2	5,1,0	0,1,1	4,0,3	198	99	0.00140609588921	0.0163905302993	0.5,0.5,1.0	0.0,1.0,0.143	0.286
2363	"U2AF1L4"	"U2AF1L4"	chr19	-	35744322	35745187	35744322	35744738	35745124	35745187	2363	31,19,38	67,32,65	9,2,2	18,18,26	198	99	0.00143020353467	0.0166167068568	0.188,0.229,0.226	0.2,0.053,0.037	0.118
495	"RAD51D"	"RAD51D"	chr17	-	35106127	35106481	35106127	35106249	35106385	35106481	495	2,3,1	1,1,2	0,1,1	1,6,5	198	99	0.00147969259005	0.0171353253379	0.5,0.6,0.2	0.0,0.077,0.091	0.377
3104	"KRTCAP2"	"KRTCAP2"	chr1	-	155169790	155172489	155169790	155169857	155172350	155172489	3104	19,15,13	1,5,4	13,6,6	1,0,1	198	99	0.00149464924472	0.0172519644848	0.905,0.6,0.619	0.867,1.0,0.75	-0.164
6003	"SYVN1"	"SYVN1"	chr11	-	65130001	65130379	65130001	65130172	65130250	65130379	6003	14,8,8	39,15,38	1,1,2	14,10,15	176	99	0.00150462950644	0.017310590934	0.168,0.231,0.106	0.039,0.053,0.07	0.114
857	"APEH"	"APEH"	chr3	+	49676055	49676515	49676055	49676219	49676377	49676515	857	17,8,19	350,239,408	9,4,7	424,294,407	198	99	0.00151427687972	0.017365019283	0.024,0.016,0.023	0.011,0.007,0.009	0.012
6017	"BAX"	"BAX"	chr19	+	48960809	48961798	48960809	48960914	48961531	48961798	6017	26,9,40	42,32,32	31,27,28	21,13,16	198	99	0.00152025419811	0.0173771450735	0.236,0.123,0.385	0.425,0.509,0.467	-0.219
1915	"ANK3"	"ANK3"	chr10	-	60059339	60060006	60059339	60059430	60059697	60060006	1915	16,6,3	86,53,65	20,5,8	32,23,39	198	99	0.00155124324133	0.0176741649303	0.085,0.054,0.023	0.238,0.098,0.093	-0.089
1117	"ZSWIM8"	"ZSWIM8"	chr10	+	73800639	73801195	73800639	73800759	73801016	73801195	1117	5,2,1	53,27,34	7,4,1	7,6,15	198	99	0.00158879673216	0.018043826553	0.045,0.036,0.014	0.333,0.25,0.032	-0.173
1850	"NKTR"	"NKTR"	chr3	+	42627199	42630575	42627199	42627227	42630545	42630575	1850	22,10,29	0,1,0	18,7,13	2,1,2	198	99	0.00161283437409	0.0181546530584	1.0,0.833,1.0	0.818,0.778,0.765	0.157
3861	"AP1G2"	"AP1G2"	chr14	-	23562503	23563638	23562503	23562593	23563379	23563638	3861	14,6,16	40,27,44	7,6,4	49,43,47	198	99	0.00161397538515	0.0181546530584	0.149,0.1,0.154	0.067,0.065,0.041	0.077
5078	"ITGA3"	"ITGA3"	chr17	+	50076583	50077447	50076583	50076681	50077378	50077447	5078	1,1,3	5,2,4	3,3,2	0,3,0	198	99	0.0016050169102	0.0181546530584	0.091,0.2,0.273	1.0,0.333,1.0	-0.59
4088	"AUP1"	"AUP1"	chr2	-	74526940	74527363	74526940	74527059	74527247	74527363	4088	96,54,71	617,324,626	48,41,47	586,410,492	198	99	0.00170535121971	0.0191215889143	0.072,0.077,0.054	0.039,0.048,0.046	0.023
3873	"CHI3L1"	"CHI3L1"	chr1	-	203178930	203179877	203178930	203179585	203179760	203179877	3873	6,2,9	84,58,75	0,0,0	49,21,28	198	99	0.00172379194648	0.0192671935284	0.034,0.017,0.057	0.0,0.0,0.0	0.036
1102	"COQ6"	"COQ6"	chr14	+	73959414	73961375	73959414	73959522	73961172	73961375	1102	9,3,5	10,11,19	4,0,1	16,16,17	198	99	0.00176169835762	0.0196287652969	0.31,0.12,0.116	0.111,0.0,0.029	0.135
6201	"ITGB1BP1"	"ITGB1BP1"	chr2	-	9406660	9407598	9406660	9406905	9407448	9407598	6201	35,13,30	158,85,127	14,21,10	145,130,137	198	99	0.00182024080348	0.0202172657795	0.1,0.071,0.106	0.046,0.075,0.035	0.04
2459	"CYP1A1"	"CYP1A1"	chr15	-	74720719	74721053	74720719	74720774	74720966	74721053	2459	7,1,1	18,14,17	0,0,0	9,11,4	198	99	0.00183519537224	0.0203177485868	0.163,0.034,0.029	0.0,0.0,0.0	0.075
6163	"RHOT2"	"RHOT2"	chr16	+	668352	668699	668352	668569	668655	668699	6163	28,21,33	138,74,132	9,6,10	91,63,60	184	99	0.00184079262395	0.0203177485868	0.098,0.132,0.119	0.051,0.049,0.082	0.056
1949	"PPM1F"	"PPM1F"	chr22	-	21924875	21925662	21924875	21925028	21925568	21925662	1949	12,15,19	4,0,2	4,2,3	0,0,0	198	99	0.00185863598839	0.0204507860156	0.6,1.0,0.826	1.0,1.0,1.0	-0.191
1824	"BPHL"	"BPHL"	chr6	+	3138040	3140509	3138040	3138179	3140385	3140509	1824	3,1,1	2,0,0	0,3,1	1,1,1	198	99	0.00187777370973	0.0205334264482	0.429,1.0,1.0	0.0,0.6,0.333	0.499
2620	"LINC00240"	"LINC00240"	chr6	+	27023253	27023924	27023253	27023397	27023764	27023924	2620	7,3,10	7,9,7	5,8,1	3,0,0	198	99	0.00187562712067	0.0205334264482	0.333,0.143,0.417	0.455,1.0,1.0	-0.521
985	"BIRC5"	"BIRC5"	chr17	+	78215965	78216781	78215965	78216034	78216663	78216781	985	7,5,8	78,35,85	3,0,1	38,46,51	198	99	0.00191676230958	0.0208013700613	0.043,0.067,0.045	0.038,0.0,0.01	0.036
3193	"LINC01089"	"LINC01089"	chr12	-	121795266	121796242	121795266	121795726	121796190	121796242	3193	5,2,11	2,1,2	8,12,3	0,0,1	198	99	0.00191901866322	0.0208013700613	0.556,0.5,0.733	1.0,1.0,0.6	-0.27
6473	"PFKL"	"PFKL"	chr21	+	44319350	44320147	44319350	44319415	44320083	44320147	6473	19,15,18	200,114,144	14,3,11	205,141,175	198	99	0.00191994525481	0.0208013700613	0.045,0.062,0.059	0.033,0.011,0.03	0.031
1743	"USP5"	"USP5"	chr12	+	6863829	6864195	6863829	6863973	6864049	6864195	1743	4,3,13	132,76,171	0,2,3	224,137,205	174	99	0.00194877511114	0.02098498077	0.017,0.022,0.041	0.0,0.008,0.008	0.021
5340	"DUS1L"	"DUS1L"	chr17	-	82058340	82058818	82058340	82058416	82058780	82058818	5340	76,30,54	241,119,265	25,17,18	163,110,129	198	99	0.00194641452835	0.02098498077	0.136,0.112,0.092	0.071,0.072,0.065	0.044
5886	"FAM50A"	"FAM50A"	chrX	+	154449680	154449931	154449680	154449735	154449882	154449931	5886	37,31,29	323,172,398	13,11,15	263,175,214	198	99	0.00196213602255	0.0210646335308	0.054,0.083,0.035	0.024,0.03,0.034	0.028
1582	"OXSM"	"OXSM"	chr3	+	25790989	25791997	25790989	25791315	25791769	25791997	1582	35,25,43	13,10,10	28,20,19	0,2,4	198	99	0.00196887898882	0.0210729714803	0.574,0.556,0.683	1.0,0.833,0.704	-0.241
2020	"SAP30BP"	"SAP30BP"	chr17	+	75705610	75706092	75705610	75705693	75706007	75706092	2020	23,15,20	16,17,19	6,5,9	1,1,2	198	99	0.00198536676235	0.0211852429143	0.418,0.306,0.345	0.75,0.714,0.692	-0.362
2758	"PTBP1"	"PTBP1"	chr19	+	804035	804438	804035	804208	804291	804438	2758	32,6,26	591,363,512	6,11,9	473,333,424	181	99	0.00200517784022	0.0212681325275	0.029,0.009,0.027	0.007,0.018,0.011	0.01
6771	"DCXR"	"DCXR"	chr17	-	82036190	82036643	82036190	82036448	82036543	82036643	6771	71,32,69	84,51,85	32,17,35	74,47,67	193	99	0.00200197403079	0.0212681325275	0.302,0.243,0.294	0.182,0.156,0.211	0.097
1097	"LRRC75A-AS1"	"LRRC75A-AS1"	chr17	+	16439326	16440253	16439326	16439703	16440184	16440253	1097	42,28,57	1206,738,1223	57,32,23	640,488,559	198	99	0.00203988242999	0.0215714513255	0.017,0.019,0.023	0.043,0.032,0.02	-0.012
2147	"JMJD8"	"JMJD8"	chr16	-	683321	683598	683321	683441	683529	683598	2147	50,25,70	46,32,66	20,17,25	37,31,49	186	99	0.00205362738848	0.0216519759287	0.367,0.294,0.361	0.223,0.226,0.214	0.12
1828	"EXOSC8"	"EXOSC8"	chr13	+	37002933	37004561	37002933	37003007	37004476	37004561	1828	19,15,21	1,1,4	6,3,5	0,0,0	198	99	0.00206467625499	0.0217036801566	0.905,0.882,0.724	1.0,1.0,1.0	-0.163
5945	"ATG4D"	"ATG4D"	chr19	+	10546838	10547253	10546838	10547115	10547188	10547253	5945	30,14,19	139,80,114	5,4,8	72,62,64	171	99	0.00208496476694	0.0218519155989	0.111,0.092,0.088	0.039,0.036,0.067	0.05
140	"VPS28"	"VPS28"	chr8	-	144424945	144425772	144424945	144425000	144425682	144425772	140	306,150,285	33,5,33	141,77,122	22,17,23	198	99	0.00211340119765	0.0220219155419	0.823,0.938,0.812	0.762,0.694,0.726	0.13
1444	"AL136419.6"	"AL136419.6"	chr14	-	24215551	24215797	24215551	24215662	24215736	24215797	1444	61,31,48	24,11,8	9,9,11	6,8,12	172	99	0.00211988994458	0.0220219155419	0.594,0.619,0.775	0.463,0.393,0.345	0.262
4197	"NPRL2"	"NPRL2"	chr3	-	50347758	50348241	50347758	50347901	50348123	50348241	4197	3,2,7	35,22,37	0,0,2	27,32,26	198	99	0.00211398841569	0.0220219155419	0.041,0.043,0.086	0.0,0.0,0.037	0.044
524	"MGAT4B"	"MGAT4B"	chr5	-	179799505	179800068	179799505	179799636	179799953	179800068	524	24,19,32	666,384,645	17,6,9	511,381,496	198	99	0.00214959876765	0.022199949846	0.018,0.024,0.024	0.016,0.008,0.009	0.011
2781	"SPAG5"	"SPAG5"	chr17	-	28579140	28579485	28579140	28579252	28579364	28579485	2781	8,7,7	156,80,141	1,0,3	115,100,135	198	99	0.00214693728923	0.022199949846	0.025,0.042,0.024	0.004,0.0,0.011	0.025
4297	"PLSCR1"	"PLSCR1"	chr3	-	146521543	146522053	146521543	146521705	146521832	146522053	4297	30,14,17	269,117,200	9,5,16	189,180,213	198	99	0.00217212011556	0.0223671377497	0.053,0.056,0.041	0.023,0.014,0.036	0.026
5488	"ACTG1"	"ACTG1"	chr17	-	81511187	81511803	81511187	81511626	81511762	81511803	5488	59,28,32	4,1,2	28,14,23	0,0,0	198	99	0.00218667384053	0.0224515465254	0.881,0.933,0.889	1.0,1.0,1.0	-0.099
1120	"ARL16"	"ARL16"	chr17	-	81682033	81682675	81682033	81682149	81682442	81682675	1120	134,70,135	8,2,2	105,61,85	1,0,1	198	99	0.00221168031302	0.0226151957347	0.893,0.946,0.971	0.981,1.0,0.977	-0.049
1195	"MPHOSPH8"	"MPHOSPH8"	chr13	+	19670839	19671289	19670839	19670964	19671205	19671289	1195	11,14,17	3,4,1	9,8,9	0,0,2	198	99	0.00221746979894	0.0226151957347	0.647,0.636,0.895	1.0,1.0,0.692	-0.171
5944	"ATG4D"	"ATG4D"	chr19	+	10546838	10547253	10546838	10547082	10547188	10547253	5944	74,33,68	3,10,0	17,19,48	0,0,2	198	99	0.00222182132501	0.0226151957347	0.925,0.623,1.0	1.0,1.0,0.923	-0.125
5328	"SNHG12"	"SNHG12"	chr1	-	28579532	28579981	28579532	28579587	28579941	28579981	5328	31,15,33	10,6,5	47,48,49	7,2,2	198	99	0.00225058057204	0.0227997508246	0.608,0.556,0.767	0.77,0.923,0.925	-0.229
6226	"FBF1"	"FBF1"	chr17	-	75920006	75920429	75920006	75920107	75920273	75920429	6226	9,5,9	15,8,16	1,1,3	7,4,19	198	99	0.00225286326098	0.0227997508246	0.231,0.238,0.22	0.067,0.111,0.073	0.146
5512	"EPS8L1"	"EPS8L1"	chr19	+	55083377	55083644	55083377	55083519	55083615	55083644	5512	4,0,2	4,1,2	0,0,1	2,1,7	194	99	0.00226268041298	0.0228336777676	0.338,0.0,0.338	0.0,0.0,0.068	0.203
5517	"MLXIP"	"MLXIP"	chr12	+	122135488	122137590	122135488	122135666	122137468	122137590	5517	7,5,6	48,44,77	1,0,1	43,15,14	198	99	0.00227628817517	0.0229055550846	0.068,0.054,0.037	0.011,0.0,0.034	0.038
6499	"HSPH1"	"HSPH1"	chr13	-	31136624	31137524	31136624	31137117	31137367	31137524	6499	220,134,191	4,0,2	266,218,262	10,4,10	198	99	0.00229043638019	0.0229824468603	0.965,1.0,0.979	0.93,0.965,0.929	0.04
3608	"PRR14"	"PRR14"	chr16	+	30651595	30651964	30651595	30651668	30651795	30651964	3608	32,17,31	63,34,69	7,4,4	33,18,20	198	99	0.00231174565924	0.0231305543015	0.203,0.2,0.183	0.096,0.1,0.091	0.1
2645	"SMARCC2"	"SMARCC2"	chr12	-	56178403	56178847	56178403	56178534	56178809	56178847	2645	23,7,15	244,116,241	0,1,9	126,87,108	198	99	0.00234350574183	0.0233162317751	0.045,0.029,0.03	0.0,0.006,0.04	0.019
5652	"TRMT1"	"TRMT1"	chr19	-	13115996	13116431	13115996	13116052	13116186	13116431	5652	98,60,93	2,3,4	65,59,68	0,0,0	198	99	0.00234277091802	0.0233162317751	0.961,0.909,0.921	1.0,1.0,1.0	-0.07
6157	"TSPAN1"	"TSPAN1"	chr1	+	46184190	46184668	46184190	46184397	46184593	46184668	6157	17,6,11	62,30,32	7,6,1	74,38,21	198	99	0.00235599837593	0.0233746805162	0.121,0.091,0.147	0.045,0.073,0.023	0.073
309	"SLU7"	"SLU7"	chr5	-	160418595	160419081	160418595	160418685	160419022	160419081	309	5,3,5	9,3,5	10,6,8	4,0,2	198	99	0.0024053402217	0.0237973716052	0.217,0.333,0.333	0.556,1.0,0.667	-0.447
2791	"ZMIZ2"	"ZMIZ2"	chr7	+	44761448	44761905	44761448	44761593	44761694	44761905	2791	29,11,21	137,72,130	15,15,9	178,123,132	198	99	0.00252724124669	0.0249335644785	0.096,0.071,0.075	0.04,0.057,0.033	0.037
2384	"NEIL1"	"NEIL1"	chr15	+	75354249	75354492	75354249	75354277	75354430	75354492	2384	4,3,2	0,2,0	3,0,3	0,3,2	198	99	0.00256379315715	0.0251536595307	1.0,0.429,1.0	1.0,0.0,0.429	0.333
3100	"TMEM147"	"TMEM147"	chr19	+	35546671	35547240	35546671	35546808	35547118	35547240	3100	40,31,44	18,17,18	16,9,10	0,4,0	198	99	0.00255688744432	0.0251536595307	0.526,0.477,0.55	1.0,0.529,1.0	-0.325
168	"NMRK1"	"NMRK1"	chr9	-	75068995	75070042	75068995	75069102	75069894	75070042	168	3,1,2	4,1,5	0,0,1	8,2,2	198	99	0.00258371040872	0.0252090197889	0.273,0.333,0.167	0.0,0.0,0.2	0.191
6300	"COMMD3"	"COMMD3"	chr10	+	22318271	22318713	22318271	22318306	22318652	22318713	6300	10,4,7	36,26,42	6,0,2	37,39,50	198	99	0.00257971720182	0.0252090197889	0.122,0.071,0.077	0.075,0.0,0.02	0.058
4616	"SLC39A9"	"SLC39A9"	chr14	+	69458362	69462381	69458362	69458729	69461696	69462381	4616	230,114,240	0,4,8	143,110,124	12,1,10	198	99	0.0027114813202	0.026382787942	1.0,0.934,0.938	0.856,0.982,0.861	0.058
4663	"RPP30"	"RPP30"	chr10	+	90894774	90895483	90894774	90894891	90895453	90895483	4663	10,2,0	29,36,38	1,0,1	46,23,29	198	99	0.0027317122869	0.0264339939653	0.147,0.027,0.0	0.011,0.0,0.017	0.049
5702	"EWSR1"	"EWSR1"	chr22	+	29288605	29291599	29288605	29288786	29291564	29291599	5702	43,23,52	84,57,62	34,32,33	107,104,102	198	99	0.00272869979525	0.0264339939653	0.204,0.168,0.295	0.137,0.133,0.139	0.086
2293	"CTC1"	"CTC1"	chr17	-	8229890	8230468	8229890	8229922	8230293	8230468	2293	9,4,5	2,0,0	10,8,5	3,0,5	198	99	0.00275454954375	0.0265821557064	0.692,1.0,1.0	0.625,1.0,0.333	0.245
1645	"P4HTM"	"P4HTM"	chr3	+	49004860	49005867	49004860	49005046	49005776	49005867	1645	2,0,6	4,5,5	2,2,1	0,0,2	198	99	0.00276830838177	0.0266421395216	0.2,0.0,0.375	1.0,1.0,0.2	-0.542
2627	"PPP1R7"	"PPP1R7"	chr2	+	241182646	241183652	241182646	241182816	241183378	241183652	2627	37,15,37	1,0,0	67,63,57	4,0,5	198	99	0.0027962675155	0.026765357357	0.949,1.0,1.0	0.893,1.0,0.851	0.068
3968	"SRSF4"	"SRSF4"	chr1	-	29159373	29160517	29159373	29159486	29160374	29160517	3968	12,11,5	172,96,172	3,3,0	104,77,97	198	99	0.00279542930761	0.026765357357	0.034,0.054,0.014	0.014,0.019,0.0	0.023
6171	"RHOT2"	"RHOT2"	chr16	+	670891	671203	670891	671000	671114	671203	6171	78,56,59	8,6,18	51,33,33	0,3,3	198	99	0.00288748323207	0.0275637588532	0.83,0.824,0.621	1.0,0.846,0.846	-0.139
4416	"NELFCD"	"NELFCD"	chr20	+	58994641	58995133	58994641	58994824	58994925	58995133	4416	426,258,502	14,16,23	256,236,271	9,4,3	198	99	0.00292779327822	0.0278732233387	0.938,0.89,0.916	0.934,0.967,0.978	-0.045
4429	"SLC10A3"	"SLC10A3"	chrX	-	154487305	154489082	154487305	154488496	154488583	154489082	4429	270,166,257	54,49,43	193,156,160	25,11,25	185	99	0.00296161958657	0.0281194633865	0.728,0.644,0.762	0.805,0.884,0.774	-0.11
4278	"CCDC157"	"CCDC157"	chr22	+	30370325	30371727	30370325	30370950	30371649	30371727	4278	5,1,1	3,5,12	0,0,0	1,3,1	198	99	0.003017891774	0.0285005180368	0.455,0.091,0.04	0.0,0.0,0.0	0.195
6549	"UQCRC1"	"UQCRC1"	chr3	-	48600679	48601118	48600679	48600840	48600974	48601118	6549	18,4,8	253,131,260	6,5,3	346,279,285	198	99	0.00301557251769	0.0285005180368	0.034,0.015,0.015	0.009,0.009,0.005	0.014
3309	"CNTROB"	"CNTROB"	chr17	+	7944122	7944638	7944122	7944248	7944475	7944638	3309	7,8,11	67,39,57	4,0,2	40,37,30	198	99	0.00302683419099	0.0285087423002	0.05,0.093,0.088	0.048,0.0,0.032	0.05
1588	"PYCR1"	"PYCR1"	chr17	-	81936747	81937257	81936747	81936861	81937227	81937257	1588	32,17,25	8,0,0	6,9,16	0,0,1	198	99	0.00306011416011	0.0287455404615	0.667,1.0,1.0	1.0,1.0,0.889	-0.074
4680	"SNHG5"	"SNHG5"	chr6	-	85677794	85678032	85677794	85677875	85677953	85678032	4680	14,5,27	181,98,153	21,17,20	102,85,93	176	99	0.00308590110798	0.0289108825289	0.042,0.028,0.09	0.104,0.101,0.108	-0.051
1857	"PILRB"	"PILRB"	chr7	+	100353372	100354012	100353372	100353483	100353894	100354012	1857	120,69,132	3,2,5	45,46,39	0,0,0	198	99	0.00311415129715	0.0290215893972	0.952,0.945,0.93	1.0,1.0,1.0	-0.058
3627	"SH3TC2"	"SH3TC2"	chr5	-	149026859	149028718	149026859	149028554	149028676	149028718	3627	3,1,2	25,11,22	4,8,1	5,8,11	198	99	0.00310706335476	0.0290215893972	0.057,0.043,0.043	0.286,0.333,0.043	-0.173
1399	"MUS81"	"MUS81"	chr11	+	65864719	65865323	65864719	65865145	65865219	65865323	1399	44,14,34	311,170,306	5,7,8	141,73,124	172	99	0.00314189813973	0.0292031163935	0.075,0.045,0.06	0.02,0.052,0.036	0.024
1630	"WDR90"	"WDR90"	chr16	+	666454	666792	666454	666598	666672	666792	1630	8,3,0	7,5,9	1,0,2	11,4,17	172	99	0.00317030156453	0.0293128406438	0.397,0.257,0.0	0.05,0.0,0.063	0.18
4032	"METTL17"	"METTL17"	chr14	+	20990229	20990598	20990229	20990383	20990463	20990598	4032	17,8,13	158,93,161	1,1,8	86,73,100	178	99	0.00316728082386	0.0293128406438	0.056,0.046,0.043	0.006,0.008,0.043	0.029
1445	"PTPRM"	"PTPRM"	chr18	+	8376461	8378414	8376461	8376597	8378264	8378414	1445	2,5,3	18,6,21	0,0,2	13,11,9	198	99	0.00327167909857	0.0301712025487	0.053,0.294,0.067	0.0,0.0,0.1	0.105
4414	"NELFCD"	"NELFCD"	chr20	+	58993623	58994239	58993623	58993675	58994109	58994239	4414	174,103,171	16,9,16	115,84,88	1,5,5	198	99	0.00329562715555	0.0303129039412	0.845,0.851,0.842	0.983,0.894,0.898	-0.079
3664	"ACADVL"	"ACADVL"	chr17	+	7223812	7224069	7223812	7223875	7223967	7224069	3664	36,23,19	615,339,611	15,9,21	621,449,541	190	99	0.00354370885093	0.0325100770428	0.03,0.034,0.016	0.012,0.01,0.02	0.013
3154	"PRPF4B"	"PRPF4B"	chr6	+	4060412	4061147	4060412	4060686	4061014	4061147	3154	291,183,241	53,21,24	211,194,213	15,6,24	198	99	0.00355832378377	0.032559584467	0.733,0.813,0.834	0.876,0.942,0.816	-0.085
3623	"RPL3"	"RPL3"	chr22	-	39313190	39314208	39313190	39313310	39314106	39314208	3623	17,10,13	11,4,7	13,15,7	31,13,14	198	99	0.00356892586379	0.0325722122762	0.436,0.556,0.481	0.173,0.366,0.2	0.245
4090	"AUP1"	"AUP1"	chr2	-	74528750	74529282	74528750	74528935	74529131	74529282	4090	104,60,82	392,230,415	70,33,56	366,286,333	198	99	0.00362808606817	0.0330268041051	0.117,0.115,0.09	0.087,0.055,0.078	0.034
5197	"PRPF39"	"PRPF39"	chr14	+	45096423	45096758	45096423	45096492	45096595	45096758	5197	21,10,26	5,5,6	10,4,16	0,0,3	198	99	0.00385975762953	0.0350454086054	0.677,0.5,0.684	1.0,1.0,0.727	-0.289
1213	"ABCC3"	"ABCC3"	chr17	+	50677743	50678219	50677743	50677943	50678092	50678219	1213	13,9,5	12,6,37	3,2,2	27,5,13	198	99	0.0039656211705	0.0359142922416	0.351,0.429,0.063	0.053,0.167,0.071	0.184
623	"SPNS2"	"SPNS2"	chr17	+	4536075	4536426	4536075	4536174	4536262	4536426	623	18,8,20	58,39,57	1,5,0	12,15,24	186	99	0.00399048258646	0.0360470191698	0.142,0.098,0.157	0.042,0.151,0.0	0.068
2326	"PRMT5"	"PRMT5"	chr14	-	22928125	22928615	22928125	22928211	22928496	22928615	2326	22,22,16	204,130,213	13,8,8	184,148,179	198	99	0.0041385554453	0.0372206755048	0.051,0.078,0.036	0.034,0.026,0.022	0.028
4352	"JTB"	"JTB"	chr1	-	153976692	153977013	153976692	153976775	153976975	153977013	4352	87,52,69	604,383,610	46,30,28	475,329,406	198	99	0.00414148512836	0.0372206755048	0.067,0.064,0.054	0.046,0.044,0.033	0.021
517	"TTC3"	"TTC3"	chr21	+	37087832	37088346	37087832	37087875	37088195	37088346	517	5,3,2	51,22,33	3,10,6	28,19,14	198	99	0.00416274961983	0.0373168316174	0.047,0.064,0.029	0.051,0.208,0.176	-0.098
3160	"KDM3A"	"KDM3A"	chr2	+	86482457	86484158	86482457	86482694	86483986	86484158	3160	6,1,4	40,14,39	0,1,1	29,20,38	198	99	0.00420070779973	0.0374747716618	0.07,0.034,0.049	0.0,0.024,0.013	0.039
3389	"ARSA"	"ARSA"	chr22	-	50627555	50628170	50627555	50627792	50627945	50628170	3389	46,17,41	2,3,2	26,13,17	0,0,1	198	99	0.00420701779633	0.0374747716618	0.92,0.739,0.911	1.0,1.0,0.895	-0.108
4832	"DCAF15"	"DCAF15"	chr19	+	13960286	13960580	13960286	13960391	13960464	13960580	4832	19,9,23	111,46,79	3,0,9	38,36,50	171	99	0.00421219828701	0.0374747716618	0.09,0.102,0.144	0.044,0.0,0.094	0.066
5180	"RNF167"	"RNF167"	chr17	+	4940486	4940993	4940486	4940726	4940872	4940993	5180	455,273,445	31,6,16	335,237,295	12,5,2	198	99	0.0042660870443	0.0378588428152	0.88,0.958,0.933	0.933,0.96,0.987	-0.036
2741	"EIF3G"	"EIF3G"	chr19	-	10118867	10119171	10118867	10118956	10119066	10119171	2741	14,8,11	27,5,32	9,13,8	3,1,7	198	99	0.0042965764764	0.0380338549239	0.206,0.444,0.147	0.6,0.867,0.364	-0.345
4547	"TNFRSF10B"	"TNFRSF10B"	chr8	-	23028330	23028602	23028330	23028441	23028528	23028602	4547	118,77,107	20,12,23	43,22,34	21,7,11	185	99	0.00435695140805	0.0384718809331	0.759,0.774,0.713	0.523,0.627,0.623	0.158
2227	"ATXN2L"	"ATXN2L"	chr16	+	28835277	28835758	28835277	28835399	28835548	28835758	2227	6,4,5	210,105,236	8,11,3	93,93,108	198	99	0.00444078883436	0.0391143794588	0.014,0.019,0.01	0.041,0.056,0.014	-0.023
1733	"POLRMT"	"POLRMT"	chr19	-	617569	618586	617569	617655	618487	618586	1733	8,3,6	0,0,0	2,0,0	0,1,1	198	99	0.00446749590327	0.039251730175	1.0,1.0,1.0	1.0,0.0,0.0	0.667
538	"TTC19"	"TTC19"	chr17	+	16026539	16028786	16026539	16026702	16027373	16028786	538	16,14,12	164,106,181	12,4,1	134,116,145	198	99	0.00452181650289	0.0395942588898	0.047,0.062,0.032	0.043,0.017,0.003	0.026
5075	"ILF3"	"ILF3"	chr19	+	10683916	10685765	10683916	10683970	10684415	10685765	5075	25,7,21	359,202,309	13,7,3	266,226,271	198	99	0.00452890163972	0.0395942588898	0.034,0.017,0.033	0.024,0.015,0.006	0.013
5417	"HAUS5"	"HAUS5"	chr19	+	35619612	35620123	35619612	35619758	35620011	35620123	5417	40,17,27	12,15,24	5,3,4	10,10,4	198	99	0.00480785376641	0.0419292333406	0.625,0.362,0.36	0.2,0.13,0.333	0.228
3726	"SLC6A9"	"SLC6A9"	chr1	-	44000766	44001055	44000766	44000867	44000955	44001055	3726	38,4,21	439,244,528	1,1,1	49,43,65	186	99	0.00490987336151	0.0427134795883	0.044,0.009,0.021	0.011,0.012,0.008	0.014
5360	"SMOX"	"SMOX"	chr20	+	4182088	4182848	4182088	4182323	4182482	4182848	5360	81,64,63	17,12,20	30,26,13	1,0,4	198	99	0.00498330736489	0.0432458024884	0.704,0.727,0.612	0.938,1.0,0.619	-0.171
3089	"DOCK6"	"DOCK6"	chr19	-	11202393	11202715	11202393	11202483	11202583	11202715	3089	7,1,3	40,9,27	1,1,1	20,19,40	198	99	0.00500766654219	0.043350681929	0.08,0.053,0.053	0.024,0.026,0.012	0.041
3986	"FAHD2B"	"FAHD2B"	chr2	-	97085698	97086198	97085698	97085861	97086138	97086198	3986	8,4,11	23,19,9	3,1,3	16,18,17	198	99	0.00520751205287	0.044970495283	0.148,0.095,0.379	0.086,0.027,0.081	0.143
3473	"HLA-A"	"HLA-A"	chr6	+	29944499	29945091	29944499	29944616	29945058	29945091	3473	11,3,16	2,1,2	8,1,11	0,0,1	198	99	0.00533252793675	0.0459377772502	0.733,0.6,0.8	1.0,1.0,0.846	-0.238
1580	"ZFYVE19"	"ZFYVE19"	chr15	+	40813337	40813811	40813337	40813417	40813712	40813811	1580	5,5,10	80,27,68	1,3,0	39,19,38	198	99	0.00536817707897	0.0461323636081	0.03,0.085,0.068	0.013,0.073,0.0	0.032
314	"NEK8"	"NEK8"	chr17	+	28737305	28737736	28737305	28737514	28737674	28737736	314	6,3,5	2,0,4	0,4,4	1,0,0	198	99	0.0054553592614	0.0463180983444	0.6,1.0,0.385	0.0,1.0,1.0	-0.005
2030	"CCNDBP1"	"CCNDBP1"	chr15	+	43185819	43186233	43185819	43185879	43186153	43186233	2030	7,3,4	36,30,51	1,1,1	27,17,34	198	99	0.005430666459	0.0463180983444	0.089,0.048,0.038	0.018,0.029,0.014	0.038
2760	"PTBP1"	"PTBP1"	chr19	+	804291	804702	804291	804438	804540	804702	2760	55,29,46	3,5,0	42,26,43	0,0,2	198	99	0.00544617932299	0.0463180983444	0.902,0.744,1.0	1.0,1.0,0.915	-0.09
4524	"SLC25A11"	"SLC25A11"	chr17	-	4938153	4938429	4938153	4938253	4938338	4938429	4524	10,12,12	104,60,93	6,7,1	87,75,81	183	99	0.00542205541803	0.0463180983444	0.049,0.098,0.065	0.036,0.048,0.007	0.04
5446	"FBXW5"	"FBXW5"	chr9	-	136942546	136942943	136942546	136942695	136942768	136942943	5446	41,25,51	218,115,156	25,8,22	144,135,105	171	99	0.005442964209	0.0463180983444	0.098,0.112,0.159	0.091,0.033,0.108	0.046
5871	"POLR2G"	"POLR2G"	chr11	+	62761794	62762866	62761794	62761904	62762541	62762866	5871	24,10,24	50,32,37	26,10,23	10,10,28	198	99	0.00548810477143	0.0464843790232	0.194,0.135,0.245	0.565,0.333,0.291	-0.205
4683	"RPL28"	"RPL28"	chr19	+	55386569	55388048	55386569	55386674	55387929	55388048	4683	490,256,429	30,0,0	511,370,440	13,0,0	198	99	0.00550764094157	0.0465382483388	0.891,1.0,1.0	0.952,1.0,1.0	-0.02
926	"RRNAD1"	"RRNAD1"	chr1	+	156731990	156732473	156731990	156732115	156732280	156732473	926	11,8,11	26,15,33	15,5,13	9,8,11	198	99	0.00566236612039	0.0477314490148	0.175,0.211,0.143	0.455,0.238,0.371	-0.178
4282	"FBXL6"	"FBXL6"	chr8	-	144356299	144356713	144356299	144356531	144356599	144356713	4282	24,14,23	80,36,66	13,3,8	53,42,48	166	99	0.00568726494442	0.0478271899612	0.152,0.188,0.172	0.128,0.041,0.09	0.084
3923	"BRAT1"	"BRAT1"	chr7	-	2537880	2539351	2537880	2538764	2539178	2539351	3923	5,1,10	108,56,114	15,7,5	69,63,60	198	99	0.00577988163091	0.0484905983857	0.023,0.009,0.042	0.098,0.053,0.04	-0.039
5640	"SUN1"	"SUN1"	chr7	+	852608	852952	852608	852667	852809	852952	5640	27,12,31	208,115,210	19,18,15	279,193,234	198	99	0.00591517168326	0.0495080246097	0.061,0.05,0.069	0.033,0.045,0.031	0.024
