"ID"	"GeneID"	"geneSymbol"	"chr"	"strand"	"exonStart_0base"	"exonEnd"	"upstreamES"	"upstreamEE"	"downstreamES"	"downstreamEE"	"ID.1"	"IJC_SAMPLE_1"	"SJC_SAMPLE_1"	"IJC_SAMPLE_2"	"SJC_SAMPLE_2"	"IncFormLen"	"SkipFormLen"	"PValue"	"FDR"	"IncLevel1"	"IncLevel2"	"IncLevelDifference"
15746	"EP400"	"EP400"	chr12	+	131963531	131963642	131960584	131961954	131979696	131979793	15746	18,12,18	14,10,16	2,5,2	4,7,1	198	99	0.198703319406	1	0.391,0.375,0.36	0.2,0.263,0.5	0.054
15750	"EP400"	"EP400"	chr12	+	132025645	132025804	132023776	132023941	132027436	132027531	15750	67,31,66	0,0,0	38,28,21	0,1,0	198	99	1	1	1.0,1.0,1.0	1.0,0.933,1.0	0.022
19430	"MDM4"	"MDM4"	chr1	+	204537429	204537497	204532190	204532246	204538208	204538308	19430	8,4,7	15,7,9	0,5,2	8,6,4	166	99	0.192784344701	1	0.241,0.254,0.317	0.0,0.332,0.23	0.083
57370	"ATR"	"ATR"	chr3	-	142461939	142462090	142459226	142459383	142465096	142465240	57370	77,28,39	0,0,0	86,73,75	0,0,1	198	99	1	1	1.0,1.0,1.0	1.0,1.0,0.974	0.009
57374	"ATR"	"ATR"	chr3	-	142505138	142505303	142503361	142503453	142507930	142508109	57374	59,41,66	1,0,0	91,69,89	0,0,0	198	99	1	1	0.967,1.0,1.0	1.0,1.0,1.0	-0.011
57378	"ATR"	"ATR"	chr3	-	142542664	142542757	142538481	142538625	142547724	142547910	57378	16,7,23	0,0,0	32,22,30	0,0,1	191	99	1	1	1.0,1.0,1.0	1.0,1.0,0.94	0.02
57382	"ATR"	"ATR"	chr3	-	142562231	142563109	142561242	142561421	142566120	142566261	57382	34,21,36	15,4,11	60,57,82	0,4,0	198	99	8.47026893069e-11	4.32636470135e-08	0.531,0.724,0.621	1.0,0.877,1.0	-0.334
79027	"TMPO"	"TMPO"	chr12	+	98544229	98544349	98537474	98537572	98544441	98544537	79027	504,290,451	17,2,11	555,408,553	5,7,8	198	99	0.0425692349024	0.421408176379	0.937,0.986,0.953	0.982,0.967,0.972	-0.015
79031	"TMPO"	"TMPO"	chr12	+	98544950	98545061	98537474	98537572	98546358	98546447	79031	194,93,164	21,10,10	197,135,166	25,13,7	198	99	0.892693722622	1	0.822,0.823,0.891	0.798,0.839,0.922	-0.008
