"ID"	"GeneID"	"geneSymbol"	"chr"	"strand"	"exonStart_0base"	"exonEnd"	"upstreamES"	"upstreamEE"	"downstreamES"	"downstreamEE"	"ID.1"	"IJC_SAMPLE_1"	"SJC_SAMPLE_1"	"IJC_SAMPLE_2"	"SJC_SAMPLE_2"	"IncFormLen"	"SkipFormLen"	"PValue"	"FDR"	"IncLevel1"	"IncLevel2"	"IncLevelDifference"
34576	"DDX49"	"DDX49"	chr19	+	18920844	18920909	18920579	18920703	18921662	18921748	34576	35,30,36	195,144,213	3,3,0	171,99,127	163	99	1.11022302463e-16	1.16623691836e-13	0.098,0.112,0.093	0.011,0.018,0.0	0.091
7262	"HNRNPC"	"HNRNPC"	chr14	-	21262600	21262768	21233952	21234229	21263310	21263336	7262	51,47,41	792,473,859	21,16,13	1200,1054,1244	198	99	2.22044604925e-16	2.28927987678e-13	0.031,0.047,0.023	0.009,0.008,0.005	0.026
22327	"TCEA1"	"TCEA1"	chr8	-	54010429	54010492	53999624	54000050	54022062	54022148	22327	94,67,335	12,13,20	8,0,0	10,11,9	161	99	5.55111512313e-16	5.61914151573e-13	0.828,0.76,0.912	0.33,0.0,0.0	0.723
54525	"NDUFS4"	"NDUFS4"	chr5	+	53604806	53604895	53603451	53603530	53646232	53646405	54525	30,21,29	103,47,56	4,2,4	88,70,89	187	99	1.33226762955e-15	1.32451192871e-12	0.134,0.191,0.215	0.023,0.015,0.023	0.16
30276	"CTNNA1"	"CTNNA1"	chr5	+	138783176	138783372	138781922	138782029	138824529	138824588	30276	299,155,356	20,4,23	68,28,60	30,28,22	198	99	1.88737914186e-15	1.84347274288e-12	0.882,0.951,0.886	0.531,0.333,0.577	0.426
44302	"EIF4A1"	"EIF4A1"	chr17	+	7573399	7573547	7572825	7572864	7574259	7574308	44302	46,28,30	585,322,523	7,8,1	629,574,639	198	99	2.44249065418e-15	2.34453835657e-12	0.038,0.042,0.028	0.006,0.007,0.001	0.031
25617	"SOBP"	"SOBP"	chr6	+	107587079	107587175	107533458	107533610	107633513	107635469	25617	3,3,11	1,0,0	0,0,0	2,2,3	194	99	2.6645352591e-15	2.51432772907e-12	0.605,1.0,1.0	0.0,0.0,0.0	0.868
42896	"HBS1L"	"HBS1L"	chr6	-	135037810	135038026	135002620	135002842	135039572	135039767	42896	35,12,33	207,140,196	1,5,1	200,159,181	198	99	3.5527136788e-15	3.29656302256e-12	0.078,0.041,0.078	0.002,0.015,0.003	0.059
55588	"HNRNPH3"	"HNRNPH3"	chr10	+	68337857	68337996	68337198	68337333	68338502	68338642	55588	1454,883,1628	249,122,225	1812,1415,1727	137,75,106	198	99	4.66293670343e-15	4.25580882011e-12	0.745,0.783,0.783	0.869,0.904,0.891	-0.118
38060	"UPP1"	"UPP1"	chr7	+	48101823	48101870	48094762	48094827	48106872	48107082	38060	88,44,94	181,77,177	21,14,14	144,99,131	145	99	7.21644966006e-15	6.48013900604e-12	0.249,0.281,0.266	0.091,0.088,0.068	0.183
47363	"HNRNPA2B1"	"HNRNPA2B1"	chr7	-	26190992	26191128	26190124	26190460	26192494	26192577	47363	317,158,273	50,28,51	442,347,457	191,181,224	198	99	7.88258347484e-15	6.96595162505e-12	0.76,0.738,0.728	0.536,0.489,0.505	0.232
66425	"PSMD13"	"PSMD13"	chr11	+	244040	244075	238997	239076	244160	244216	66425	193,112,192	53,20,35	326,273,317	19,8,16	133	99	9.32587340685e-15	8.11263556333e-12	0.731,0.807,0.803	0.927,0.962,0.936	-0.161
77450	"FKBP7"	"FKBP7"	chr2	-	178473028	178473142	178469651	178469785	178478278	178478553	77450	4,2,1	0,0,0	2,0,0	6,1,1	198	99	1.72084568817e-14	1.47394404374e-11	1.0,1.0,1.0	0.143,0.0,0.0	0.952
20172	"DDX39A"	"DDX39A"	chr19	-	14410420	14410605	14409741	14410334	14410988	14411172	20172	44,35,41	286,191,307	15,11,22	491,348,428	198	99	3.75255382323e-14	3.16544972052e-11	0.071,0.084,0.063	0.015,0.016,0.025	0.054
31765	"VAPB"	"VAPB"	chr20	+	58434601	58434705	58418210	58418363	58438944	58439025	31765	236,124,213	16,16,41	192,146,184	2,2,1	198	99	3.9857006584e-14	3.31193878292e-11	0.881,0.795,0.722	0.98,0.973,0.989	-0.181
54524	"NDUFS4"	"NDUFS4"	chr5	+	53604723	53604895	53603451	53603530	53646232	53646405	54524	46,36,57	103,47,56	9,10,9	88,70,89	198	99	4.94049245958e-14	4.04495554698e-11	0.183,0.277,0.337	0.049,0.067,0.048	0.211
20173	"DDX39A"	"DDX39A"	chr19	-	14410547	14410605	14409772	14410334	14410988	14411172	20173	60,39,32	286,191,307	18,17,22	491,348,428	156	99	1.16795462191e-13	9.42387037974e-11	0.117,0.115,0.062	0.023,0.03,0.032	0.07
20780	"RAB5A"	"RAB5A"	chr3	+	19970547	19970717	19950805	19951061	19975600	19975752	20780	24,17,41	142,67,143	3,2,0	73,89,79	198	99	1.6364687383e-13	1.30155372194e-10	0.078,0.113,0.125	0.02,0.011,0.0	0.095
46966	"AP1G2"	"AP1G2"	chr14	-	23565815	23565892	23565605	23565701	23566063	23566160	46966	123,47,94	14,7,18	164,83,130	0,3,0	175	99	1.87516668859e-13	1.47039479184e-10	0.833,0.792,0.747	1.0,0.94,1.0	-0.189
12149	"BIRC5"	"BIRC5"	chr17	+	78222827	78222992	78216663	78216781	78223464	78223554	12149	86,52,80	412,217,311	27,16,31	363,294,344	198	99	1.97619698383e-13	1.52809431775e-10	0.095,0.107,0.114	0.036,0.026,0.043	0.07
77788	"MGST1"	"MGST1"	chr12	+	16357604	16357699	16354230	16354378	16363794	16363806	77788	1734,1000,2020	119,75,100	1779,1433,1830	50,36,34	193	99	4.08229006155e-13	3.11338927242e-10	0.882,0.872,0.912	0.948,0.953,0.965	-0.067
8022	"CD59"	"CD59"	chr11	-	33702667	33702737	33698261	33698514	33710205	33710343	8022	52,12,3	2,0,0	0,0,0	1,2,1	168	99	4.14113188185e-13	3.11558616743e-10	0.939,1.0,1.0	0.0,0.0,0.0	0.98
4104	"PMF1-BGLAP"	"PMF1-BGLAP"	chr1	+	156232319	156232425	156212981	156213176	156233627	156233728	4104	453,236,499	29,10,25	390,304,402	4,0,2	198	99	4.53304060954e-13	3.36496670527e-10	0.886,0.922,0.909	0.98,1.0,0.99	-0.084
48812	"HNRNPD"	"HNRNPD"	chr4	-	82354894	82355001	82353833	82354154	82355303	82355401	48812	36,16,25	306,153,274	10,6,0	337,304,324	198	99	4.77062833681e-13	3.49473634242e-10	0.056,0.05,0.044	0.015,0.01,0.0	0.042
42010	"DONSON"	"DONSON"	chr21	-	33583487	33583666	33581950	33582055	33584589	33584726	42010	165,103,143	195,106,173	190,143,149	27,47,53	198	99	6.01962923952e-13	4.35242647118e-10	0.297,0.327,0.292	0.779,0.603,0.584	-0.35
35994	"EIF4A2"	"EIF4A2"	chr3	+	186784961	186785101	186784563	186784696	186785882	186785913	35994	1760,1067,1889	325,213,333	1525,1140,1529	130,116,122	198	99	7.59503571146e-13	5.42110279743e-10	0.73,0.715,0.739	0.854,0.831,0.862	-0.121
8334	"NSFL1C"	"NSFL1C"	chr20	-	1463334	1463441	1458199	1458274	1464328	1464426	8334	30,17,37	249,134,226	2,5,0	186,130,129	198	99	1.06548103673e-12	7.50880901758e-10	0.057,0.06,0.076	0.005,0.019,0.0	0.056
11137	"RIOK1"	"RIOK1"	chr6	+	7398697	7398740	7396702	7396772	7400957	7401050	11137	465,231,450	35,10,38	364,329,320	3,4,4	141	99	1.09678932603e-12	7.63283111717e-10	0.903,0.942,0.893	0.988,0.983,0.983	-0.072
70561	"KIAA0355"	"KIAA0355"	chr19	+	34300754	34300968	34299678	34299923	34319906	34320016	70561	35,17,17	55,29,21	13,7,16	0,1,1	198	99	1.11499698363e-12	7.66374593415e-10	0.241,0.227,0.288	1.0,0.778,0.889	-0.637
24101	"MAP4"	"MAP4"	chr3	-	47909037	47912421	47877416	47877523	47914816	47914939	24101	29,10,36	385,202,411	64,37,57	236,202,216	198	99	1.41708866863e-12	9.62134079723e-10	0.036,0.024,0.042	0.119,0.084,0.117	-0.073
66952	"HMGN1"	"HMGN1"	chr21	-	39345829	39347292	39345145	39345274	39347378	39347483	66952	418,235,369	85,61,113	139,126,135	95,74,100	198	99	1.47115652993e-12	9.86809260811e-10	0.711,0.658,0.62	0.422,0.46,0.403	0.235
66950	"HMGN1"	"HMGN1"	chr21	-	39345829	39345958	39345145	39345274	39347378	39347478	66950	446,244,398	85,61,113	148,134,153	95,74,100	198	99	2.26141327886e-12	1.49883241532e-09	0.724,0.667,0.638	0.438,0.475,0.433	0.228
20234	"RPTOR"	"RPTOR"	chr17	+	80925369	80925480	80923489	80923673	80940495	80940601	20234	178,116,188	1,0,2	73,55,71	8,4,17	198	99	2.90412138781e-12	1.90216534288e-09	0.989,1.0,0.979	0.82,0.873,0.676	0.2
33983	"LUC7L"	"LUC7L"	chr16	-	228332	228402	227241	227336	229278	229374	33983	45,25,46	43,19,25	12,6,6	38,29,48	168	99	3.80717679604e-12	2.46466001096e-09	0.381,0.437,0.52	0.157,0.109,0.069	0.334
57012	"SREBF1"	"SREBF1"	chr17	-	17823517	17823607	17820089	17820521	17836726	17836987	57012	18,22,20	63,55,70	51,61,54	45,44,46	188	99	6.77780054303e-12	4.33732491302e-09	0.131,0.174,0.131	0.374,0.422,0.382	-0.247
10947	"RP11-421L21.3"	"RP11-421L21.3"	chr1	+	101077362	101077508	101025877	101026061	101083460	101083574	10947	3,5,2	7,2,3	1,3,1	0,0,0	198	99	8.20432610737e-12	5.13222080564e-09	0.176,0.556,0.25	1.0,1.0,1.0	-0.673
38064	"UPP1"	"UPP1"	chr7	+	48103296	48103411	48101823	48101870	48106872	48107082	38064	170,96,145	101,51,115	117,112,92	23,20,18	198	99	8.17712564327e-12	5.13222080564e-09	0.457,0.485,0.387	0.718,0.737,0.719	-0.282
9801	"TPM3"	"TPM3"	chr1	-	154176114	154176248	154173083	154173201	154182987	154183119	9801	1136,634,1099	33,39,55	1714,1384,1638	26,21,20	198	99	9.68669588985e-12	5.99219007746e-09	0.945,0.89,0.909	0.971,0.971,0.976	-0.058
73365	"ZNF415"	"ZNF415"	chr19	-	53122403	53122612	53116312	53116433	53132748	53132888	73365	2,4,1	4,2,3	2,1,3	0,0,0	198	99	1.15463194561e-11	7.06406361977e-09	0.2,0.5,0.143	1.0,1.0,1.0	-0.719
72447	"GALNT11"	"GALNT11"	chr7	+	152079286	152079408	152027596	152027718	152094189	152094522	72447	5,3,2	4,7,13	4,2,4	0,0,0	198	99	1.24997789896e-11	7.56426842899e-09	0.385,0.176,0.071	1.0,1.0,1.0	-0.789
33195	"SNHG16"	"SNHG16"	chr17	+	76558944	76559043	76557791	76557857	76561287	76561398	33195	1031,654,1168	161,89,172	789,653,647	221,224,188	197	99	1.32158728405e-11	7.82745217577e-09	0.763,0.787,0.773	0.642,0.594,0.634	0.151
65298	"SHMT2"	"SHMT2"	chr12	+	57231480	57231560	57230702	57231000	57231712	57231890	65298	2025,1012,1968	82,60,84	736,541,631	11,6,6	178	99	1.31048505381e-11	7.82745217577e-09	0.932,0.904,0.929	0.974,0.98,0.983	-0.057
68744	"METTL13"	"METTL13"	chr1	+	171790451	171790616	171787734	171787930	171792016	171792235	68744	555,310,598	2,0,1	210,178,193	7,12,9	198	99	1.41754386007e-11	8.30740388058e-09	0.993,1.0,0.997	0.938,0.881,0.915	0.085
54918	"ENAH"	"ENAH"	chr1	-	225504990	225505053	225500991	225501070	225507950	225508017	54918	717,404,673	272,114,217	678,556,565	105,88,84	161	99	1.69474434486e-11	9.82845798497e-09	0.618,0.685,0.656	0.799,0.795,0.805	-0.147
44264	"FANK1"	"FANK1"	chr10	+	125980160	125980338	125896538	125896655	125988550	125988675	44264	0,2,3	4,2,2	2,1,4	0,0,0	198	99	1.73951963944e-11	9.9841254027e-09	0.0,0.333,0.429	1.0,1.0,1.0	-0.746
18299	"CEP57L1"	"CEP57L1"	chr6	+	109129303	109129492	109106034	109106090	109140420	109140675	18299	2,1,1	0,0,0	1,4,0	1,3,4	198	99	1.78921322203e-11	1.01645568289e-08	1.0,1.0,1.0	0.333,0.4,0.0	0.756
55872	"EIF3I"	"EIF3I"	chr1	+	32226402	32226530	32224409	32224475	32228498	32228609	55872	869,515,978	128,66,109	841,629,748	34,46,34	198	99	2.17984519324e-11	1.22586566958e-08	0.772,0.796,0.818	0.925,0.872,0.917	-0.109
64035	"ANXA2"	"ANXA2"	chr15	-	60397257	60397338	60395644	60396427	60397942	60397964	64035	405,231,319	17,16,26	364,332,299	71,50,67	179	99	2.22273310868e-11	1.23748443093e-08	0.929,0.889,0.872	0.739,0.786,0.712	0.151
68176	"MIR4435-2HG"	"MIR4435-2HG"	chr2	-	111248147	111248241	111233627	111233739	111344060	111344237	68176	75,45,81	34,16,21	32,19,18	0,1,0	192	99	4.31844560111e-11	2.38044693462e-08	0.532,0.592,0.665	1.0,0.907,1.0	-0.373
43735	"HNRNPH1"	"HNRNPH1"	chr5	-	179619268	179619407	179618144	179618323	179620891	179621035	43735	1167,625,1126	158,75,148	1199,971,1231	57,58,84	198	99	4.48222570171e-11	2.44650425213e-08	0.787,0.806,0.792	0.913,0.893,0.88	-0.1
